1 29 7.85
1 122 6.35
1 36 6.1
1 46 5.57
1 98 5.2
1 55 4.74
1 11 4.55
1 33 4.53
1 216 4.52
1 141 4.51
1 31 4.39
1 217 4.28
1 231 4.28
1 3 4.09
1 145 4.03
1 123 3.94
1 94 3.91
1 237 3.89
1 150 3.88
1 20 3.85
1 28 3.81
1 147 3.75
1 41 3.72
1 52 3.63
1 100 3.62
1 101 3.56
1 135 3.5
1 37 3.47
1 234 3.47
1 83 3.46
1 149 3.44
1 120 3.37
1 127 3.33
1 2 3.28
1 23 3.28
1 80 3.26
1 191 3.16
1 57 3.13
1 176 3.12
1 24 3.11
1 22 3.09
1 99 3.09
1 32 3.08
1 146 3.08
1 4 3.01
1 131 2.98
1 90 2.97
1 9 2.96
1 152 2.96
1 132 2.94
1 160 2.91
1 190 2.91
1 14 2.9
1 26 2.89
1 40 2.89
1 140 2.89
1 27 2.86
1 218 2.86
1 106 2.85
1 130 2.82
1 6 2.81
1 53 2.8
1 232 2.8
1 139 2.79
1 125 2.78
1 56 2.77
1 7 2.77
1 168 2.77
1 76 2.76
1 79 2.76
1 44 2.75
1 16 2.73
1 239 2.69
1 39 2.62
1 133 2.62
1 8 2.57
1 182 2.57
1 110 2.55
1 108 2.55
1 194 2.54
1 219 2.54
1 103 2.53
1 75 2.53
1 153 2.53
1 60 2.52
1 136 2.5
1 229 2.49
1 87 2.47
1 91 2.47
1 42 2.46
1 66 2.45
1 173 2.45
1 111 2.44
1 95 2.44
1 226 2.43
1 17 2.42
1 58 2.41
1 64 2.41
1 221 2.4
1 86 2.39
1 240 2.39
1 43 2.38
1 198 2.37
1 89 2.34
1 213 2.34
1 70 2.33
1 129 2.33
1 13 2.32
1 124 2.32
1 181 2.32
1 163 2.31
1 175 2.3
1 185 2.3
1 92 2.29
1 210 2.27
1 225 2.27
1 77 2.26
1 212 2.26
1 48 2.25
1 121 2.24
1 242 2.24
1 25 2.23
1 35 2.23
1 38 2.21
1 144 2.21
1 143 2.21
1 45 2.19
1 215 2.19
1 118 2.18
1 1 2.17
1 119 2.13
1 67 2.12
1 15 2.11
1 68 2.11
1 243 2.11
1 126 2.1
1 172 2.1
1 174 2.1
1 183 2.09
1 207 2.07
1 10 2.05
1 102 2.05
1 177 2.05
1 61 2.04
1 220 2.04
1 5 2.03
1 214 2.01
1 104 1.99
1 137 1.95
1 179 1.95
1 197 1.95
1 227 1.95
1 223 1.94
1 12 1.93
1 142 1.92
1 188 1.92
1 18 1.91
1 51 1.9
1 97 1.9
1 96 1.89
1 54 1.86
1 209 1.85
1 184 1.85
1 186 1.85
1 156 1.84
1 233 1.84
1 222 1.84
1 187 1.83
1 93 1.81
1 192 1.81
1 107 1.79
1 78 1.78
1 245 1.78
1 235 1.75
1 180 1.74
1 49 1.73
1 19 1.72
1 34 1.72
1 81 1.72
1 50 1.71
1 128 1.71
1 169 1.67
1 171 1.65
1 30 1.63
1 148 1.62
1 189 1.61
1 85 1.59
1 116 1.56
1 228 1.56
1 109 1.52
1 47 1.52
1 82 1.5
1 244 1.5
1 63 1.49
1 224 1.49
1 59 1.48
1 69 1.47
1 193 1.46
1 208 1.44
1 161 1.43
1 238 1.43
1 65 1.42
1 134 1.41
1 170 1.39
1 236 1.38
1 73 1.32
1 159 1.29
1 21 1.27
1 178 1.27
1 206 1.25
1 204 1.25
1 230 1.21
1 151 1.19
1 166 1.18
1 62 1.13
2 122 7.17
2 29 7.16
2 141 6.33
2 36 5.92
2 46 5.2
2 93 5.0
2 231 4.71
2 216 4.6
2 11 4.52
2 98 4.26
2 123 4.24
2 3 4.15
2 55 4.08
2 56 4.06
2 144 4.04
2 135 4.02
2 41 4.0
2 176 4.0
2 232 4.0
2 28 3.95
2 37 3.94
2 118 3.93
2 191 3.92
2 146 3.91
2 96 3.89
2 94 3.86
2 182 3.83
2 217 3.77
2 100 3.7
2 127 3.7
2 20 3.69
2 242 3.69
2 17 3.59
2 133 3.57
2 190 3.57
2 150 3.56
2 42 3.55
2 6 3.52
2 125 3.47
2 138 3.47
2 237 3.47
2 143 3.37
2 163 3.36
2 137 3.36
2 194 3.36
2 87 3.31
2 149 3.31
2 139 3.28
2 90 3.25
2 124 3.25
2 43 3.2
2 101 3.2
2 99 3.19
2 145 3.19
2 175 3.17
2 45 3.15
2 120 3.14
2 147 3.13
2 157 3.13
2 31 3.11
2 33 3.1
2 16 3.1
2 92 3.05
2 109 3.05
2 234 3.01
2 218 3.0
2 168 2.97
2 30 2.96
2 225 2.96
2 226 2.94
2 136 2.9
2 213 2.9
2 32 2.87
2 230 2.87
2 215 2.85
2 129 2.84
2 131 2.83
2 140 2.8
2 57 2.78
2 95 2.78
2 77 2.77
2 15 2.76
2 65 2.75
2 8 2.75
2 81 2.71
2 22 2.7
2 82 2.68
2 80 2.68
2 130 2.68
2 148 2.68
2 184 2.68
2 119 2.67
2 21 2.65
2 39 2.65
2 108 2.65
2 69 2.64
2 106 2.61
2 128 2.61
2 240 2.6
2 23 2.59
2 2 2.57
2 132 2.57
2 51 2.56
2 105 2.56
2 12 2.55
2 54 2.55
2 224 2.55
2 44 2.54
2 209 2.54
2 1 2.52
2 110 2.52
2 7 2.52
2 198 2.51
2 78 2.49
2 155 2.47
2 189 2.47
2 207 2.47
2 186 2.46
2 212 2.46
2 34 2.45
2 121 2.45
2 222 2.45
2 76 2.44
2 229 2.44
2 177 2.43
2 83 2.42
2 53 2.41
2 188 2.41
2 159 2.4
2 102 2.38
2 185 2.37
2 200 2.37
2 85 2.33
2 126 2.33
2 4 2.32
2 13 2.32
2 58 2.32
2 236 2.32
2 52 2.31
2 48 2.27
2 187 2.27
2 5 2.26
2 47 2.26
2 19 2.25
2 219 2.25
2 233 2.23
2 84 2.22
2 211 2.21
2 221 2.21
2 172 2.2
2 173 2.2
2 179 2.2
2 238 2.2
2 89 2.17
2 66 2.17
2 183 2.17
2 35 2.16
2 62 2.15
2 103 2.14
2 169 2.13
2 192 2.13
2 197 2.12
2 10 2.1
2 9 2.09
2 152 2.09
2 40 2.08
2 142 2.06
2 27 2.05
2 220 2.05
2 71 2.04
2 72 2.03
2 208 2.02
2 60 2.01
2 153 2.01
2 171 1.99
2 107 1.95
2 181 1.95
2 193 1.93
2 97 1.92
2 134 1.91
2 14 1.9
2 61 1.9
2 67 1.9
2 210 1.89
2 18 1.88
2 223 1.88
2 178 1.86
2 111 1.85
2 160 1.85
2 49 1.81
2 180 1.81
2 227 1.8
2 174 1.75
2 235 1.75
2 117 1.74
2 104 1.74
2 26 1.73
2 73 1.73
2 199 1.73
2 245 1.7
2 113 1.64
2 151 1.64
2 24 1.62
2 156 1.62
2 38 1.61
2 170 1.61
2 64 1.57
2 196 1.57
2 59 1.55
2 205 1.54
2 206 1.53
2 228 1.53
2 239 1.51
2 63 1.47
2 70 1.43
2 164 1.4
2 214 1.38
2 161 1.37
2 74 1.36
2 88 1.32
2 204 1.32
2 25 1.26
2 86 1.25
2 202 1.24
2 114 1.23
2 244 1.23
2 91 1.21
2 68 1.21
2 75 1.19
2 116 1.19
2 243 1.19
3 141 7.04
3 122 6.84
3 127 5.8
3 120 5.6
3 125 5.48
3 118 5.36
3 232 5.18
3 123 5.14
3 36 5.07
3 163 5.05
3 100 5.03
3 145 5.03
3 164 4.98
3 214 4.93
3 35 4.91
3 31 4.74
3 44 4.68
3 94 4.65
3 225 4.62
3 230 4.6
3 95 4.52
3 99 4.49
3 139 4.35
3 218 4.33
3 135 4.31
3 98 4.27
3 119 4.25
3 233 4.17
3 146 4.16
3 3 4.15
3 8 4.12
3 147 4.12
3 58 4.06
3 54 4.04
3 142 4.03
3 133 3.94
3 242 3.94
3 81 3.87
3 30 3.86
3 48 3.84
3 29 3.82
3 5 3.77
3 12 3.72
3 182 3.72
3 226 3.72
3 1 3.62
3 17 3.62
3 47 3.59
3 229 3.57
3 16 3.56
3 41 3.54
3 191 3.53
3 224 3.52
3 217 3.49
3 239 3.48
3 52 3.47
3 62 3.45
3 20 3.44
3 152 3.4
3 128 3.38
3 216 3.37
3 175 3.35
3 102 3.33
3 57 3.31
3 111 3.3
3 124 3.3
3 209 3.3
3 190 3.28
3 215 3.28
3 37 3.27
3 93 3.24
3 234 3.24
3 231 3.19
3 51 3.18
3 108 3.16
3 155 3.16
3 61 3.11
3 4 3.1
3 22 3.1
3 121 3.1
3 78 3.09
3 169 3.09
3 188 3.09
3 106 3.07
3 140 3.07
3 2 3.05
3 193 3.03
3 65 3.0
3 60 2.99
3 222 2.99
3 40 2.97
3 171 2.96
3 9 2.95
3 34 2.94
3 143 2.92
3 67 2.9
3 212 2.9
3 148 2.88
3 42 2.86
3 144 2.85
3 235 2.84
3 185 2.83
3 71 2.82
3 180 2.82
3 173 2.81
3 69 2.8
3 96 2.8
3 50 2.79
3 28 2.77
3 39 2.77
3 90 2.76
3 109 2.76
3 186 2.76
3 103 2.75
3 43 2.75
3 23 2.73
3 220 2.73
3 194 2.72
3 84 2.71
3 167 2.67
3 204 2.65
3 132 2.64
3 187 2.62
3 238 2.61
3 46 2.57
3 151 2.57
3 174 2.55
3 112 2.53
3 33 2.52
3 10 2.5
3 114 2.49
3 206 2.49
3 181 2.49
3 221 2.49
3 126 2.48
3 86 2.46
3 245 2.46
3 79 2.45
3 150 2.42
3 137 2.41
3 189 2.41
3 15 2.39
3 223 2.39
3 227 2.37
3 170 2.36
3 236 2.36
3 172 2.35
3 11 2.34
3 240 2.34
3 97 2.29
3 176 2.28
3 104 2.27
3 130 2.27
3 183 2.27
3 200 2.26
3 237 2.24
3 241 2.2
3 83 2.19
3 177 2.19
3 162 2.17
3 149 2.17
3 49 2.16
3 168 2.15
3 25 2.14
3 166 2.13
3 199 2.13
3 115 2.12
3 82 2.12
3 92 2.12
3 129 2.12
3 7 2.09
3 87 2.09
3 59 2.08
3 6 2.06
3 136 2.05
3 192 2.05
3 153 2.03
3 19 2.02
3 243 2.02
3 55 2.01
3 53 1.98
3 64 1.98
3 26 1.97
3 184 1.94
3 219 1.94
3 56 1.91
3 76 1.87
3 198 1.83
3 88 1.82
3 134 1.82
3 38 1.81
3 228 1.81
3 131 1.79
3 158 1.79
3 27 1.78
3 32 1.77
3 178 1.73
3 207 1.73
3 101 1.67
3 14 1.66
3 179 1.66
3 18 1.63
3 213 1.61
3 13 1.6
3 246 1.59
3 21 1.55
3 157 1.55
3 70 1.54
3 202 1.54
3 45 1.52
3 63 1.51
3 161 1.5
3 208 1.5
3 68 1.49
3 110 1.48
3 66 1.46
3 24 1.41
3 210 1.38
3 138 1.37
3 80 1.36
3 72 1.36
3 89 1.34
3 91 1.32
3 196 1.32
3 113 1.29
3 74 1.29
3 105 1.25
3 159 1.22
