1 1 3.14
1 5 1.3
1 81 1.22
1 33 1.2
1 58 1.18
1 60 1.18
1 70 1.18
1 75 1.16
1 29 1.15
1 87 1.15
1 6 1.14
1 84 1.14
1 12 1.12
1 53 1.12
1 67 1.12
1 69 1.12
1 80 1.12
1 2 1.11
1 15 1.11
1 43 1.11
1 65 1.11
1 9 1.11
1 18 1.1
1 32 1.1
1 61 1.1
1 78 1.1
1 27 1.09
1 59 1.09
1 66 1.09
1 93 1.09
1 4 1.09
1 16 1.09
1 55 1.08
1 64 1.08
1 74 1.08
1 76 1.08
1 97 1.08
1 101 1.08
1 104 1.08
1 56 1.07
1 72 1.07
1 82 1.07
1 91 1.07
1 100 1.07
1 11 1.07
1 19 1.07
1 103 1.07
1 22 1.06
1 23 1.06
1 28 1.06
1 34 1.06
1 94 1.06
1 31 1.05
1 57 1.05
1 62 1.05
1 73 1.05
1 79 1.05
1 98 1.05
1 3 1.05
1 105 1.05
1 26 1.04
1 63 1.04
1 83 1.04
1 13 1.03
1 54 1.03
1 68 1.03
1 88 1.03
1 95 1.03
1 10 1.03
1 14 1.03
1 71 1.02
1 77 1.02
1 92 1.02
1 96 1.02
1 7 1.01
1 30 1.0
1 85 1.0
1 86 1.0
1 89 1.0
1 90 1.0
1 99 1.0
1 17 1.0
2 1 3.05
2 101 1.32
2 31 1.3
2 39 1.28
2 102 1.25
2 103 1.24
2 42 1.23
2 28 1.21
2 21 1.21
2 35 1.2
2 45 1.2
2 3 1.19
2 26 1.19
2 43 1.19
2 6 1.18
2 44 1.16
2 51 1.16
2 104 1.16
2 27 1.15
2 52 1.15
2 4 1.14
2 36 1.14
2 40 1.14
2 48 1.14
2 8 1.14
2 23 1.13
2 32 1.13
2 37 1.13
2 22 1.12
2 19 1.12
2 25 1.11
2 46 1.11
2 7 1.1
2 50 1.1
2 5 1.09
2 38 1.09
2 9 1.08
2 20 1.08
2 33 1.07
2 2 1.06
2 24 1.06
2 41 1.05
2 47 1.03
2 49 1.01
3 1 3.0
3 2 3.0
3 3 3.0
