1 54 13.28
1 55 12.308
1 57 9.534
1 56 8.986
1 259 8.56
1 246 7.97
1 35 7.726
1 168 7.59
1 169 7.54
1 175 7.142
1 158 6.944
1 241 6.774
1 179 6.76
1 152 6.748
1 69 6.364
1 28 6.342
1 247 6.338
1 34 6.212
1 101 6.042
1 88 5.84
1 91 5.728
1 109 5.668
1 176 5.646
1 14 5.634
1 29 5.612
1 31 5.604
1 242 5.596
1 70 5.574
1 163 5.466
1 90 5.436
1 96 5.436
1 87 5.42
1 172 5.382
1 183 5.37
1 100 5.356
1 252 5.34
1 37 5.316
1 210 5.314
1 36 5.29
1 99 5.198
1 254 5.172
1 243 5.122
1 151 4.996
1 245 4.986
1 111 4.974
1 208 4.932
1 260 4.932
1 217 4.842
1 178 4.788
1 13 4.754
1 33 4.738
1 92 4.716
1 67 4.71
1 38 4.652
1 61 4.612
1 159 4.568
1 235 4.538
1 248 4.446
1 258 4.432
1 244 4.426
1 249 4.382
1 98 4.366
1 251 4.284
1 257 4.256
1 60 4.018
1 256 3.952
1 261 3.95
1 206 3.914
1 240 3.906
1 219 3.904
1 112 3.816
1 220 3.788
1 267 3.766
1 102 3.686
1 128 3.672
1 238 3.614
1 170 3.6
1 253 3.572
1 237 3.512
1 134 3.47
1 239 3.458
1 236 3.42
1 207 3.408
1 133 3.384
1 93 3.356
1 97 3.354
1 132 3.3
1 250 3.156
1 191 3.102
1 103 3.1
1 222 3.076
1 268 3.07
1 255 3.026
1 276 2.994
1 195 2.97
1 185 2.888
1 135 2.886
1 44 2.856
1 190 2.828
1 45 2.814
1 94 2.814
1 89 2.786
1 225 2.766
1 198 2.73
1 226 2.724
1 1 2.722
1 20 2.718
1 156 2.712
1 2 2.696
1 223 2.648
1 7 2.63
1 171 2.58
1 218 2.574
1 184 2.474
1 131 2.468
1 59 2.466
1 177 2.418
1 130 2.376
1 10 2.372
1 199 2.366
1 161 2.364
1 95 2.346
1 3 2.324
1 269 2.322
1 71 2.32
1 224 2.316
1 186 2.294
1 79 2.228
1 58 2.216
1 193 2.206
1 17 2.196
1 51 2.164
1 187 2.162
1 117 2.14
1 80 2.116
1 192 2.1
1 9 2.08
1 110 2.07
1 65 2.066
1 141 2.054
1 116 2.046
1 162 2.046
1 264 2.042
1 137 2.034
1 85 2.028
1 160 2.026
1 216 2.01
1 63 2.0
1 139 1.988
1 147 1.974
1 19 1.962
1 4 1.96
1 62 1.95
1 76 1.944
1 12 1.94
1 22 1.938
1 215 1.936
1 50 1.876
1 145 1.862
1 270 1.838
1 113 1.822
1 231 1.798
1 18 1.798
1 144 1.782
1 72 1.78
1 23 1.778
1 138 1.778
1 68 1.764
1 265 1.762
1 104 1.762
1 66 1.754
1 146 1.754
1 150 1.738
1 21 1.734
1 125 1.732
1 262 1.71
1 232 1.706
1 6 1.706
1 279 1.696
1 120 1.69
1 53 1.686
1 74 1.676
1 52 1.67
1 11 1.67
1 75 1.668
1 271 1.646
1 83 1.642
1 106 1.632
1 205 1.628
1 121 1.616
1 213 1.602
1 155 1.598
1 24 1.586
1 30 1.586
1 274 1.576
1 84 1.572
1 86 1.566
1 118 1.562
1 200 1.546
1 234 1.54
1 263 1.536
1 212 1.528
1 47 1.524
1 211 1.518
1 204 1.516
1 188 1.512
1 273 1.512
1 105 1.506
1 129 1.492
1 73 1.492
1 189 1.482
1 43 1.48
1 194 1.478
1 173 1.466
1 42 1.464
1 119 1.462
1 266 1.456
1 182 1.448
1 165 1.44
1 64 1.438
1 233 1.43
1 214 1.42
1 275 1.406
1 5 1.406
1 143 1.392
1 164 1.388
1 115 1.386
1 272 1.382
1 8 1.378
1 46 1.364
1 124 1.358
1 15 1.346
1 201 1.282
1 174 1.274
1 26 1.272
1 136 1.272
1 181 1.264
1 114 1.244
1 209 1.24
1 180 1.222
1 107 1.214
1 203 1.204
1 48 1.198
1 25 1.198
1 142 1.196
1 221 1.196
1 196 1.188
1 49 1.168
1 157 1.164
1 32 1.16
1 39 1.158
1 140 1.158
1 202 1.154
2 54 14.066
2 55 12.522
2 56 11.484
2 151 10.592
2 57 9.508
2 152 8.272
2 61 8.214
2 59 8.03
2 33 8.002
2 31 7.532
2 89 7.516
2 88 7.438
2 60 7.424
2 264 7.062
2 242 6.86
2 32 6.782
2 247 6.77
2 112 6.656
2 241 6.634
2 64 6.626
2 98 6.618
2 240 6.612
2 58 6.456
2 91 6.388
2 263 6.21
2 90 6.13
2 115 6.126
2 68 6.082
2 29 6.032
2 13 6.02
2 158 5.988
2 8 5.978
2 109 5.844
2 157 5.544
2 243 5.502
2 4 5.494
2 28 5.412
2 166 5.406
2 34 5.208
2 167 5.138
2 100 5.042
2 262 5.024
2 35 4.914
2 246 4.914
2 30 4.906
2 272 4.884
2 92 4.804
2 169 4.78
2 179 4.766
2 244 4.742
2 168 4.738
2 87 4.646
2 71 4.624
2 269 4.62
2 79 4.574
2 103 4.544
2 22 4.5
2 21 4.498
2 37 4.484
2 271 4.422
2 97 4.376
2 104 4.336
2 72 4.238
2 113 4.2
2 172 4.184
2 3 4.184
2 250 4.18
2 101 4.172
2 75 4.17
2 53 4.162
2 175 4.146
2 80 4.132
2 82 4.064
2 162 4.058
2 45 4.046
2 99 4.02
2 83 4.016
2 252 3.944
2 188 3.938
2 7 3.886
2 63 3.88
2 38 3.866
2 279 3.824
2 1 3.806
2 176 3.736
2 67 3.696
2 268 3.674
2 270 3.67
2 256 3.66
2 130 3.618
2 156 3.598
2 69 3.568
2 150 3.566
2 11 3.564
2 95 3.548
2 182 3.506
2 36 3.45
2 131 3.444
2 14 3.442
2 258 3.416
2 12 3.398
2 254 3.374
2 41 3.352
2 2 3.31
2 177 3.3
2 231 3.29
2 40 3.286
2 198 3.264
2 62 3.26
2 267 3.25
2 251 3.246
2 84 3.236
2 163 3.232
2 77 3.202
2 260 3.164
2 205 3.142
2 147 3.134
2 52 3.13
2 226 3.126
2 233 3.046
2 96 3.03
2 266 3.014
2 139 3.0
2 24 2.986
2 6 2.972
2 265 2.97
2 203 2.932
2 105 2.92
2 225 2.892
2 159 2.892
2 19 2.89
2 65 2.886
2 114 2.878
2 111 2.874
2 224 2.864
2 234 2.844
2 183 2.814
2 155 2.808
2 277 2.806
2 261 2.784
2 154 2.766
2 161 2.754
2 204 2.754
2 170 2.744
2 245 2.738
2 189 2.728
2 94 2.722
2 186 2.638
2 255 2.616
2 223 2.596
2 102 2.582
2 125 2.568
2 138 2.504
2 85 2.5
2 5 2.492
2 106 2.47
2 81 2.462
2 209 2.45
2 248 2.442
2 206 2.426
2 187 2.376
2 174 2.376
2 190 2.374
2 185 2.352
2 25 2.338
2 171 2.314
2 191 2.3
2 249 2.294
2 46 2.254
2 44 2.244
2 253 2.222
2 210 2.214
2 178 2.208
2 47 2.188
2 27 2.184
2 124 2.172
2 128 2.16
2 273 2.136
2 86 2.116
2 160 2.08
2 107 2.044
2 20 2.026
2 132 2.02
2 78 2.018
2 23 2.014
2 202 1.996
2 207 1.994
2 15 1.968
2 239 1.968
2 74 1.966
2 221 1.878
2 66 1.854
2 141 1.846
2 232 1.832
2 9 1.824
2 73 1.81
2 76 1.808
2 108 1.802
2 17 1.798
2 219 1.79
2 134 1.764
2 181 1.758
2 16 1.754
2 133 1.722
2 257 1.706
2 43 1.686
2 199 1.668
2 275 1.658
2 110 1.656
2 49 1.652
2 39 1.648
2 70 1.624
2 276 1.614
2 278 1.544
2 119 1.536
2 259 1.532
2 51 1.532
2 184 1.512
2 10 1.504
2 201 1.492
2 50 1.474
2 180 1.468
2 144 1.468
2 127 1.466
2 195 1.458
2 121 1.448
2 135 1.438
2 18 1.432
2 196 1.42
2 145 1.404
2 235 1.384
2 212 1.382
2 274 1.38
2 140 1.376
2 137 1.366
2 116 1.364
2 153 1.346
2 42 1.326
2 122 1.318
2 237 1.304
2 222 1.288
2 236 1.286
2 211 1.246
2 197 1.24
2 165 1.23
2 146 1.22
2 136 1.192
2 129 1.19
2 48 1.178
2 148 1.168
2 149 1.152
2 213 1.15
2 117 1.144
2 126 1.142
2 120 1.142
2 193 1.132
2 227 1.13
2 238 1.13
2 118 1.12
2 220 1.116
3 55 14.242
3 54 14.192
3 56 10.69
3 60 10.052
3 57 9.82
3 1 9.388
3 152 9.272
3 151 9.08
3 59 8.978
3 61 8.802
3 58 8.796
3 109 8.75
3 68 8.484
3 14 7.982
3 113 7.934
3 112 7.266
3 179 7.186
3 3 7.14
3 45 7.084
3 67 7.052
3 28 6.992
3 7 6.758
3 178 6.602
3 158 6.404
3 13 6.326
3 4 6.314
3 2 6.216
3 157 6.136
3 44 6.04
3 159 6.018
3 166 5.878
3 168 5.77
3 115 5.77
3 199 5.712
3 65 5.59
3 167 5.582
3 64 5.53
3 22 5.464
3 111 5.424
3 8 5.414
3 170 5.328
3 171 5.302
3 198 5.218
3 177 5.2
3 156 5.194
3 162 5.172
3 66 5.146
3 21 5.136
3 174 5.128
3 173 5.022
3 175 5.002
3 87 4.88
3 114 4.772
3 143 4.746
3 183 4.652
3 69 4.64
3 90 4.572
3 169 4.544
3 72 4.512
3 209 4.492
3 188 4.49
3 189 4.476
3 128 4.43
3 89 4.416
3 129 4.404
3 62 4.404
3 242 4.308
3 224 4.306
3 91 4.298
3 142 4.268
3 63 4.264
3 233 4.204
3 163 4.19
3 182 4.178
3 207 4.176
3 147 4.124
3 210 4.05
3 206 4.044
3 15 4.036
3 84 3.97
3 86 3.95
3 6 3.938
3 11 3.922
3 79 3.922
3 223 3.918
3 150 3.902
3 77 3.886
3 80 3.864
3 52 3.852
3 88 3.842
3 220 3.84
3 154 3.836
3 250 3.788
3 119 3.768
3 98 3.706
3 83 3.692
3 92 3.678
3 161 3.668
3 234 3.644
3 219 3.644
3 244 3.644
3 202 3.614
3 240 3.606
3 30 3.586
3 71 3.562
3 205 3.542
3 12 3.536
3 138 3.514
3 94 3.49
3 249 3.474
3 180 3.472
3 33 3.47
3 124 3.47
3 40 3.456
3 176 3.448
3 241 3.448
3 24 3.442
3 153 3.434
3 85 3.412
3 41 3.364
3 39 3.34
3 100 3.332
3 95 3.32
3 203 3.318
3 191 3.266
3 23 3.262
3 225 3.238
3 238 3.238
3 76 3.232
3 82 3.228
3 251 3.218
3 204 3.2
3 237 3.194
3 70 3.182
3 29 3.142
3 185 3.13
3 131 3.096
3 53 3.094
3 243 3.058
3 139 3.048
3 5 3.032
3 16 3.02
3 74 2.994
3 103 2.984
3 208 2.972
3 186 2.94
3 194 2.922
3 196 2.906
3 226 2.904
3 81 2.874
3 20 2.86
3 93 2.858
3 104 2.848
3 232 2.846
3 50 2.84
3 190 2.836
3 78 2.82
3 32 2.782
3 246 2.776
3 38 2.776
3 181 2.774
3 144 2.752
3 165 2.732
3 140 2.732
3 19 2.722
3 18 2.712
3 269 2.706
3 31 2.678
3 75 2.662
3 101 2.65
3 118 2.636
3 130 2.624
3 248 2.6
3 187 2.574
3 279 2.566
3 263 2.548
3 184 2.542
3 197 2.532
3 195 2.456
3 120 2.45
3 247 2.444
3 268 2.428
3 239 2.416
3 127 2.406
3 172 2.406
3 126 2.4
3 236 2.376
3 267 2.376
3 264 2.37
3 121 2.366
3 134 2.364
3 35 2.34
3 133 2.33
3 200 2.304
3 135 2.268
3 43 2.268
3 271 2.262
3 201 2.2
3 125 2.2
3 235 2.196
3 36 2.196
3 164 2.168
3 231 2.158
3 42 2.14
3 160 2.13
3 97 2.11
3 261 2.088
3 105 2.082
3 193 2.078
3 47 2.074
3 37 2.07
3 221 2.064
3 116 2.064
3 34 2.048
3 212 2.044
3 123 2.034
3 117 2.026
3 270 2.026
3 51 2.006
3 102 2.002
3 222 1.996
3 145 1.948
3 262 1.934
3 99 1.928
3 132 1.916
3 155 1.914
3 227 1.914
3 258 1.914
3 141 1.9
3 10 1.886
3 256 1.878
3 108 1.872
3 272 1.872
3 217 1.854
3 228 1.838
3 26 1.824
3 213 1.818
3 254 1.814
3 192 1.804
3 252 1.754
3 27 1.748
3 218 1.738
3 122 1.726
3 230 1.724
3 265 1.712
3 17 1.704
3 110 1.696
3 48 1.692
3 278 1.682
3 96 1.674
3 73 1.666
3 46 1.644
3 211 1.64
3 214 1.634
3 229 1.62
3 136 1.61
3 106 1.592
3 49 1.578
3 216 1.532
3 253 1.502
3 273 1.47
3 260 1.45
3 9 1.332
3 257 1.32
3 245 1.294
3 25 1.272
3 259 1.272
3 149 1.246
3 255 1.234
3 107 1.23
3 274 1.206
3 148 1.204
3 275 1.174
3 276 1.146
3 215 1.13
3 137 1.09
3 266 1.078
3 277 1.056
