1 2295 25.844
1 2075 19.042
1 549 16.018
1 1943 15.104
1 555 13.962
1 231 13.656
1 469 13.28
1 1028 11.486
1 46 11.016
1 1199 11.0
1 112 10.862
1 716 10.694
1 1841 9.912
1 7 8.554
1 1564 8.396
1 204 8.058
1 2648 8.022
1 9 7.876
1 3834 7.674
1 8 7.214
1 543 7.2
1 2631 7.086
1 175 7.076
1 693 6.746
1 753 6.7
1 456 6.428
1 1351 6.396
1 40 6.358
1 1143 6.29
1 3661 6.264
1 1425 6.178
1 495 6.128
1 351 6.06
1 1836 6.036
1 872 5.986
1 348 5.888
1 123 5.874
1 45 5.716
1 226 5.644
1 2197 5.586
1 3685 5.54
1 1548 5.508
1 951 5.342
1 107 5.304
1 1868 5.236
1 201 5.22
1 315 5.216
1 1635 5.214
1 81 5.194
1 31 5.174
1 1165 5.152
1 3830 5.134
1 179 5.132
1 79 5.09
1 467 5.086
1 1245 5.074
1 38 5.006
1 242 5.002
1 248 4.966
1 1317 4.96
1 194 4.918
1 2340 4.832
1 1345 4.696
1 1541 4.688
1 49 4.664
1 1925 4.632
1 474 4.598
1 2229 4.57
1 1162 4.568
1 548 4.566
1 621 4.506
1 62 4.488
1 252 4.48
1 789 4.478
1 1058 4.45
1 243 4.446
1 472 4.434
1 3815 4.43
1 1605 4.396
1 288 4.39
1 2607 4.36
1 196 4.354
1 970 4.35
1 2439 4.346
1 349 4.318
1 18 4.302
1 371 4.248
1 10 4.212
1 129 4.206
1 203 4.16
1 1973 4.08
1 1896 4.07
1 2540 4.058
1 2348 4.05
1 2627 4.024
1 13 4.02
1 1713 4.014
1 126 4.006
1 1857 4.002
1 722 4.0
1 345 3.972
1 2023 3.942
1 1571 3.93
1 537 3.93
1 1223 3.918
1 1663 3.888
1 2081 3.856
1 981 3.848
1 387 3.804
1 935 3.79
1 697 3.74
1 1035 3.728
1 3825 3.71
1 43 3.702
1 410 3.7
1 1846 3.658
1 1128 3.656
1 1806 3.626
1 305 3.62
1 26 3.612
1 2762 3.604
1 378 3.602
1 417 3.602
1 89 3.596
1 554 3.594
1 816 3.576
1 295 3.576
1 439 3.574
1 2174 3.572
1 398 3.566
1 309 3.564
1 2447 3.558
1 457 3.552
1 1385 3.552
1 375 3.534
1 3743 3.532
1 473 3.53
1 1972 3.522
1 1902 3.498
1 1322 3.492
1 2727 3.474
1 617 3.474
1 1321 3.46
1 373 3.452
1 3702 3.452
1 53 3.45
1 1178 3.446
1 1380 3.44
1 140 3.438
1 170 3.43
1 1650 3.42
1 235 3.414
1 2615 3.396
1 95 3.382
1 301 3.378
1 437 3.362
1 369 3.36
1 2242 3.354
1 1810 3.348
1 35 3.324
1 1637 3.316
1 421 3.314
1 109 3.31
1 402 3.298
1 2746 3.294
1 1807 3.292
1 675 3.274
1 152 3.264
1 529 3.26
1 1182 3.248
1 626 3.236
1 596 3.228
1 2008 3.226
1 1410 3.222
1 751 3.216
1 3619 3.198
1 936 3.196
1 3568 3.192
1 1391 3.19
1 1847 3.17
1 756 3.162
1 1980 3.162
1 2772 3.162
1 848 3.156
1 2408 3.154
1 498 3.154
1 1623 3.148
1 624 3.146
1 344 3.138
1 408 3.13
1 366 3.126
1 322 3.112
1 205 3.11
1 1160 3.1
1 834 3.07
1 1329 3.062
1 1326 3.06
1 1697 3.058
1 1138 3.052
1 613 3.04
1 700 3.036
1 681 3.024
1 486 3.022
1 3705 3.018
1 34 3.016
1 1095 2.996
1 3771 2.992
1 1849 2.988
1 475 2.978
1 2588 2.976
1 78 2.974
1 6 2.97
1 209 2.968
1 274 2.966
1 3768 2.964
1 1428 2.962
1 1038 2.936
1 553 2.934
1 1996 2.92
1 1052 2.918
1 296 2.916
1 1341 2.912
1 2655 2.908
1 2582 2.904
1 2068 2.902
1 33 2.9
1 846 2.9
1 760 2.894
1 934 2.892
1 1025 2.89
1 539 2.88
1 1201 2.88
1 768 2.878
1 330 2.876
1 44 2.876
1 1620 2.854
1 1033 2.848
1 979 2.844
1 1220 2.834
1 2225 2.83
1 19 2.828
1 749 2.826
1 3788 2.804
1 262 2.798
1 372 2.796
1 720 2.794
1 2069 2.794
1 206 2.794
1 805 2.79
1 237 2.786
1 1707 2.768
1 1373 2.768
1 39 2.764
1 208 2.762
1 1681 2.752
1 489 2.75
1 2355 2.75
1 291 2.74
1 1736 2.738
1 910 2.738
1 923 2.73
1 2164 2.73
1 897 2.724
1 550 2.724
1 2115 2.72
1 1783 2.72
1 1465 2.718
1 182 2.712
1 2716 2.71
1 1395 2.71
1 1319 2.704
1 922 2.702
1 940 2.698
1 838 2.68
1 2416 2.658
1 551 2.658
1 414 2.652
1 4 2.65
1 641 2.65
1 1303 2.644
1 1774 2.638
1 508 2.638
1 1644 2.636
1 3667 2.634
1 139 2.632
1 3637 2.63
1 1899 2.626
1 757 2.62
1 1799 2.616
1 1818 2.606
1 395 2.592
1 766 2.586
1 401 2.582
1 1297 2.568
1 1384 2.564
1 1355 2.562
1 1358 2.558
1 1509 2.554
1 1441 2.552
1 985 2.548
1 510 2.548
1 187 2.546
1 465 2.536
1 1183 2.524
1 343 2.522
1 611 2.516
1 356 2.512
1 30 2.502
1 915 2.496
1 1082 2.494
1 763 2.492
1 379 2.49
1 3690 2.49
1 1014 2.49
1 3154 2.482
1 692 2.476
1 55 2.474
1 1386 2.472
1 186 2.47
1 3735 2.468
1 91 2.468
1 2571 2.46
1 271 2.454
1 496 2.45
1 2017 2.448
1 1732 2.446
1 277 2.44
1 2756 2.438
1 607 2.438
1 302 2.434
1 1533 2.43
1 710 2.428
1 2389 2.426
1 770 2.42
1 28 2.418
1 267 2.41
1 441 2.41
1 885 2.408
1 2597 2.408
1 1120 2.408
1 1346 2.406
1 487 2.4
1 65 2.394
1 15 2.39
1 944 2.388
1 1596 2.384
1 1936 2.384
1 256 2.38
1 2278 2.368
1 331 2.352
1 108 2.35
1 2280 2.35
1 1969 2.342
1 117 2.342
1 3752 2.34
1 1347 2.338
1 1148 2.334
1 360 2.332
1 746 2.33
1 1156 2.322
1 481 2.32
1 2030 2.32
1 180 2.318
1 1037 2.316
1 358 2.314
1 891 2.304
1 213 2.304
1 2583 2.294
1 1179 2.292
1 99 2.29
1 3785 2.288
1 214 2.282
1 603 2.28
1 1376 2.278
1 68 2.27
1 2682 2.268
1 74 2.266
1 771 2.262
1 1131 2.26
1 1678 2.258
1 657 2.256
1 259 2.252
1 1459 2.25
1 11 2.248
1 953 2.246
1 605 2.246
1 1338 2.246
1 2087 2.244
1 2109 2.244
1 1045 2.242
1 1353 2.238
1 111 2.238
1 1202 2.236
1 1369 2.232
1 223 2.232
1 233 2.228
1 485 2.224
1 1237 2.222
1 269 2.218
1 365 2.216
1 1152 2.214
1 21 2.212
1 2427 2.21
1 995 2.21
1 249 2.206
1 1914 2.206
1 614 2.204
1 2076 2.204
1 1411 2.202
1 106 2.2
1 247 2.2
1 104 2.198
1 429 2.194
1 321 2.194
1 3668 2.19
1 2268 2.19
1 949 2.188
1 745 2.184
1 2273 2.184
1 2618 2.184
1 184 2.176
1 290 2.174
1 2265 2.174
1 1029 2.17
1 2061 2.17
1 1708 2.168
1 517 2.168
1 1230 2.166
1 2256 2.164
1 1129 2.158
1 2844 2.152
1 2452 2.152
1 737 2.15
1 244 2.15
1 470 2.146
1 287 2.146
1 80 2.146
1 924 2.142
1 1266 2.126
1 2277 2.126
1 98 2.122
1 2254 2.122
1 200 2.122
1 389 2.118
1 451 2.116
1 2251 2.116
1 1011 2.116
1 2263 2.114
1 1600 2.114
1 1931 2.112
1 157 2.112
1 270 2.108
1 956 2.108
1 625 2.108
1 713 2.102
1 1343 2.102
1 2724 2.1
1 1528 2.098
1 22 2.094
1 2274 2.094
1 2406 2.092
1 2672 2.092
1 1704 2.09
1 1193 2.09
1 1750 2.09
1 3684 2.086
1 2258 2.086
1 128 2.086
1 784 2.08
1 492 2.076
1 1096 2.074
1 2270 2.07
1 3248 2.068
1 2127 2.068
1 1851 2.066
1 1537 2.064
1 336 2.062
1 2070 2.06
1 2382 2.056
1 1817 2.056
1 654 2.054
1 1960 2.052
1 3692 2.05
1 2112 2.05
1 662 2.05
1 1121 2.05
1 3869 2.044
1 1698 2.034
1 1702 2.032
1 2436 2.03
1 199 2.028
1 547 2.026
1 1314 2.026
1 632 2.026
1 1887 2.022
1 2262 2.02
1 899 2.018
1 1710 2.014
1 2077 2.014
1 318 2.012
1 2421 2.012
1 377 2.006
1 1967 2.004
1 1714 2.004
1 176 2.002
1 896 2.002
1 1204 2.0
1 2418 2.0
1 2022 2.0
1 3554 1.998
1 1170 1.998
1 1375 1.996
1 1034 1.994
1 2150 1.994
1 1454 1.992
1 1694 1.99
1 1479 1.984
1 1382 1.984
1 3760 1.98
1 2065 1.98
1 3823 1.976
1 804 1.974
1 2541 1.974
1 917 1.972
1 619 1.968
1 221 1.966
1 1998 1.964
1 2737 1.964
1 32 1.964
1 1298 1.96
1 2259 1.958
1 281 1.956
1 3689 1.954
1 2735 1.954
1 148 1.952
1 2261 1.952
1 420 1.95
1 754 1.948
1 533 1.944
1 1852 1.942
1 1970 1.94
1 311 1.936
1 1044 1.936
1 497 1.936
1 2121 1.932
1 2734 1.932
1 1405 1.93
1 353 1.93
1 3774 1.928
1 230 1.926
1 119 1.926
1 2122 1.926
1 1501 1.924
1 1153 1.924
1 173 1.922
1 1388 1.922
1 2743 1.92
1 1688 1.918
1 815 1.916
1 1270 1.914
1 36 1.914
1 630 1.912
1 2532 1.91
1 832 1.91
1 2269 1.91
1 2275 1.91
1 2003 1.908
1 2276 1.908
1 310 1.908
1 1480 1.908
1 1349 1.906
1 1017 1.906
1 386 1.906
1 1865 1.904
1 1415 1.904
1 2461 1.904
1 1474 1.902
1 2591 1.902
1 1589 1.9
1 724 1.898
1 1393 1.898
1 88 1.898
1 283 1.896
1 645 1.894
1 2243 1.894
1 168 1.892
1 2134 1.892
1 1390 1.892
1 875 1.888
1 2082 1.886
1 950 1.886
1 2260 1.886
1 1675 1.884
1 69 1.884
1 1854 1.882
1 225 1.882
1 1374 1.88
1 2128 1.878
1 2060 1.878
1 2272 1.878
1 263 1.876
1 458 1.876
1 1859 1.872
1 718 1.87
1 761 1.87
1 2252 1.87
1 516 1.87
1 652 1.866
1 586 1.866
1 1304 1.866
1 94 1.866
1 1813 1.862
1 2474 1.862
1 1995 1.86
1 27 1.858
1 341 1.858
1 1372 1.858
1 2664 1.856
1 726 1.852
1 559 1.852
1 1009 1.852
1 1032 1.85
1 1134 1.848
1 1690 1.848
1 556 1.848
1 1078 1.844
1 1383 1.842
1 2518 1.84
1 642 1.838
1 460 1.838
1 1686 1.836
1 12 1.834
1 1339 1.834
1 2535 1.832
1 64 1.832
1 2945 1.83
1 1920 1.83
1 339 1.828
1 96 1.826
1 2085 1.826
1 1118 1.826
1 560 1.824
1 1699 1.824
1 1661 1.822
1 874 1.822
1 1099 1.822
1 278 1.82
1 2599 1.82
1 1703 1.818
1 1076 1.818
1 445 1.814
1 957 1.812
1 1039 1.81
1 627 1.81
1 2264 1.806
1 3794 1.806
1 16 1.804
1 189 1.804
1 2266 1.804
1 1370 1.802
1 1867 1.802
1 1655 1.8
1 2663 1.8
1 2733 1.798
1 178 1.798
1 918 1.798
1 2111 1.796
1 527 1.794
1 3854 1.794
1 793 1.792
1 1747 1.79
1 2257 1.79
1 198 1.79
1 1636 1.79
1 1715 1.786
1 1371 1.786
1 2302 1.786
1 3712 1.784
1 2736 1.784
1 466 1.784
1 920 1.784
1 2097 1.782
1 937 1.782
1 471 1.782
1 1683 1.782
1 1689 1.782
1 2641 1.782
1 729 1.78
1 20 1.78
1 1700 1.78
1 2499 1.778
1 1724 1.778
1 1679 1.776
1 1984 1.774
1 812 1.774
1 1361 1.766
1 787 1.766
1 977 1.766
1 2596 1.764
1 61 1.764
1 1804 1.764
1 1377 1.764
1 738 1.762
1 1950 1.758
1 1378 1.758
1 86 1.758
1 29 1.754
1 633 1.752
1 3691 1.752
1 827 1.752
1 300 1.75
1 1387 1.746
1 1394 1.746
1 873 1.744
1 515 1.744
1 524 1.744
1 2689 1.742
1 1693 1.742
1 2058 1.74
1 1158 1.74
1 2071 1.74
1 2884 1.74
1 3714 1.738
1 667 1.736
1 1761 1.736
1 131 1.736
1 245 1.734
1 1389 1.734
1 357 1.734
1 1418 1.732
1 1695 1.732
1 2253 1.73
1 1791 1.73
1 293 1.73
1 134 1.73
1 1853 1.728
1 41 1.728
1 222 1.728
1 1392 1.726
1 1711 1.724
1 24 1.724
1 54 1.722
1 2091 1.722
1 3666 1.72
1 1368 1.72
1 1513 1.72
1 584 1.72
1 1680 1.72
1 661 1.718
1 2422 1.718
1 826 1.718
1 2013 1.716
1 2255 1.716
1 2224 1.714
1 2155 1.714
1 546 1.712
1 2221 1.712
1 1336 1.712
1 282 1.71
1 215 1.71
1 1379 1.708
1 585 1.708
1 2078 1.708
1 156 1.706
1 14 1.706
1 1560 1.706
1 1419 1.704
1 732 1.702
1 3755 1.702
1 3826 1.702
1 1701 1.702
1 1709 1.7
1 777 1.7
1 719 1.698
1 1254 1.698
1 1189 1.698
1 821 1.696
1 60 1.696
1 1677 1.696
1 1185 1.696
1 1133 1.694
1 677 1.694
1 1500 1.694
1 333 1.694
1 2586 1.694
1 1945 1.69
1 1519 1.688
1 2690 1.686
1 764 1.686
1 1460 1.686
1 628 1.686
1 1918 1.684
1 2702 1.684
1 2084 1.684
1 1316 1.682
1 2110 1.682
1 788 1.682
1 1618 1.68
1 2267 1.678
1 1127 1.678
1 1903 1.678
1 1696 1.678
1 946 1.678
1 2515 1.678
1 2062 1.676
1 1691 1.676
1 1942 1.672
1 25 1.672
1 2463 1.672
1 1363 1.668
1 839 1.668
1 1685 1.668
1 2104 1.666
1 2584 1.666
1 2025 1.666
1 2074 1.666
1 1055 1.664
1 2059 1.664
1 1098 1.664
1 1786 1.664
1 1909 1.664
1 824 1.662
1 1798 1.662
1 2125 1.66
1 2288 1.66
1 743 1.658
1 905 1.656
1 1561 1.656
1 1626 1.654
1 2099 1.652
1 275 1.652
1 2203 1.65
1 513 1.65
1 212 1.65
1 1018 1.648
1 1684 1.648
1 2083 1.648
1 535 1.642
1 2080 1.642
1 1496 1.64
1 1422 1.638
1 1657 1.638
1 1253 1.638
1 1432 1.638
1 1682 1.638
1 2381 1.636
1 314 1.636
1 329 1.636
1 2434 1.636
1 409 1.636
1 2626 1.636
1 1706 1.634
1 3736 1.634
1 2328 1.634
1 3687 1.634
1 133 1.634
1 2271 1.632
1 2063 1.632
1 1687 1.632
1 526 1.632
1 1712 1.63
1 1531 1.63
1 506 1.63
1 1198 1.63
1 261 1.628
1 476 1.628
1 808 1.628
1 861 1.628
1 629 1.628
1 1030 1.626
1 1485 1.626
1 833 1.624
1 491 1.622
1 3166 1.622
1 2455 1.622
1 1705 1.62
1 2116 1.62
1 2117 1.62
1 1396 1.62
1 2006 1.618
1 23 1.618
1 1137 1.616
1 2031 1.616
1 721 1.614
1 2001 1.614
1 1086 1.614
1 1999 1.612
1 807 1.612
1 2107 1.612
1 2401 1.612
1 1792 1.612
1 705 1.612
1 2144 1.61
1 814 1.61
1 541 1.608
1 37 1.608
1 835 1.606
1 2079 1.604
1 1630 1.604
1 803 1.602
1 2009 1.602
1 1188 1.602
1 1716 1.6
1 1261 1.6
1 1507 1.6
1 190 1.6
1 136 1.6
1 2124 1.598
1 1521 1.598
1 1907 1.598
1 2118 1.596
1 509 1.596
1 1184 1.596
1 2098 1.594
1 1997 1.594
1 1248 1.594
1 2377 1.592
1 733 1.592
1 3423 1.592
1 564 1.592
1 1101 1.592
1 2159 1.592
1 1104 1.592
1 342 1.59
1 818 1.59
1 1332 1.59
1 2114 1.588
1 1579 1.588
1 135 1.588
1 2621 1.586
1 1330 1.586
1 1084 1.584
1 2 1.582
1 3710 1.582
1 17 1.582
1 2123 1.582
1 2645 1.58
1 2103 1.578
1 1031 1.578
1 273 1.578
1 947 1.578
1 3715 1.576
1 830 1.576
1 759 1.576
1 393 1.576
1 1423 1.576
1 1436 1.576
1 2113 1.574
1 1805 1.574
1 2090 1.574
1 1360 1.572
1 2072 1.572
1 3877 1.57
1 3730 1.57
1 2067 1.57
1 616 1.57
1 2410 1.568
1 2161 1.568
1 618 1.568
1 2102 1.566
1 747 1.566
1 2007 1.564
1 1356 1.564
1 385 1.564
1 2304 1.564
1 1381 1.564
1 1091 1.562
1 207 1.562
1 1313 1.56
1 1054 1.56
1 2004 1.56
1 573 1.56
1 772 1.56
1 1641 1.56
1 942 1.558
1 765 1.558
1 440 1.558
1 236 1.556
1 2307 1.556
1 1246 1.556
1 1003 1.556
1 2484 1.554
1 480 1.554
1 1951 1.554
1 1764 1.554
1 2106 1.552
1 728 1.552
1 2771 1.552
1 1787 1.552
1 2812 1.552
1 2310 1.55
1 1292 1.55
1 218 1.55
1 1123 1.55
1 1771 1.548
1 961 1.548
1 42 1.548
1 183 1.548
1 1207 1.548
1 2189 1.548
1 2697 1.548
1 806 1.544
1 2284 1.544
1 2066 1.544
1 2526 1.542
1 1139 1.542
1 3698 1.542
1 707 1.542
1 752 1.54
1 2141 1.54
1 188 1.54
1 2126 1.538
1 2101 1.536
1 1886 1.536
1 750 1.536
1 2148 1.536
1 530 1.534
1 3583 1.534
1 3828 1.534
1 1884 1.534
1 3802 1.534
1 801 1.532
1 2108 1.532
1 2011 1.532
1 2130 1.532
1 2183 1.532
1 3103 1.53
1 1648 1.53
1 2595 1.528
1 1692 1.528
1 1737 1.528
1 2551 1.526
1 2014 1.526
1 403 1.526
1 2064 1.526
1 2166 1.526
1 162 1.524
1 286 1.524
1 1331 1.524
1 220 1.524
1 1842 1.52
1 1083 1.52
1 3723 1.518
1 856 1.518
1 913 1.518
1 742 1.516
1 2906 1.516
1 447 1.514
1 1640 1.514
1 2311 1.514
1 185 1.514
1 227 1.514
1 2332 1.512
1 1570 1.512
1 2738 1.512
1 1344 1.512
1 894 1.51
1 731 1.51
1 2768 1.51
1 1514 1.51
1 2192 1.51
1 1181 1.51
1 2346 1.51
1 2330 1.508
1 3742 1.508
1 1252 1.508
1 2791 1.508
1 195 1.508
1 2034 1.508
1 2488 1.506
1 2005 1.506
1 459 1.506
1 191 1.506
1 2000 1.504
1 545 1.504
1 2012 1.504
1 143 1.502
1 251 1.502
1 723 1.5
1 2010 1.5
1 1492 1.5
1 755 1.5
1 352 1.5
1 2450 1.5
1 735 1.496
1 1921 1.496
1 1163 1.496
1 736 1.494
1 2931 1.494
1 656 1.492
1 2057 1.492
1 2337 1.492
1 687 1.49
1 1027 1.488
1 1482 1.488
1 399 1.488
1 734 1.486
1 762 1.486
1 1551 1.486
1 3386 1.484
1 1543 1.484
1 521 1.484
1 819 1.482
1 2369 1.482
1 216 1.482
1 1794 1.48
1 740 1.478
1 146 1.476
1 2105 1.476
1 767 1.476
1 3829 1.476
1 1135 1.476
1 1103 1.476
1 2493 1.474
1 727 1.474
1 1555 1.474
1 2073 1.474
1 124 1.474
1 2201 1.474
1 540 1.472
1 1222 1.472
1 436 1.472
1 1278 1.472
1 2338 1.472
1 219 1.472
1 623 1.472
1 1490 1.47
1 3803 1.47
1 210 1.47
1 3 1.468
1 1773 1.468
1 47 1.468
1 2056 1.468
1 2678 1.466
1 2120 1.466
1 2333 1.466
1 602 1.466
1 2453 1.466
1 3701 1.464
1 493 1.464
1 3790 1.464
1 1446 1.464
1 1924 1.462
1 741 1.462
1 3754 1.462
1 294 1.462
1 2466 1.462
1 850 1.46
1 2787 1.458
1 2210 1.458
1 2190 1.458
1 1559 1.458
1 717 1.456
1 1285 1.456
1 2342 1.456
1 2489 1.454
1 2129 1.454
1 177 1.454
1 2188 1.454
1 2290 1.454
1 971 1.454
1 1442 1.454
1 1458 1.454
1 3761 1.452
1 969 1.452
1 849 1.452
1 2055 1.452
1 3724 1.452
1 3677 1.452
1 2529 1.45
1 1060 1.45
1 2142 1.45
1 2505 1.448
1 1257 1.448
1 2313 1.448
1 2002 1.446
1 608 1.446
1 887 1.446
1 1547 1.446
1 912 1.446
1 217 1.446
1 1019 1.444
1 3587 1.444
1 1050 1.442
1 2492 1.442
1 1407 1.442
1 2315 1.442
1 1795 1.442
1 297 1.442
1 438 1.44
1 3527 1.44
1 2435 1.44
1 2517 1.44
1 1651 1.438
1 730 1.438
1 2371 1.438
1 674 1.438
1 232 1.436
1 2184 1.436
1 1497 1.434
1 2096 1.434
1 2301 1.434
1 851 1.434
1 3797 1.432
1 1508 1.43
1 1105 1.43
1 725 1.428
1 359 1.428
1 431 1.426
1 380 1.426
1 2293 1.426
1 974 1.426
1 2519 1.424
1 1071 1.424
1 2146 1.424
1 419 1.424
1 3445 1.422
1 1174 1.42
1 2502 1.42
1 1850 1.42
1 2283 1.42
1 769 1.42
1 2156 1.42
1 864 1.42
1 2483 1.42
1 234 1.418
1 3696 1.418
1 790 1.418
1 3717 1.416
1 1499 1.416
1 3791 1.416
1 1239 1.416
1 659 1.414
1 2312 1.414
1 1633 1.414
1 2498 1.412
1 2318 1.412
1 2322 1.412
1 367 1.41
1 276 1.41
1 1145 1.41
1 505 1.41
1 241 1.41
1 1342 1.41
1 1026 1.408
1 2590 1.408
1 2215 1.406
1 426 1.406
1 50 1.406
1 2320 1.406
1 144 1.406
1 893 1.406
1 2445 1.404
1 228 1.404
1 1593 1.402
1 1776 1.402
1 2603 1.402
1 1335 1.402
1 999 1.4
1 2185 1.4
1 2326 1.4
1 855 1.4
1 2336 1.4
1 2630 1.398
1 2479 1.398
1 2507 1.396
1 1215 1.396
1 2476 1.396
1 933 1.394
1 1064 1.394
1 758 1.394
1 2306 1.394
1 2334 1.394
1 2628 1.394
1 2782 1.394
1 1291 1.392
1 748 1.392
1 689 1.392
1 1435 1.392
1 1642 1.392
1 1796 1.392
1 1122 1.392
1 2482 1.392
1 1863 1.39
1 468 1.39
1 2173 1.39
1 1155 1.388
1 2335 1.388
1 1567 1.386
1 959 1.386
1 2309 1.386
1 1956 1.384
1 2376 1.384
1 3827 1.384
1 778 1.384
1 2855 1.384
1 1016 1.382
1 1036 1.382
1 400 1.382
1 2497 1.38
1 2506 1.38
1 870 1.38
1 67 1.38
1 2287 1.38
1 842 1.38
1 73 1.38
1 973 1.38
1 2344 1.38
1 1803 1.38
1 2478 1.38
1 2485 1.378
1 2294 1.378
1 3833 1.378
1 1461 1.378
1 2486 1.376
1 2487 1.376
1 103 1.376
1 888 1.376
1 463 1.376
1 396 1.376
1 857 1.376
1 1450 1.376
1 130 1.376
1 289 1.374
1 494 1.374
1 2100 1.372
1 544 1.372
1 2644 1.372
1 2289 1.372
1 972 1.372
1 3871 1.372
1 1107 1.372
1 868 1.372
1 1119 1.372
1 5 1.37
1 3168 1.37
1 2508 1.37
1 2285 1.37
1 1789 1.37
1 2160 1.37
1 604 1.37
1 739 1.368
1 1739 1.368
1 2180 1.368
1 2316 1.368
1 876 1.368
1 1790 1.368
1 866 1.368
1 703 1.368
1 2496 1.366
1 1929 1.366
1 2300 1.366
1 1502 1.366
1 499 1.366
1 2500 1.364
1 1047 1.364
1 2305 1.364
1 350 1.364
1 3670 1.364
1 2329 1.364
1 698 1.362
1 863 1.362
1 1293 1.362
1 1953 1.36
1 1927 1.36
1 461 1.36
1 2327 1.36
1 858 1.36
1 1558 1.36
1 799 1.36
1 229 1.358
1 1265 1.358
1 394 1.358
1 2291 1.358
1 694 1.358
1 1621 1.358
1 464 1.356
1 968 1.356
1 844 1.356
1 2728 1.356
1 1059 1.354
1 312 1.354
1 2717 1.354
1 867 1.354
1 2481 1.354
1 3553 1.354
1 2398 1.352
1 2182 1.352
1 2187 1.352
1 2343 1.352
1 2491 1.35
1 3708 1.35
1 51 1.35
1 2324 1.35
1 1318 1.348
1 2490 1.348
1 153 1.348
1 2494 1.348
1 2234 1.348
1 2119 1.348
1 3725 1.348
1 2303 1.348
1 2325 1.348
1 653 1.348
1 3679 1.346
1 1493 1.346
1 66 1.346
1 2042 1.346
1 125 1.346
1 2944 1.344
1 2501 1.344
1 2503 1.344
1 2286 1.344
1 588 1.344
1 2339 1.344
1 2400 1.342
1 1928 1.342
1 3586 1.342
1 809 1.342
1 688 1.342
1 865 1.342
1 361 1.342
1 889 1.34
1 1577 1.34
1 2292 1.34
1 3158 1.34
1 1923 1.338
1 2317 1.338
1 1793 1.338
1 782 1.338
1 1475 1.336
1 2089 1.336
1 3375 1.336
1 479 1.336
1 587 1.336
1 1782 1.336
1 1762 1.336
1 2504 1.334
1 2402 1.334
1 450 1.334
1 744 1.334
1 1063 1.334
1 1572 1.334
1 945 1.334
1 1072 1.334
1 2181 1.334
1 2686 1.334
1 2480 1.334
1 1653 1.332
1 1488 1.332
1 1952 1.332
1 3773 1.332
1 1295 1.332
1 1489 1.33
1 280 1.33
1 2370 1.33
1 2233 1.33
1 565 1.33
1 2191 1.33
1 3732 1.33
1 2341 1.33
1 3289 1.328
1 2319 1.328
1 853 1.328
1 862 1.328
1 1219 1.328
1 1797 1.328
1 2345 1.328
1 3643 1.326
1 2477 1.326
1 2199 1.326
1 1051 1.324
1 1042 1.324
1 2297 1.324
1 1586 1.324
1 3585 1.324
1 2323 1.324
1 292 1.324
1 2352 1.324
1 1481 1.324
1 2649 1.322
1 1581 1.322
1 859 1.322
1 127 1.322
1 1913 1.322
1 313 1.32
1 1948 1.32
1 1240 1.32
1 1251 1.32
1 72 1.32
1 1876 1.32
1 1310 1.32
1 712 1.318
1 1228 1.318
1 1974 1.318
1 63 1.318
1 2321 1.318
1 1898 1.318
1 1180 1.318
1 2200 1.318
1 1643 1.316
1 1649 1.316
1 1947 1.316
1 2561 1.316
1 561 1.316
1 1966 1.316
1 3673 1.316
1 2296 1.316
1 142 1.316
1 2495 1.314
1 2695 1.314
1 1002 1.314
1 246 1.314
1 914 1.314
1 542 1.312
1 2239 1.312
1 3215 1.312
1 1922 1.312
1 1770 1.312
1 1068 1.312
1 2298 1.312
1 1590 1.312
1 2193 1.312
1 1277 1.312
1 1186 1.312
1 211 1.312
1 100 1.31
1 2534 1.31
1 1510 1.31
1 1881 1.31
1 2471 1.31
1 2052 1.31
1 1843 1.308
1 2299 1.308
1 338 1.308
1 71 1.308
1 1595 1.308
1 2194 1.308
1 3789 1.308
1 690 1.308
1 2783 1.308
1 1518 1.306
1 2570 1.306
1 3859 1.306
1 3624 1.306
1 2198 1.306
1 1816 1.306
1 1912 1.306
1 102 1.304
1 1585 1.304
1 1591 1.304
1 854 1.304
1 3632 1.304
1 2347 1.304
1 1892 1.302
1 171 1.302
1 284 1.302
1 59 1.302
1 569 1.302
1 3765 1.302
1 1598 1.302
1 1603 1.302
1 2153 1.302
1 407 1.302
1 3777 1.3
1 1963 1.3
1 97 1.298
1 260 1.298
1 443 1.298
1 1975 1.298
1 1402 1.298
1 2711 1.298
1 2016 1.298
1 424 1.296
1 160 1.296
1 3172 1.296
1 1964 1.296
1 1574 1.296
1 1976 1.296
1 3716 1.296
1 2147 1.296
1 1825 1.294
1 2314 1.294
1 1606 1.294
1 1609 1.294
1 92 1.294
1 802 1.292
1 1191 1.292
1 279 1.292
1 1221 1.292
1 58 1.29
1 462 1.29
1 2576 1.29
1 3625 1.29
1 87 1.29
1 840 1.288
1 1592 1.288
1 2725 1.288
1 1788 1.288
1 3700 1.288
1 3097 1.286
1 3704 1.286
1 317 1.286
1 2363 1.286
1 3622 1.286
1 1126 1.284
1 1594 1.284
1 412 1.284
1 1473 1.282
1 1827 1.282
1 3584 1.282
1 696 1.282
1 167 1.28
1 1957 1.28
1 678 1.28
1 364 1.28
1 1674 1.28
1 2993 1.278
1 2241 1.278
1 1573 1.278
1 1580 1.278
1 1409 1.278
1 1584 1.278
1 1166 1.278
1 1195 1.278
1 1324 1.278
1 1333 1.278
1 84 1.278
1 1175 1.276
1 1949 1.276
1 1669 1.276
1 1968 1.276
1 1434 1.276
1 1517 1.276
1 1187 1.276
1 165 1.274
1 1231 1.274
1 2367 1.274
1 1971 1.274
1 2171 1.274
1 1756 1.274
1 1599 1.274
1 1629 1.274
1 224 1.274
1 2536 1.272
1 1575 1.272
1 881 1.272
1 566 1.272
1 3556 1.272
1 845 1.272
1 1115 1.272
1 435 1.27
1 141 1.27
1 975 1.27
1 197 1.27
1 1000 1.27
1 1340 1.27
1 255 1.27
1 1 1.268
1 1933 1.268
1 3728 1.268
1 919 1.268
1 1238 1.268
1 1568 1.268
1 592 1.268
1 2331 1.268
1 507 1.268
1 3626 1.268
1 1308 1.268
1 2202 1.268
1 1645 1.266
1 1140 1.266
1 2186 1.266
1 70 1.266
1 158 1.264
1 1588 1.264
1 1979 1.264
1 3075 1.264
1 77 1.264
1 783 1.264
1 1563 1.264
1 638 1.262
1 161 1.262
1 1844 1.262
1 446 1.262
1 2786 1.262
1 2308 1.262
1 847 1.262
1 3671 1.262
1 984 1.262
1 1617 1.262
1 1328 1.262
1 3614 1.262
1 634 1.26
1 2666 1.26
1 567 1.26
1 1738 1.26
1 1583 1.26
1 514 1.26
1 1830 1.258
1 2373 1.258
1 2713 1.258
1 2780 1.258
1 254 1.258
1 1860 1.256
1 2372 1.256
1 1576 1.256
1 2131 1.256
1 397 1.256
1 2509 1.256
1 3329 1.256
1 1053 1.254
1 169 1.254
1 883 1.254
1 3440 1.254
1 2086 1.254
1 1869 1.254
1 3599 1.254
1 2175 1.254
1 166 1.252
1 2365 1.252
1 57 1.252
1 1601 1.252
1 1614 1.252
1 1049 1.25
1 986 1.25
1 2473 1.25
1 3850 1.25
1 3662 1.25
1 1144 1.248
1 1845 1.248
1 3770 1.248
1 1546 1.248
1 795 1.248
1 418 1.248
1 3852 1.248
1 1955 1.246
1 1959 1.246
1 1873 1.246
1 1765 1.246
1 1421 1.246
1 83 1.246
1 2784 1.244
1 159 1.244
1 1235 1.244
1 843 1.244
1 877 1.244
1 852 1.244
1 307 1.242
1 428 1.242
1 825 1.242
1 2566 1.242
1 1755 1.242
1 1597 1.242
1 990 1.242
1 2468 1.242
1 1848 1.24
1 56 1.24
1 1540 1.24
1 983 1.24
1 860 1.24
1 303 1.238
1 3756 1.238
1 483 1.238
1 2362 1.238
1 1264 1.238
1 589 1.238
1 1613 1.238
1 1218 1.238
1 1323 1.238
1 1114 1.238
1 3846 1.238
1 1214 1.236
1 822 1.236
1 448 1.236
1 2696 1.236
1 684 1.236
1 3818 1.236
1 1048 1.236
1 538 1.234
1 1727 1.234
1 2368 1.234
1 1582 1.234
1 478 1.234
1 3656 1.234
1 1607 1.234
1 2018 1.234
1 699 1.234
1 2612 1.234
1 2781 1.234
1 1302 1.234
1 1838 1.232
1 164 1.232
1 1938 1.232
1 1961 1.232
1 1282 1.232
1 798 1.232
1 1057 1.23
1 2748 1.23
1 1610 1.23
1 3875 1.23
1 90 1.23
1 811 1.228
1 576 1.228
1 1875 1.228
1 138 1.228
1 2754 1.228
1 1296 1.228
1 308 1.226
1 882 1.226
1 382 1.226
1 954 1.226
1 3562 1.226
1 1433 1.226
1 3739 1.226
1 2785 1.224
1 442 1.224
1 1578 1.224
1 599 1.224
1 1729 1.222
1 943 1.222
1 3718 1.222
1 1668 1.222
1 2469 1.222
1 518 1.222
1 1008 1.222
1 631 1.222
1 1840 1.22
1 1962 1.22
1 1965 1.22
1 1879 1.22
1 2152 1.22
1 1760 1.22
1 3831 1.22
1 154 1.218
1 2688 1.218
1 449 1.218
1 1524 1.218
1 1260 1.218
1 1780 1.218
1 1287 1.218
1 2522 1.216
1 155 1.216
1 2240 1.216
1 1225 1.216
1 1937 1.216
1 2364 1.216
1 2041 1.216
1 3574 1.216
1 1301 1.216
1 1007 1.216
1 1820 1.216
1 2531 1.214
1 1665 1.214
1 993 1.214
1 2685 1.214
1 3844 1.214
1 306 1.212
1 639 1.212
1 1944 1.212
1 817 1.212
1 2721 1.212
1 1986 1.212
1 1608 1.212
1 1469 1.212
1 101 1.21
1 325 1.21
1 886 1.21
1 2704 1.21
1 503 1.21
1 82 1.21
1 1916 1.208
1 1209 1.208
1 1227 1.208
1 2045 1.208
1 1427 1.208
1 1206 1.206
1 1146 1.206
1 2366 1.206
1 2563 1.206
1 2374 1.206
1 1587 1.206
1 1535 1.206
1 1775 1.206
1 1777 1.206
1 2722 1.206
1 781 1.206
1 240 1.206
1 1334 1.206
1 3851 1.206
1 2623 1.204
1 2667 1.204
1 2548 1.204
1 444 1.204
1 1958 1.204
1 346 1.204
1 1778 1.204
1 2470 1.204
1 3582 1.204
1 85 1.204
1 3686 1.202
1 1212 1.202
1 1977 1.202
1 841 1.202
1 354 1.202
1 1438 1.202
1 701 1.202
1 3840 1.202
1 1726 1.2
1 264 1.2
1 2530 1.2
1 2046 1.2
1 388 1.2
1 1089 1.2
1 591 1.2
1 193 1.2
1 500 1.2
1 1802 1.2
1 2350 1.2
1 869 1.198
1 2755 1.198
1 780 1.198
1 2454 1.198
1 1337 1.198
1 1946 1.196
1 648 1.196
1 376 1.196
1 1874 1.196
1 1883 1.196
1 2149 1.196
1 411 1.196
1 2616 1.196
1 1320 1.196
1 2168 1.196
1 1327 1.196
1 2513 1.196
1 93 1.196
1 3738 1.196
1 1023 1.194
1 931 1.194
1 3323 1.194
1 563 1.194
1 884 1.194
1 2375 1.194
1 1256 1.194
1 1880 1.194
1 3800 1.194
1 988 1.194
1 1216 1.194
1 304 1.192
1 1404 1.192
1 2549 1.192
1 1954 1.192
1 1364 1.192
1 1939 1.192
1 174 1.192
1 1877 1.192
1 1602 1.192
1 1882 1.192
1 2769 1.192
1 1111 1.192
1 1453 1.192
1 1722 1.19
1 1866 1.19
1 810 1.19
1 3595 1.19
1 900 1.19
1 2512 1.19
1 2386 1.188
1 320 1.188
1 1250 1.188
1 1878 1.188
1 2729 1.188
1 1217 1.188
1 3824 1.188
1 1814 1.188
1 1719 1.188
1 1723 1.186
1 1658 1.186
1 2547 1.186
1 3518 1.186
1 2279 1.186
1 570 1.186
1 1987 1.186
1 1431 1.186
1 593 1.186
1 404 1.186
1 2139 1.186
1 1470 1.186
1 562 1.184
1 2575 1.184
1 3820 1.184
1 2819 1.184
1 1357 1.182
1 1871 1.182
1 1647 1.182
1 3613 1.182
1 1200 1.182
1 1622 1.182
1 2195 1.182
1 706 1.182
1 3848 1.182
1 2038 1.18
1 1829 1.18
1 2668 1.18
1 1919 1.18
1 2680 1.18
1 3612 1.18
1 3506 1.18
1 2671 1.18
1 1991 1.18
1 1276 1.18
1 3814 1.18
1 987 1.18
1 1001 1.18
1 1456 1.18
1 702 1.18
1 3879 1.18
1 3397 1.178
1 1662 1.178
1 1092 1.178
1 1604 1.178
1 1177 1.178
1 1616 1.178
1 2633 1.178
1 3841 1.178
1 3849 1.178
1 1130 1.176
1 2770 1.176
1 820 1.176
1 3519 1.176
1 340 1.176
1 1744 1.176
1 2741 1.176
1 1811 1.176
1 2511 1.176
1 427 1.174
1 1664 1.174
1 3729 1.174
1 1352 1.174
1 163 1.174
1 1506 1.174
1 2095 1.174
1 1520 1.174
1 1870 1.174
1 3795 1.174
1 1275 1.174
1 2169 1.174
1 1628 1.174
1 1457 1.174
1 2391 1.172
1 1354 1.172
1 374 1.172
1 1941 1.172
1 381 1.172
1 577 1.172
1 1748 1.172
1 1087 1.172
1 3731 1.172
1 1611 1.172
1 1612 1.172
1 238 1.172
1 299 1.172
1 253 1.172
1 709 1.172
1 1717 1.172
1 3843 1.172
1 2238 1.17
1 2133 1.17
1 2740 1.17
1 595 1.17
1 3816 1.17
1 250 1.17
1 1311 1.17
1 3847 1.17
1 2053 1.168
1 1721 1.168
1 1828 1.168
1 1667 1.168
1 1504 1.168
1 2569 1.168
1 285 1.168
1 1430 1.168
1 880 1.168
1 902 1.168
1 2349 1.168
1 1763 1.168
1 1309 1.168
1 3680 1.166
1 1056 1.166
1 488 1.166
1 3611 1.166
1 2567 1.166
1 3757 1.166
1 2424 1.166
1 1749 1.166
1 75 1.166
1 3804 1.166
1 1097 1.166
1 1447 1.164
1 147 1.164
1 1728 1.164
1 3549 1.164
1 651 1.164
1 1981 1.164
1 1426 1.164
1 355 1.164
1 1615 1.164
1 3651 1.164
1 3837 1.164
1 3842 1.164
1 149 1.162
1 3548 1.162
1 2555 1.162
1 2093 1.162
1 673 1.162
1 1872 1.162
1 579 1.162
1 2043 1.162
1 1895 1.162
1 1100 1.162
1 1800 1.162
1 531 1.162
1 1720 1.16
1 1725 1.16
1 432 1.16
1 2546 1.16
1 2581 1.16
1 3655 1.16
1 890 1.16
1 601 1.16
1 2560 1.16
1 1013 1.16
1 1821 1.16
1 3694 1.158
1 3780 1.158
1 1403 1.158
1 925 1.158
1 1926 1.158
1 663 1.158
1 1885 1.158
1 3796 1.158
1 202 1.158
1 2763 1.158
1 1325 1.158
1 1124 1.158
1 711 1.158
1 1348 1.156
1 3726 1.156
1 2219 1.156
1 2687 1.156
1 2222 1.156
1 1862 1.156
1 3786 1.156
1 347 1.156
1 2432 1.156
1 1429 1.156
1 879 1.156
1 691 1.156
1 2167 1.156
1 2792 1.156
1 2639 1.156
1 1819 1.156
1 3868 1.156
1 2384 1.154
1 316 1.154
1 2620 1.154
1 3734 1.154
1 405 1.154
1 1445 1.154
1 786 1.154
1 3836 1.154
1 1826 1.152
1 2658 1.152
1 2395 1.152
1 1359 1.152
1 1085 1.152
1 2752 1.152
1 2778 1.152
1 704 1.152
1 2652 1.15
1 2394 1.15
1 2204 1.15
1 2249 1.15
1 2206 1.15
1 1159 1.15
1 1512 1.15
1 1073 1.15
1 2742 1.15
1 581 1.15
1 1437 1.15
1 1901 1.15
1 2165 1.15
1 906 1.15
1 2472 1.15
1 3682 1.15
1 1639 1.148
1 1772 1.148
1 3555 1.148
1 2143 1.148
1 1102 1.148
1 413 1.148
1 3819 1.148
1 2351 1.148
1 3675 1.148
1 3839 1.148
1 926 1.146
1 1362 1.146
1 1366 1.146
1 2246 1.146
1 391 1.146
1 3173 1.146
1 113 1.146
1 1897 1.146
1 3817 1.146
1 3160 1.144
1 644 1.144
1 646 1.144
1 2397 1.144
1 2205 1.144
1 3565 1.144
1 580 1.144
1 1416 1.144
1 1983 1.144
1 982 1.144
1 1552 1.144
1 2179 1.144
1 1006 1.144
1 558 1.142
1 938 1.142
1 1154 1.142
1 1280 1.142
1 3835 1.142
1 2750 1.142
1 423 1.14
1 1824 1.14
1 2207 1.14
1 575 1.14
1 392 1.14
1 477 1.14
1 3784 1.14
1 2443 1.14
1 3294 1.14
1 2751 1.14
1 532 1.138
1 2244 1.138
1 2562 1.138
1 3733 1.138
1 2209 1.138
1 452 1.138
1 2675 1.138
1 1258 1.138
1 192 1.138
1 1281 1.138
1 511 1.138
1 120 1.138
1 1081 1.138
1 3699 1.138
1 714 1.136
1 715 1.136
1 2525 1.136
1 3779 1.136
1 643 1.136
1 1495 1.136
1 658 1.136
1 2558 1.136
1 3121 1.136
1 578 1.136
1 1079 1.136
1 3720 1.136
1 76 1.136
1 991 1.136
1 2779 1.136
1 2692 1.136
1 1822 1.134
1 422 1.134
1 636 1.134
1 2653 1.134
1 1232 1.134
1 172 1.134
1 490 1.134
1 574 1.134
1 2673 1.134
1 1988 1.134
1 2634 1.134
1 3870 1.134
1 3563 1.132
1 1982 1.132
1 1989 1.132
1 978 1.132
1 406 1.132
1 1284 1.132
1 1106 1.132
1 609 1.132
1 996 1.132
1 2357 1.132
1 3838 1.132
1 258 1.13
1 1021 1.13
1 1940 1.13
1 1632 1.13
1 1141 1.13
1 1769 1.13
1 1856 1.13
1 1734 1.13
1 952 1.13
1 1985 1.13
1 2608 1.13
1 1550 1.13
1 1619 1.13
1 1905 1.13
1 3856 1.13
1 132 1.13
1 3676 1.13
1 3857 1.13
1 1468 1.13
1 1203 1.13
1 2731 1.128
1 1062 1.128
1 2220 1.128
1 2510 1.128
1 337 1.128
1 2611 1.128
1 1553 1.128
1 3652 1.128
1 3821 1.128
1 797 1.128
1 708 1.128
1 2359 1.128
1 257 1.126
1 2732 1.126
1 1478 1.126
1 265 1.126
1 2393 1.126
1 647 1.126
1 2245 1.126
1 2247 1.126
1 660 1.126
1 2420 1.126
1 955 1.126
1 1417 1.126
1 909 1.126
1 520 1.126
1 794 1.126
1 1471 1.124
1 2137 1.124
1 1094 1.124
1 1279 1.124
1 1549 1.124
1 3747 1.124
1 1557 1.124
1 3688 1.124
1 3646 1.124
1 415 1.124
1 298 1.124
1 796 1.124
1 145 1.122
1 2730 1.122
1 1834 1.122
1 3741 1.122
1 2392 1.122
1 2458 1.122
1 2460 1.122
1 2550 1.122
1 323 1.122
1 939 1.122
1 2669 1.122
1 1192 1.122
1 3164 1.122
1 2767 1.122
1 3822 1.122
1 519 1.122
1 2635 1.122
1 2356 1.122
1 1477 1.12
1 1932 1.12
1 482 1.12
1 1147 1.12
1 1164 1.12
1 2423 1.12
1 676 1.12
1 2425 1.12
1 679 1.12
1 2429 1.12
1 1420 1.12
1 1990 1.12
1 1767 1.12
1 2449 1.12
1 2163 1.12
1 2637 1.12
1 622 1.12
1 3567 1.12
1 1466 1.12
1 1718 1.12
1 1638 1.12
1 1915 1.12
1 425 1.118
1 484 1.118
1 649 1.118
1 1659 1.118
1 1498 1.118
1 328 1.118
1 2231 1.118
1 3674 1.118
1 1413 1.118
1 1267 1.118
1 2765 1.118
1 3456 1.118
1 610 1.118
1 2651 1.116
1 1654 1.116
1 2775 1.116
1 1515 1.116
1 2710 1.116
1 960 1.116
1 2676 1.116
1 1080 1.116
1 967 1.116
1 989 1.116
1 1556 1.116
1 2776 1.116
1 1451 1.116
1 2032 1.116
1 1020 1.114
1 1208 1.114
1 2761 1.114
1 3740 1.114
1 2622 1.114
1 655 1.114
1 2403 1.114
1 831 1.114
1 1161 1.114
1 1070 1.114
1 958 1.114
1 2670 1.114
1 3592 1.114
1 2437 1.114
1 1283 1.114
1 606 1.114
1 997 1.114
1 2632 1.114
1 3845 1.114
1 2554 1.112
1 1022 1.112
1 2774 1.112
1 1236 1.112
1 1242 1.112
1 2524 1.112
1 571 1.112
1 2577 1.112
1 2674 1.112
1 1752 1.112
1 1424 1.112
1 3808 1.112
1 1090 1.112
1 2157 1.112
1 903 1.112
1 1288 1.112
1 2464 1.112
1 2693 1.112
1 1785 1.112
1 525 1.112
1 1467 1.112
1 2360 1.112
1 2226 1.11
1 2656 1.11
1 266 1.11
1 2457 1.11
1 829 1.11
1 2557 1.11
1 1149 1.11
1 1150 1.11
1 1733 1.11
1 1157 1.11
1 3550 1.11
1 2720 1.11
1 686 1.11
1 1171 1.11
1 1093 1.11
1 2440 1.11
1 1891 1.11
1 3654 1.11
1 908 1.11
1 998 1.11
1 2559 1.11
1 3647 1.11
1 2642 1.11
1 1012 1.11
1 2707 1.11
1 1823 1.108
1 2545 1.108
1 650 1.108
1 1670 1.108
1 332 1.108
1 3782 1.108
1 1516 1.108
1 2718 1.108
1 2426 1.108
1 680 1.108
1 1269 1.108
1 2592 1.108
1 1889 1.108
1 2021 1.108
1 118 1.108
1 2040 1.108
1 2358 1.108
1 3672 1.108
1 1315 1.106
1 1136 1.106
1 2228 1.106
1 1226 1.106
1 272 1.106
1 928 1.106
1 2248 1.106
1 1735 1.106
1 2572 1.106
1 2419 1.106
1 1809 1.106
1 1075 1.106
1 2739 1.106
1 2764 1.106
1 2766 1.106
1 904 1.106
1 911 1.106
1 2033 1.106
1 1627 1.106
1 2035 1.106
1 552 1.106
1 3697 1.106
1 2749 1.106
1 1125 1.106
1 3678 1.106
1 813 1.104
1 640 1.104
1 2528 1.104
1 3165 1.104
1 1839 1.104
1 2230 1.104
1 2681 1.104
1 828 1.104
1 2232 1.104
1 1861 1.104
1 965 1.104
1 3772 1.104
1 1753 1.104
1 683 1.104
1 2431 1.104
1 1167 1.104
1 1759 1.104
1 2744 1.104
1 2438 1.104
1 3813 1.104
1 774 1.104
1 1444 1.104
1 2162 1.104
1 3645 1.104
1 3025 1.104
1 2177 1.104
1 2178 1.104
1 3874 1.104
1 2694 1.104
1 1307 1.104
1 3873 1.104
1 3746 1.102
1 1652 1.102
1 3693 1.102
1 1224 1.102
1 921 1.102
1 2662 1.102
1 1142 1.102
1 1040 1.102
1 2625 1.102
1 1660 1.102
1 1731 1.102
1 1401 1.102
1 666 1.102
1 1740 1.102
1 181 1.102
1 2719 1.102
1 1262 1.102
1 2044 1.102
1 3588 1.102
1 3749 1.102
1 2593 1.102
1 1766 1.102
1 2745 1.102
1 1274 1.102
1 2600 1.102
1 2602 1.102
1 1190 1.102
1 1890 1.102
1 895 1.102
1 898 1.102
1 1443 1.102
1 775 1.102
1 2444 1.102
1 779 1.102
1 2638 1.102
1 1906 1.102
1 1562 1.102
1 1116 1.102
1 362 1.102
1 1305 1.102
1 522 1.102
1 2643 1.102
1 3878 1.102
1 3745 1.1
1 1833 1.1
1 1483 1.1
1 2405 1.1
1 1041 1.1
1 3778 1.1
1 324 1.1
1 1935 1.1
1 2417 1.1
1 1808 1.1
1 3759 1.1
1 962 1.1
1 1751 1.1
1 1263 1.1
1 1530 1.1
1 1539 1.1
1 1173 1.1
1 695 1.1
1 3629 1.1
1 2019 1.1
1 2213 1.1
1 363 1.1
1 1306 1.1
1 1015 1.1
1 2647 1.098
1 2650 1.098
1 151 1.098
1 3169 1.098
1 268 1.098
1 1365 1.098
1 1151 1.098
1 1241 1.098
1 2250 1.098
1 1244 1.098
1 2088 1.098
1 2138 1.098
1 2605 1.098
1 1526 1.098
1 2428 1.098
1 1169 1.098
1 2594 1.098
1 1768 1.098
1 1176 1.098
1 1194 1.098
1 1448 1.098
1 612 1.098
1 2789 1.098
1 3695 1.098
1 1904 1.098
1 2039 1.098
1 2218 1.096
1 433 1.096
1 370 1.096
1 434 1.096
1 2396 1.096
1 1046 1.096
1 836 1.096
1 2564 1.096
1 2699 1.096
1 3497 1.096
1 2282 1.096
1 3638 1.096
1 2136 1.096
1 1414 1.096
1 1525 1.096
1 582 1.096
1 1529 1.096
1 3806 1.096
1 1439 1.096
1 2446 1.096
1 114 1.096
1 2613 1.096
1 1900 1.096
1 1554 1.096
1 2773 1.096
1 1299 1.096
1 2176 1.096
1 791 1.096
1 523 1.096
1 1910 1.096
1 528 1.096
1 2216 1.094
1 637 1.094
1 2523 1.094
1 1476 1.094
1 1837 1.094
1 2390 1.094
1 1229 1.094
1 2880 1.094
1 1656 1.094
1 1671 1.094
1 2565 1.094
1 1243 1.094
1 2412 1.094
1 2700 1.094
1 1247 1.094
1 2211 1.094
1 1408 1.094
1 2580 1.094
1 963 1.094
1 1412 1.094
1 3569 1.094
1 2895 1.094
1 1273 1.094
1 1172 1.094
1 598 1.094
1 2020 1.094
1 3630 1.094
1 2614 1.094
1 2026 1.094
1 1108 1.094
1 1455 1.094
1 3832 1.094
1 3236 1.094
1 2051 1.094
1 2379 1.092
1 2223 1.092
1 3275 1.092
1 1934 1.092
1 2227 1.092
1 3799 1.092
1 1487 1.092
1 927 1.092
1 2459 1.092
1 3296 1.092
1 1494 1.092
1 3398 1.092
1 1569 1.092
1 1505 1.092
1 1930 1.092
1 2578 1.092
1 1743 1.092
1 1255 1.092
1 1527 1.092
1 1268 1.092
1 3589 1.092
1 1542 1.092
1 980 1.092
1 2610 1.092
1 1781 1.092
1 600 1.092
1 3631 1.092
1 3722 1.092
1 2617 1.092
1 121 1.092
1 2214 1.092
1 1815 1.092
1 416 1.092
1 2849 1.092
1 3775 1.092
1 2553 1.092
1 1831 1.09
1 1132 1.09
1 150 1.09
1 2170 1.09
1 368 1.09
1 2659 1.09
1 1486 1.09
1 2665 1.09
1 105 1.09
1 2539 1.09
1 1234 1.09
1 3669 1.09
1 1730 1.09
1 2698 1.09
1 3648 1.09
1 2413 1.09
1 1858 1.09
1 334 1.09
1 1066 1.09
1 3744 1.09
1 670 1.09
1 3766 1.09
1 2723 1.09
1 583 1.09
1 1754 1.09
1 3748 1.09
1 685 1.09
1 3809 1.09
1 1088 1.09
1 3792 1.09
1 2601 1.09
1 594 1.09
1 1544 1.09
1 2154 1.09
1 597 1.09
1 116 1.09
1 1290 1.09
1 1452 1.09
1 2172 1.09
1 2353 1.09
1 3660 1.09
1 137 1.09
1 3763 1.09
1 2708 1.09
1 2378 1.088
1 1917 1.088
1 2520 1.088
1 2380 1.088
1 3776 1.088
1 2533 1.088
1 1213 1.088
1 2387 1.088
1 2235 1.088
1 2679 1.088
1 2683 1.088
1 1061 1.088
1 2208 1.088
1 948 1.088
1 2573 1.088
1 2709 1.088
1 966 1.088
1 682 1.088
1 1893 1.088
1 2145 1.088
1 1168 1.088
1 1271 1.088
1 590 1.088
1 3621 1.088
1 1196 1.088
1 3758 1.088
1 3566 1.088
1 3644 1.088
1 2465 1.088
1 2036 1.088
1 1672 1.088
1 2859 1.088
1 2552 1.088
1 800 1.088
1 3855 1.088
1 2212 1.086
1 2527 1.086
1 3764 1.086
1 3719 1.086
1 1503 1.086
1 2411 1.086
1 2281 1.086
1 454 1.086
1 384 1.086
1 1511 1.086
1 390 1.086
1 2579 1.086
1 1074 1.086
1 2135 1.086
1 1259 1.086
1 3769 1.086
1 1758 1.086
1 1992 1.086
1 3159 1.086
1 892 1.086
1 2442 1.086
1 504 1.086
1 2609 1.086
1 1894 1.086
1 1784 1.086
1 776 1.086
1 3636 1.086
1 1449 1.086
1 2029 1.086
1 2629 1.086
1 2636 1.086
1 1634 1.086
1 2646 1.086
1 2217 1.084
1 1484 1.084
1 3706 1.084
1 2538 1.084
1 1472 1.084
1 941 1.084
1 453 1.084
1 2092 1.084
1 2094 1.084
1 2706 1.084
1 1745 1.084
1 964 1.084
1 2726 1.084
1 1536 1.084
1 1757 1.084
1 2753 1.084
1 1545 1.084
1 1197 1.084
1 1286 1.084
1 2619 1.084
1 2462 1.084
1 785 1.084
1 2691 1.084
1 2048 1.084
1 2940 1.082
1 635 1.082
1 3801 1.082
1 1832 1.082
1 1210 1.082
1 1491 1.082
1 3811 1.082
1 1565 1.082
1 2684 1.082
1 327 1.082
1 48 1.082
1 1397 1.082
1 1399 1.082
1 2703 1.082
1 1067 1.082
1 3551 1.082
1 1741 1.082
1 2132 1.082
1 572 1.082
1 2712 1.082
1 1522 1.082
1 1523 1.082
1 2587 1.082
1 976 1.082
1 3596 1.082
1 2747 1.082
1 502 1.082
1 901 1.082
1 512 1.082
1 3633 1.082
1 1289 1.082
1 907 1.082
1 122 1.082
1 3641 1.082
1 3380 1.082
1 2361 1.082
1 1300 1.082
1 1812 1.082
1 2354 1.082
1 3663 1.082
1 1673 1.082
1 1646 1.08
1 932 1.08
1 2407 1.08
1 3711 1.08
1 3737 1.08
1 2568 1.08
1 1065 1.08
1 3753 1.08
1 1406 1.08
1 2604 1.08
1 2585 1.08
1 1534 1.08
1 2430 1.08
1 3086 1.08
1 2151 1.08
1 501 1.08
1 3787 1.08
1 1888 1.08
1 2441 1.08
1 2606 1.08
1 3634 1.08
1 2024 1.08
1 1294 1.08
1 1005 1.08
1 3665 1.08
1 2892 1.08
1 1205 1.078
1 2385 1.078
1 1835 1.078
1 2404 1.078
1 2556 1.078
1 3564 1.078
1 2414 1.078
1 664 1.078
1 665 1.078
1 2705 1.078
1 3767 1.078
1 1538 1.078
1 1272 1.078
1 3594 1.078
1 878 1.078
1 2027 1.078
1 3653 1.078
1 1400 1.078
1 620 1.078
1 1631 1.078
1 3793 1.078
1 2516 1.078
1 3798 1.076
1 536 1.076
1 2388 1.076
1 2537 1.076
1 2624 1.076
1 2542 1.076
1 2543 1.076
1 3727 1.076
1 3751 1.076
1 568 1.076
1 871 1.076
1 2714 1.076
1 2589 1.076
1 1993 1.076
1 994 1.076
1 1801 1.076
1 2467 1.076
1 1117 1.076
1 1908 1.076
1 3148 1.074
1 2521 1.074
1 2660 1.074
1 1666 1.074
1 326 1.074
1 2409 1.074
1 3683 1.074
1 2415 1.074
1 2677 1.074
1 1864 1.074
1 2715 1.074
1 1077 1.074
1 2140 1.074
1 3573 1.074
1 3781 1.074
1 2598 1.074
1 2448 1.074
1 615 1.074
1 1624 1.074
1 1112 1.074
1 2790 1.074
1 2196 1.074
1 2049 1.074
1 3853 1.074
1 2654 1.072
1 3707 1.072
1 1043 1.072
1 3713 1.072
1 557 1.072
1 1398 1.072
1 1249 1.072
1 455 1.072
1 1069 1.072
1 1742 1.072
1 671 1.072
1 3783 1.072
1 3572 1.072
1 1532 1.072
1 3805 1.072
1 1109 1.072
1 239 1.072
1 1625 1.072
1 1113 1.072
1 2383 1.07
1 1024 1.07
1 823 1.07
1 2399 1.07
1 3750 1.07
1 3703 1.07
1 1978 1.07
1 3721 1.07
1 2661 1.07
1 2433 1.07
1 1779 1.07
1 1440 1.07
1 773 1.07
1 115 1.07
1 2451 1.07
1 1463 1.07
1 1010 1.07
1 3664 1.07
1 3681 1.068
1 319 1.068
1 2237 1.068
1 2158 1.068
1 383 1.068
1 669 1.068
1 3762 1.068
1 672 1.068
1 1746 1.068
1 3593 1.068
1 2028 1.068
1 792 1.068
1 1464 1.068
1 2050 1.068
1 1350 1.066
1 3709 1.066
1 1233 1.066
1 3219 1.066
1 335 1.066
1 2640 1.066
1 1110 1.066
1 1004 1.066
1 2037 1.066
1 2916 1.066
1 2514 1.066
1 1312 1.066
1 2983 1.064
1 1211 1.064
1 2657 1.064
1 1367 1.064
1 837 1.064
1 3475 1.064
1 3618 1.064
1 3642 1.064
1 534 1.062
1 930 1.062
1 2236 1.062
1 3520 1.062
1 2574 1.062
1 2054 1.062
1 2475 1.062
1 2544 1.06
1 2777 1.06
1 2456 1.058
1 929 1.056
1 1676 1.054
1 1911 1.054
1 1462 1.046
1 1566 1.044
1 3076 1.0
1 916 1.0
1 430 1.0
1 1855 1.0
1 110 1.0
1 52 1.0
1 2701 1.0
1 668 1.0
1 1994 1.0
1 2015 1.0
1 992 1.0
1 2047 1.0
1 3867 1.0
1 3872 1.0
1 3876 1.0
2 189 8.724
2 494 8.59
2 2758 8.56
2 2756 8.462
2 3637 8.324
2 290 8.07
2 1887 8.07
2 2760 8.024
2 2757 7.956
2 81 7.884
2 3296 7.724
2 2761 7.66
2 1029 7.554
2 2597 7.518
2 1820 7.432
2 3634 7.366
2 3633 7.278
2 3862 6.882
2 2476 6.816
2 910 6.722
2 2759 6.692
2 1804 6.658
2 2596 6.536
2 917 6.41
2 3811 6.216
2 940 6.174
2 544 5.972
2 3635 5.854
2 3865 5.792
2 2570 5.79
2 3864 5.682
2 2762 5.564
2 3863 5.512
2 3619 5.298
2 3601 5.222
2 537 5.168
2 1899 5.144
2 236 5.078
2 2582 4.828
2 3866 4.822
2 766 4.81
2 3812 4.78
2 793 4.762
2 2598 4.754
2 170 4.556
2 3553 4.554
2 1096 4.302
2 38 3.936
2 1099 3.93
2 333 3.914
2 1095 3.826
2 126 3.758
2 1165 3.712
2 1126 3.648
2 3640 3.574
2 1055 3.57
2 328 3.492
2 2846 3.482
2 321 3.462
2 3623 3.384
2 2687 3.376
2 3609 3.368
2 420 3.362
2 3605 3.356
2 2562 3.344
2 545 3.342
2 1499 3.33
2 3606 3.326
2 3622 3.324
2 3608 3.308
2 3624 3.282
2 3607 3.258
2 188 3.252
2 1869 3.246
2 1951 3.24
2 3554 3.204
2 7 3.182
2 3604 3.18
2 3610 3.15
2 365 3.148
2 756 3.144
2 3555 3.128
2 247 3.11
2 3158 3.108
2 3556 3.102
2 2772 3.09
2 3602 3.056
2 3807 3.046
2 789 3.038
2 310 3.02
2 515 3.006
2 2763 3.002
2 1593 2.978
2 322 2.972
2 3603 2.968
2 208 2.938
2 3578 2.916
2 2769 2.908
2 2767 2.878
2 3159 2.716
2 2787 2.684
2 2781 2.66
2 3806 2.612
2 245 2.594
2 1528 2.592
2 2849 2.584
2 2780 2.584
2 2783 2.558
2 274 2.428
2 3568 2.426
2 803 2.41
2 3625 2.392
2 3172 2.384
2 3160 2.378
2 3164 2.356
2 3620 2.31
2 752 2.25
2 3616 2.198
2 3579 2.182
2 2794 2.172
2 3580 2.142
2 1603 2.13
2 3518 2.122
2 3454 2.12
2 3588 2.104
2 3561 2.08
2 3397 2.076
2 1463 2.066
2 2944 2.062
2 359 2.05
2 3567 2.042
2 3810 2.016
2 3323 2.008
2 3571 1.994
2 3658 1.984
2 3641 1.974
2 3570 1.964
2 3151 1.958
2 3572 1.954
2 3166 1.952
2 3562 1.938
2 3165 1.936
2 283 1.93
2 1281 1.922
2 3569 1.92
2 3447 1.91
2 3629 1.888
2 3587 1.85
2 3617 1.772
2 3155 1.772
2 1251 1.762
2 3642 1.756
2 2812 1.736
2 3575 1.732
2 872 1.732
2 3153 1.726
2 2489 1.724
2 830 1.71
2 3152 1.71
2 3573 1.71
2 3132 1.7
2 1501 1.7
2 2353 1.684
2 3657 1.678
2 1380 1.668
2 2779 1.662
2 2777 1.658
2 3156 1.64
2 3650 1.536
2 3648 1.512
2 2279 1.51
2 3157 1.508
2 778 1.506
2 3519 1.506
2 568 1.504
2 3659 1.504
2 3576 1.5
2 2122 1.496
2 91 1.496
2 3563 1.496
2 3593 1.494
2 1053 1.494
2 3615 1.49
2 565 1.49
2 3631 1.488
2 3598 1.488
2 3548 1.488
2 654 1.484
2 3565 1.484
2 3600 1.484
2 3594 1.482
2 1776 1.482
2 3581 1.482
2 3599 1.482
2 3549 1.48
2 3552 1.48
2 179 1.478
2 3595 1.478
2 3077 1.478
2 3075 1.476
2 539 1.476
2 1313 1.474
2 3566 1.474
2 3178 1.474
2 2621 1.474
2 1195 1.47
2 1639 1.47
2 3590 1.47
2 2628 1.468
2 3636 1.466
2 3150 1.466
2 2697 1.466
2 3813 1.466
2 1060 1.462
2 1884 1.462
2 429 1.46
2 2197 1.46
2 3182 1.46
2 2203 1.458
2 3236 1.458
2 896 1.456
2 3149 1.456
2 3591 1.456
2 2189 1.454
2 3814 1.454
2 1454 1.452
2 3577 1.452
2 1811 1.452
2 3649 1.452
2 1254 1.45
2 3592 1.448
2 2983 1.448
2 1508 1.446
2 1260 1.442
2 395 1.44
2 3589 1.44
2 675 1.436
2 437 1.434
2 3630 1.406
3 1256 7.91
3 3158 3.756
3 2762 3.736
3 3167 3.53
3 3182 3.25
3 3 3.13
3 3191 2.662
3 402 2.55
3 3179 2.318
3 3181 2.272
3 1017 2.132
3 413 2.044
3 3176 1.84
3 1251 1.59
3 3178 1.584
3 2844 1.458
3 1415 1.456
3 3132 1.452
3 1245 1.44
3 3289 1.412
3 1358 1.4
3 2782 1.378
3 3316 1.376
3 766 1.366
3 2945 1.364
3 725 1.352
3 2459 1.352
3 2883 1.348
3 910 1.34
3 1322 1.336
3 803 1.336
3 7 1.33
3 3426 1.328
3 1860 1.328
3 1650 1.324
3 1870 1.316
3 527 1.304
3 3293 1.3
3 824 1.3
3 2418 1.296
3 1047 1.296
3 1078 1.296
3 3170 1.296
3 2617 1.294
3 409 1.294
3 179 1.288
3 3211 1.284
3 1500 1.284
3 3419 1.28
3 1352 1.276
3 305 1.276
3 3061 1.276
3 2378 1.27
3 3282 1.266
3 690 1.264
3 1858 1.264
3 2322 1.262
3 603 1.254
3 2390 1.254
3 200 1.25
3 2894 1.25
3 1281 1.248
3 1360 1.248
3 3416 1.248
3 3099 1.248
3 2850 1.244
3 3453 1.244
3 2867 1.242
3 2900 1.24
3 793 1.238
3 3348 1.238
3 3450 1.236
3 3021 1.236
3 3190 1.236
3 3418 1.234
3 3051 1.234
3 1333 1.23
3 2898 1.228
3 3125 1.226
3 2997 1.226
3 2841 1.224
3 101 1.22
3 1349 1.22
3 1567 1.22
3 3292 1.218
3 2871 1.216
3 3291 1.214
3 3455 1.214
3 3465 1.214
3 3002 1.21
3 2477 1.21
3 2869 1.21
3 3035 1.208
3 3071 1.208
3 1542 1.208
3 1057 1.208
3 3384 1.208
3 139 1.206
3 2941 1.206
3 3008 1.206
3 3022 1.206
3 3391 1.206
3 2402 1.204
3 3459 1.202
3 2794 1.202
3 2980 1.2
3 2988 1.2
3 2820 1.198
3 604 1.198
3 1134 1.198
3 608 1.196
3 3275 1.196
3 2993 1.196
3 2823 1.194
3 2374 1.194
3 459 1.194
3 574 1.192
3 3105 1.192
3 468 1.19
3 133 1.19
3 3174 1.19
3 3397 1.188
3 3040 1.186
3 3041 1.186
3 1189 1.186
3 3012 1.186
3 3106 1.184
3 3017 1.184
3 981 1.184
3 2874 1.182
3 3308 1.182
3 3121 1.182
3 1310 1.18
3 507 1.18
3 3423 1.178
3 2818 1.178
3 3144 1.178
3 2950 1.178
3 3112 1.178
3 3433 1.178
3 2958 1.178
3 1618 1.178
3 2830 1.178
3 3290 1.178
3 260 1.176
3 2853 1.176
3 3016 1.176
3 2164 1.176
3 3052 1.176
3 1199 1.176
3 3251 1.174
3 2977 1.174
3 3364 1.174
3 1343 1.172
3 1459 1.172
3 3221 1.172
3 721 1.172
3 2806 1.172
3 3075 1.17
3 3077 1.17
3 2899 1.17
3 2807 1.168
3 1465 1.168
3 2819 1.168
3 2987 1.168
3 587 1.168
3 1274 1.166
3 3005 1.166
3 2812 1.166
3 3331 1.166
3 3054 1.166
3 3093 1.166
3 2112 1.164
3 3140 1.164
3 2984 1.164
3 110 1.162
3 2584 1.162
3 3138 1.162
3 754 1.162
3 2724 1.162
3 2142 1.162
3 2919 1.162
3 2827 1.162
3 2990 1.162
3 3361 1.162
3 407 1.162
3 3404 1.16
3 3261 1.16
3 3333 1.16
3 2891 1.16
3 539 1.16
3 2882 1.158
3 3032 1.158
3 3033 1.158
3 3004 1.156
3 2845 1.156
3 3260 1.156
3 736 1.156
3 3111 1.156
3 2340 1.156
3 2888 1.156
3 2961 1.156
3 1510 1.156
3 503 1.156
3 2872 1.154
3 1265 1.154
3 2787 1.154
3 3019 1.154
3 2797 1.154
3 3375 1.154
3 2937 1.152
3 3074 1.152
3 2816 1.152
3 3266 1.152
3 2760 1.152
3 2938 1.15
3 115 1.15
3 3013 1.15
3 3047 1.15
3 3015 1.15
3 971 1.15
3 2862 1.15
3 2929 1.15
3 3059 1.15
3 2800 1.15
3 2966 1.15
3 3321 1.148
3 3038 1.148
3 2974 1.148
3 756 1.148
3 2927 1.148
3 2901 1.148
3 2101 1.146
3 2634 1.146
3 2943 1.146
3 2660 1.146
3 2857 1.146
3 2595 1.146
3 2449 1.146
3 2802 1.146
3 1912 1.146
3 3129 1.146
3 3044 1.144
3 3082 1.144
3 363 1.144
3 457 1.144
3 986 1.144
3 2813 1.142
3 301 1.142
3 2912 1.142
3 3076 1.142
3 2858 1.142
3 2829 1.142
3 1130 1.142
3 2906 1.14
3 2946 1.14
3 322 1.14
3 3025 1.14
3 3092 1.14
3 3069 1.138
3 2880 1.138
3 3143 1.138
3 2824 1.138
3 2796 1.138
3 3372 1.138
3 2042 1.136
3 2911 1.136
3 2951 1.136
3 389 1.136
3 3029 1.136
3 1228 1.134
3 3101 1.134
3 3219 1.134
3 2811 1.134
3 2186 1.134
3 2750 1.134
3 1603 1.134
3 2896 1.134
3 3063 1.134
3 84 1.132
3 2940 1.132
3 2846 1.132
3 3107 1.132
3 2793 1.132
3 890 1.132
3 1126 1.132
3 3141 1.13
3 2949 1.13
3 3276 1.13
3 2855 1.13
3 3057 1.13
3 3124 1.13
3 1029 1.13
3 2837 1.13
3 2904 1.13
3 1312 1.128
3 3018 1.128
3 2991 1.128
3 2965 1.128
3 3000 1.128
3 3393 1.126
3 2972 1.126
3 2939 1.126
3 2088 1.126
3 162 1.126
3 2909 1.126
3 2848 1.126
3 745 1.126
3 801 1.126
3 2890 1.126
3 2860 1.126
3 415 1.126
3 1688 1.126
3 3100 1.124
3 3036 1.124
3 2641 1.124
3 3430 1.124
3 2887 1.124
3 2355 1.124
3 2957 1.124
3 3237 1.124
3 3322 1.124
3 3068 1.122
3 3103 1.122
3 2876 1.122
3 2828 1.122
3 485 1.122
3 3031 1.122
3 3070 1.12
3 3006 1.12
3 3011 1.12
3 3080 1.12
3 2825 1.12
3 2382 1.12
3 2928 1.12
3 2801 1.12
3 3128 1.12
3 3098 1.12
3 356 1.118
3 170 1.118
3 617 1.118
3 2636 1.118
3 718 1.118
3 2885 1.118
3 2982 1.118
3 1182 1.118
3 2920 1.118
3 2756 1.118
3 3355 1.118
3 2859 1.118
3 2833 1.118
3 2536 1.118
3 2968 1.118
3 3130 1.118
3 3034 1.118
3 3448 1.116
3 3187 1.116
3 3114 1.116
3 3616 1.116
3 1512 1.116
3 367 1.116
3 1011 1.116
3 2998 1.116
3 49 1.116
3 2902 1.116
3 2967 1.116
3 3454 1.116
3 380 1.114
3 3134 1.114
3 2586 1.114
3 2978 1.114
3 2915 1.114
3 3288 1.114
3 2994 1.114
3 2930 1.114
3 3094 1.114
3 3030 1.114
3 2513 1.114
3 3324 1.112
3 1936 1.112
3 3225 1.112
3 2976 1.112
3 1561 1.112
3 3346 1.112
3 2985 1.112
3 2986 1.112
3 2398 1.112
3 2963 1.112
3 372 1.112
3 3135 1.11
3 2842 1.11
3 2877 1.11
3 3139 1.11
3 3109 1.11
3 2981 1.11
3 807 1.11
3 2856 1.11
3 3086 1.11
3 2388 1.11
3 3213 1.108
3 2228 1.108
3 734 1.108
3 2240 1.108
3 2851 1.108
3 2983 1.108
3 2889 1.108
3 3118 1.108
3 2892 1.108
3 3058 1.108
3 2897 1.108
3 3126 1.108
3 3168 1.108
3 1937 1.108
3 2875 1.106
3 190 1.106
3 2947 1.106
3 3050 1.106
3 2923 1.106
3 3089 1.106
3 3314 1.106
3 3095 1.106
3 2836 1.106
3 2935 1.106
3 3037 1.104
3 2942 1.104
3 2878 1.104
3 3108 1.104
3 1376 1.104
3 3014 1.104
3 3146 1.104
3 306 1.104
3 3472 1.104
3 2992 1.104
3 2996 1.104
3 3003 1.102
3 111 1.102
3 2809 1.102
3 2973 1.102
3 1942 1.102
3 1319 1.102
3 3042 1.102
3 1347 1.102
3 2979 1.102
3 3110 1.102
3 2884 1.102
3 2922 1.102
3 3084 1.102
3 3312 1.102
3 2412 1.102
3 2798 1.102
3 3001 1.102
3 2582 1.1
3 2130 1.1
3 2197 1.1
3 1362 1.1
3 3342 1.1
3 2854 1.1
3 517 1.1
3 3090 1.1
3 3026 1.1
3 1054 1.1
3 3345 1.1
3 3399 1.1
3 2934 1.1
3 2905 1.098
3 3067 1.098
3 2044 1.098
3 2944 1.098
3 3009 1.098
3 1032 1.098
3 3055 1.098
3 2893 1.098
3 2926 1.098
3 3473 1.098
3 2507 1.098
3 1840 1.098
3 532 1.098
3 2843 1.096
3 2237 1.096
3 3490 1.096
3 2956 1.096
3 894 1.096
3 3208 1.096
3 2832 1.096
3 480 1.096
3 1055 1.096
3 2560 1.096
3 2969 1.096
3 546 1.094
3 2203 1.094
3 326 1.094
3 3117 1.094
3 3392 1.094
3 494 1.094
3 2839 1.092
3 554 1.092
3 2815 1.092
3 2914 1.092
3 2260 1.092
3 3048 1.092
3 3313 1.092
3 1704 1.092
3 2865 1.092
3 3096 1.092
3 63 1.092
3 3332 1.09
3 2907 1.09
3 2908 1.09
3 3175 1.09
3 3198 1.09
3 3079 1.09
3 1506 1.09
3 3458 1.09
3 3028 1.09
3 2866 1.09
3 3376 1.09
3 333 1.09
3 2803 1.09
3 2933 1.09
3 3389 1.09
3 334 1.088
3 3440 1.088
3 2948 1.088
3 1993 1.088
3 89 1.088
3 3236 1.088
3 2962 1.088
3 3354 1.088
3 2029 1.086
3 657 1.086
3 3045 1.086
3 2300 1.086
3 3116 1.086
3 3183 1.086
3 2959 1.086
3 3360 1.086
3 2936 1.086
3 2975 1.084
3 223 1.084
3 816 1.084
3 3020 1.084
3 3242 1.084
3 2863 1.084
3 2995 1.084
3 2964 1.084
3 3265 1.084
3 3378 1.082
3 3414 1.082
3 3267 1.082
3 2441 1.082
3 3366 1.082
3 3136 1.08
3 2628 1.08
3 2916 1.08
3 3049 1.08
3 90 1.08
3 1480 1.08
3 3085 1.08
3 2924 1.08
3 238 1.08
3 2187 1.08
3 1753 1.08
3 2621 1.08
3 1157 1.08
3 3133 1.078
3 2873 1.078
3 1562 1.078
3 2644 1.078
3 3142 1.078
3 1474 1.078
3 2954 1.078
3 3083 1.078
3 2989 1.078
3 3297 1.078
3 3325 1.078
3 3091 1.078
3 593 1.078
3 3027 1.078
3 1819 1.076
3 2840 1.076
3 3396 1.076
3 3039 1.076
3 2847 1.076
3 2849 1.076
3 3285 1.076
3 2952 1.076
3 1534 1.076
3 872 1.076
3 2804 1.076
3 3386 1.076
3 2970 1.074
3 1321 1.074
3 2208 1.074
3 332 1.074
3 117 1.074
3 3023 1.074
3 3056 1.074
3 3088 1.074
3 18 1.074
3 2868 1.074
3 3131 1.074
3 3431 1.072
3 2910 1.072
3 632 1.072
3 3228 1.072
3 3160 1.072
3 3078 1.072
3 2687 1.072
3 2886 1.072
3 2852 1.072
3 2738 1.072
3 295 1.072
3 3356 1.072
3 2925 1.072
3 3120 1.072
3 3024 1.072
3 3123 1.072
3 2831 1.072
3 3477 1.072
3 1952 1.072
3 3443 1.07
3 3319 1.07
3 3043 1.07
3 3087 1.07
3 896 1.07
3 3402 1.07
3 3065 1.07
3 2903 1.07
3 3400 1.068
3 2605 1.068
3 3415 1.068
3 2174 1.068
3 3046 1.068
3 118 1.068
3 3060 1.068
3 2932 1.068
3 2870 1.068
3 2751 1.066
3 3137 1.066
3 3218 1.066
3 317 1.066
3 3388 1.066
3 3407 1.066
3 1528 1.066
3 3482 1.066
3 3515 1.064
3 2432 1.064
3 3102 1.064
3 3224 1.064
3 2881 1.064
3 3240 1.064
3 3248 1.064
3 3053 1.064
3 684 1.064
3 2808 1.062
3 2971 1.062
3 3189 1.062
3 3081 1.062
3 310 1.062
3 3456 1.062
3 1551 1.062
3 2795 1.062
3 3488 1.062
3 3252 1.062
3 3479 1.062
3 2805 1.062
3 3421 1.06
3 2141 1.06
3 3253 1.06
3 2327 1.06
3 257 1.06
3 3428 1.06
3 3113 1.06
3 3286 1.06
3 3298 1.06
3 3385 1.06
3 3301 1.06
3 1454 1.06
3 3478 1.06
3 2134 1.06
3 1814 1.058
3 3413 1.058
3 3466 1.058
3 966 1.058
3 3475 1.058
3 1808 1.058
3 2931 1.058
3 81 1.058
3 540 1.056
3 1 1.056
3 3206 1.056
3 3073 1.056
3 2879 1.056
3 2913 1.056
3 3435 1.056
3 2246 1.056
3 3270 1.056
3 3359 1.056
3 3122 1.056
3 1181 1.056
3 1559 1.056
3 1903 1.054
3 3302 1.054
3 3436 1.054
3 246 1.054
3 1979 1.054
3 2821 1.054
3 3226 1.054
3 2955 1.054
3 2861 1.054
3 2960 1.054
3 1839 1.054
3 2835 1.054
3 3394 1.052
3 3223 1.052
3 1398 1.052
3 3007 1.052
3 3420 1.052
3 266 1.052
3 3147 1.052
3 3318 1.052
3 3462 1.052
3 3337 1.052
3 3557 1.052
3 3097 1.052
3 3509 1.052
3 2838 1.052
3 3264 1.05
3 2817 1.05
3 2347 1.05
3 3341 1.05
3 2918 1.05
3 3202 1.05
3 3395 1.05
3 2466 1.05
3 3197 1.05
3 2664 1.048
3 3281 1.048
3 2953 1.048
3 3505 1.048
3 3467 1.048
3 3424 1.048
3 3311 1.048
3 2799 1.048
3 3212 1.048
3 1892 1.048
3 2522 1.048
3 3409 1.048
3 3205 1.046
3 3323 1.046
3 2917 1.046
3 3241 1.046
3 3336 1.046
3 3296 1.046
3 1513 1.046
3 3255 1.046
3 3480 1.046
3 2037 1.046
3 3222 1.044
3 3491 1.044
3 764 1.044
3 2776 1.044
3 410 1.044
3 3374 1.044
3 3209 1.044
3 3437 1.044
3 3442 1.042
3 3451 1.042
3 2413 1.042
3 555 1.042
3 438 1.042
3 3352 1.042
3 2405 1.042
3 2826 1.042
3 3368 1.042
3 3493 1.042
3 3250 1.042
3 3559 1.042
3 2753 1.042
3 3188 1.042
3 3307 1.042
3 3304 1.04
3 2772 1.04
3 2307 1.04
3 3227 1.04
3 3195 1.04
3 3485 1.04
3 3461 1.04
3 3119 1.04
3 412 1.04
3 3412 1.04
3 3244 1.04
3 3294 1.038
3 3104 1.038
3 3438 1.038
3 3259 1.038
3 2788 1.038
3 2709 1.038
3 3280 1.038
3 411 1.038
3 3326 1.038
3 1635 1.038
3 3486 1.038
3 3449 1.038
3 742 1.038
3 1681 1.038
3 3405 1.036
3 2596 1.036
3 3231 1.036
3 3445 1.036
3 3305 1.036
3 3434 1.036
3 3272 1.036
3 3215 1.036
3 3249 1.036
3 3309 1.036
3 231 1.036
3 343 1.036
3 465 1.036
3 3370 1.036
3 3254 1.036
3 3278 1.036
3 3338 1.036
3 2515 1.034
3 1288 1.034
3 3200 1.034
3 3411 1.034
3 3335 1.034
3 3207 1.034
3 3214 1.034
3 1058 1.034
3 3299 1.034
3 3162 1.034
3 297 1.034
3 3300 1.034
3 3235 1.034
3 3363 1.034
3 1006 1.034
3 3487 1.034
3 1103 1.034
3 3199 1.034
3 3334 1.032
3 2810 1.032
3 3072 1.032
3 405 1.032
3 39 1.032
3 3463 1.032
3 3232 1.032
3 3115 1.032
3 3263 1.032
3 564 1.032
3 2475 1.032
3 3347 1.032
3 2678 1.032
3 3365 1.032
3 3444 1.032
3 3390 1.032
3 618 1.032
3 3064 1.032
3 3408 1.032
3 3417 1.03
3 3510 1.03
3 3512 1.03
3 1721 1.03
3 2364 1.03
3 1384 1.03
3 3343 1.03
3 3245 1.03
3 3351 1.03
3 3234 1.03
3 3425 1.03
3 3362 1.03
3 3357 1.03
3 1049 1.03
3 1174 1.03
3 3492 1.03
3 3474 1.03
3 3062 1.03
3 3274 1.03
3 3508 1.028
3 3511 1.028
3 3230 1.028
3 3504 1.028
3 3279 1.028
3 3403 1.028
3 3239 1.028
3 2864 1.028
3 3369 1.028
3 3066 1.028
3 915 1.026
3 3010 1.026
3 3287 1.026
3 2822 1.026
3 2895 1.026
3 3327 1.026
3 3447 1.026
3 3476 1.026
3 2702 1.026
3 2834 1.026
3 3194 1.026
3 1543 1.026
3 3258 1.026
3 2999 1.026
3 3201 1.024
3 3177 1.024
3 3330 1.024
3 3171 1.024
3 3256 1.024
3 3496 1.024
3 3229 1.024
3 3303 1.024
3 1479 1.024
3 3344 1.024
3 3373 1.024
3 187 1.024
3 3387 1.024
3 3495 1.024
3 3127 1.024
3 3381 1.022
3 3429 1.022
3 1407 1.022
3 3161 1.022
3 269 1.022
3 2921 1.022
3 3233 1.022
3 3155 1.022
3 416 1.022
3 1133 1.022
3 3271 1.022
3 3349 1.022
3 3398 1.02
3 3410 1.02
3 3284 1.02
3 1298 1.02
3 732 1.02
3 2559 1.02
3 3432 1.02
3 3494 1.02
3 3484 1.02
3 3499 1.02
3 1724 1.02
3 3216 1.02
3 3163 1.02
3 3306 1.02
3 3180 1.02
3 3203 1.02
3 1778 1.02
3 3470 1.02
3 3186 1.02
3 3446 1.02
3 3262 1.02
3 3315 1.02
3 3192 1.02
3 484 1.018
3 13 1.018
3 3506 1.018
3 2814 1.018
3 242 1.018
3 3283 1.018
3 3247 1.018
3 3513 1.018
3 3217 1.018
3 3358 1.018
3 2585 1.018
3 3469 1.018
3 3243 1.018
3 3210 1.018
3 3582 1.018
3 1978 1.018
3 2138 1.018
3 3329 1.016
3 3339 1.016
3 3382 1.016
3 3498 1.016
3 3422 1.016
3 3184 1.016
3 3500 1.016
3 3427 1.016
3 3185 1.016
3 3268 1.016
3 205 1.016
3 3502 1.016
3 3246 1.016
3 3350 1.016
3 3597 1.016
3 3377 1.016
3 675 1.016
3 3383 1.016
3 3340 1.016
3 3353 1.016
3 3367 1.016
3 2139 1.016
3 3317 1.014
3 509 1.014
3 3328 1.014
3 3501 1.014
3 3145 1.014
3 3517 1.014
3 3371 1.014
3 3460 1.014
3 3481 1.014
3 1564 1.014
3 3273 1.014
3 3193 1.014
3 3277 1.014
3 3406 1.014
3 1175 1.012
3 1848 1.012
3 1218 1.012
3 3379 1.012
3 3489 1.012
3 3238 1.012
3 41 1.012
3 3401 1.012
3 1831 1.012
3 3196 1.012
3 3257 1.012
3 3269 1.012
3 3516 1.01
3 3497 1.01
3 3204 1.01
3 3503 1.01
3 3457 1.01
3 2329 1.01
3 3441 1.01
3 3468 1.01
3 3320 1.01
3 3439 1.01
3 3614 1.01
3 3483 1.008
3 3310 1.008
3 2353 1.008
3 3452 1.008
3 252 1.008
3 243 1.008
3 3220 1.008
3 3295 1.006
3 515 1.006
3 3157 1.006
3 3507 1.006
3 3464 1.006
3 826 1.004
3 3471 1.004
3 3514 1.004
3 2638 1.004
3 3380 1.0
4 3521 7.478
4 872 6.016
4 3440 3.424
4 3394 2.484
4 632 2.452
4 816 2.432
4 1000 2.402
4 1808 2.4
4 3138 2.384
4 3226 2.344
4 269 2.326
4 3536 2.312
4 1251 2.274
4 766 2.248
4 3533 2.234
4 1041 2.216
4 3541 2.21
4 3535 2.206
4 3539 2.206
4 1226 2.188
4 3542 2.18
4 2850 2.176
4 3355 2.172
4 3537 2.162
4 3534 2.146
4 3159 2.102
4 1531 2.07
4 3165 2.03
4 690 1.996
4 3540 1.95
4 1932 1.908
4 2902 1.88
4 3161 1.868
4 2427 1.824
4 2789 1.822
4 413 1.788
4 3538 1.728
4 3171 1.724
4 359 1.678
4 1463 1.654
4 3160 1.646
4 3333 1.616
4 3531 1.594
4 491 1.57
4 3544 1.556
4 495 1.554
4 3532 1.548
4 2777 1.518
4 1579 1.51
4 85 1.506
4 678 1.506
4 3321 1.492
4 3522 1.492
4 3529 1.488
4 3545 1.488
4 1152 1.484
4 3488 1.48
4 3147 1.48
4 3524 1.478
4 3528 1.478
4 3525 1.476
4 480 1.47
4 1016 1.46
4 3527 1.456
4 3158 1.446
4 1347 1.442
4 3523 1.44
4 2172 1.434
4 2844 1.432
4 1017 1.428
4 2913 1.428
4 654 1.404
4 3543 1.396
4 3526 1.39
4 3547 1.382
4 3272 1.376
4 3166 1.334
4 3546 1.332
4 2302 1.326
4 3155 1.324
4 3530 1.312
4 3163 1.308
4 2489 1.292
4 2353 1.256
4 3162 1.2
4 1858 1.17
4 2867 1.168
4 245 1.166
4 238 1.162
4 530 1.16
4 3520 1.16
4 3611 1.16
4 3612 1.16
4 531 1.156
4 3860 1.15
4 3560 1.144
4 2780 1.144
4 2776 1.142
4 1053 1.142
4 3861 1.142
4 529 1.14
4 1256 1.138
4 971 1.138
4 2794 1.138
4 3557 1.134
4 585 1.13
4 3858 1.13
4 2779 1.128
4 2788 1.128
4 793 1.126
4 1165 1.124
4 2622 1.122
4 1510 1.12
4 1593 1.12
4 1305 1.12
4 3172 1.116
4 3558 1.112
4 3151 1.11
4 55 1.108
4 3152 1.108
5 3627 3.0
5 3628 3.0
5 3629 3.0
5 618 2.0
5 507 2.0
5 1029 2.0
5 2570 2.0
5 2667 2.0
5 3583 2.0
5 3159 2.0
5 766 2.0
5 1096 1.0
6 537 3.0
6 544 3.0
6 3862 3.0
6 1804 3.0
6 3863 3.0
6 3553 2.0
6 1425 2.0
6 2630 2.0
6 2146 2.0
6 2917 2.0
6 3620 2.0
6 3619 2.0
6 3639 2.0
6 2570 2.0
