1 29 14.632
1 36 11.658
1 122 10.584
1 46 9.902
1 98 9.544
1 11 8.954
1 55 8.55
1 20 8.426
1 3 8.252
1 141 8.194
1 147 7.79
1 41 7.696
1 33 7.656
1 94 7.45
1 9 7.37
1 217 7.31
1 231 7.03
1 37 7.016
1 216 7.014
1 31 6.948
1 135 6.848
1 123 6.836
1 80 6.758
1 101 6.64
1 237 6.514
1 14 6.51
1 127 6.426
1 24 6.416
1 32 6.414
1 150 6.25
1 145 6.21
1 2 6.206
1 149 6.126
1 28 6.126
1 57 6.016
1 99 6.01
1 44 5.968
1 131 5.964
1 52 5.82
1 16 5.766
1 75 5.758
1 146 5.71
1 100 5.63
1 234 5.498
1 83 5.488
1 56 5.444
1 79 5.33
1 22 5.252
1 132 5.212
1 7 5.134
1 120 5.094
1 6 5.012
1 53 4.954
1 58 4.95
1 35 4.938
1 4 4.86
1 218 4.806
1 152 4.802
1 176 4.8
1 23 4.74
1 25 4.712
1 130 4.692
1 106 4.644
1 140 4.618
1 239 4.58
1 76 4.566
1 86 4.562
1 168 4.546
1 92 4.536
1 213 4.536
1 191 4.496
1 229 4.468
1 8 4.442
1 160 4.398
1 39 4.374
1 226 4.344
1 133 4.3
1 212 4.292
1 60 4.292
1 125 4.268
1 219 4.266
1 190 4.186
1 27 4.162
1 139 4.112
1 26 4.11
1 182 4.088
1 40 4.07
1 17 4.046
1 38 4.032
1 15 4.0
1 90 3.95
1 64 3.934
1 232 3.916
1 91 3.886
1 13 3.882
1 124 3.868
1 137 3.846
1 221 3.82
1 121 3.818
1 108 3.784
1 119 3.78
1 87 3.778
1 66 3.778
1 70 3.772
1 175 3.748
1 129 3.736
1 242 3.7
1 136 3.69
1 110 3.676
1 111 3.658
1 126 3.658
1 89 3.644
1 194 3.626
1 103 3.604
1 77 3.562
1 48 3.562
1 43 3.502
1 118 3.462
1 225 3.456
1 61 3.45
1 163 3.424
1 5 3.418
1 1 3.4
1 95 3.312
1 42 3.308
1 153 3.302
1 45 3.278
1 144 3.26
1 210 3.228
1 185 3.218
1 173 3.19
1 68 3.172
1 220 3.148
1 214 3.13
1 107 3.118
1 198 3.114
1 240 3.092
1 78 3.058
1 215 3.046
1 207 3.01
1 181 2.974
1 243 2.964
1 177 2.962
1 233 2.95
1 186 2.932
1 174 2.898
1 142 2.898
1 12 2.86
1 223 2.856
1 172 2.854
1 143 2.814
1 104 2.796
1 67 2.794
1 183 2.792
1 102 2.742
1 184 2.704
1 97 2.702
1 156 2.682
1 10 2.65
1 180 2.644
1 179 2.612
1 96 2.59
1 18 2.584
1 197 2.578
1 30 2.572
1 245 2.552
1 209 2.496
1 227 2.466
1 187 2.44
1 51 2.434
1 169 2.39
1 222 2.378
1 188 2.362
1 81 2.358
1 49 2.306
1 189 2.264
1 19 2.262
1 47 2.252
1 93 2.214
1 63 2.194
1 161 2.162
1 69 2.144
1 34 2.142
1 235 2.13
1 128 2.126
1 54 2.124
1 171 2.1
1 85 2.082
1 192 1.998
1 50 1.974
1 109 1.96
1 82 1.956
1 228 1.902
1 59 1.886
1 116 1.864
1 148 1.826
1 208 1.814
1 65 1.782
1 193 1.768
1 73 1.742
1 204 1.714
1 238 1.652
1 21 1.626
1 224 1.626
1 134 1.612
1 244 1.61
1 236 1.608
1 170 1.562
1 159 1.552
1 151 1.408
1 206 1.392
1 166 1.366
1 178 1.338
1 230 1.276
1 62 1.272
2 29 12.33
2 122 12.19
2 141 11.506
2 36 11.022
2 46 9.082
2 11 8.812
2 123 8.572
2 3 8.316
2 93 8.286
2 98 8.228
2 127 8.124
2 135 8.08
2 20 7.692
2 216 7.652
2 55 7.452
2 231 7.452
2 125 7.208
2 37 7.146
2 217 7.096
2 96 6.852
2 41 6.846
2 99 6.836
2 232 6.83
2 163 6.754
2 56 6.73
2 144 6.714
2 28 6.702
2 237 6.698
2 146 6.69
2 17 6.588
2 118 6.542
2 6 6.54
2 138 6.444
2 90 6.228
2 147 6.22
2 150 6.216
2 33 6.192
2 42 6.136
2 234 6.118
2 100 6.098
2 143 6.08
2 31 6.068
2 182 6.062
2 87 6.026
2 133 6.016
2 94 5.93
2 242 5.814
2 15 5.814
2 191 5.78
2 157 5.76
2 69 5.604
2 76 5.604
2 176 5.554
2 39 5.546
2 8 5.538
2 168 5.414
2 213 5.332
2 44 5.3
2 57 5.298
2 212 5.296
2 149 5.236
2 145 5.236
2 16 5.226
2 190 5.224
2 215 5.218
2 120 5.21
2 109 5.138
2 129 5.132
2 1 5.088
2 124 5.066
2 95 5.044
2 108 5.038
2 140 5.034
2 80 5.028
2 225 5.006
2 128 4.976
2 139 4.948
2 65 4.928
2 130 4.928
2 53 4.914
2 131 4.912
2 226 4.902
2 136 4.9
2 137 4.9
2 51 4.876
2 194 4.846
2 82 4.834
2 92 4.822
2 152 4.794
2 19 4.766
2 218 4.764
2 30 4.716
2 43 4.688
2 45 4.576
2 119 4.51
2 189 4.466
2 101 4.448
2 230 4.43
2 81 4.422
2 198 4.416
2 105 4.416
2 155 4.396
2 132 4.39
2 7 4.354
2 219 4.352
2 224 4.344
2 2 4.342
2 5 4.258
2 21 4.222
2 175 4.218
2 153 4.214
2 12 4.152
2 121 4.152
2 172 4.14
2 177 4.102
2 13 4.082
2 23 4.028
2 186 4.012
2 32 4.01
2 52 4.01
2 200 3.998
2 22 3.962
2 47 3.962
2 209 3.948
2 184 3.92
2 27 3.914
2 78 3.896
2 207 3.894
2 106 3.892
2 148 3.884
2 83 3.876
2 35 3.852
2 102 3.752
2 85 3.718
2 54 3.69
2 4 3.684
2 77 3.68
2 110 3.67
2 58 3.67
2 126 3.646
2 185 3.632
2 142 3.558
2 222 3.54
2 71 3.532
2 40 3.522
2 9 3.496
2 14 3.486
2 179 3.476
2 240 3.454
2 66 3.4
2 220 3.374
2 238 3.368
2 49 3.344
2 229 3.344
2 188 3.298
2 236 3.298
2 103 3.286
2 169 3.26
2 233 3.242
2 211 3.23
2 173 3.218
2 161 3.192
2 183 3.142
2 62 3.104
2 187 3.102
2 159 3.098
2 89 3.094
2 48 3.09
2 34 3.084
2 221 3.082
2 26 3.07
2 72 3.052
2 178 2.992
2 10 2.982
2 18 2.954
2 210 2.914
2 197 2.904
2 84 2.842
2 193 2.816
2 60 2.774
2 192 2.74
2 181 2.734
2 171 2.718
2 235 2.716
2 180 2.682
2 134 2.64
2 24 2.618
2 227 2.572
2 156 2.566
2 117 2.55
2 208 2.538
2 223 2.538
2 61 2.514
2 38 2.496
2 67 2.49
2 107 2.444
2 160 2.41
2 199 2.404
2 174 2.38
2 97 2.38
2 111 2.372
2 59 2.342
2 151 2.322
2 73 2.22
2 245 2.172
2 104 2.13
2 170 2.096
2 239 2.072
2 206 2.04
2 113 2.01
2 75 1.954
2 205 1.894
2 228 1.884
2 196 1.832
2 63 1.804
2 202 1.72
2 70 1.708
2 88 1.708
2 64 1.66
2 74 1.644
2 164 1.624
2 214 1.61
2 114 1.476
2 25 1.47
2 86 1.424
2 244 1.424
2 68 1.398
2 204 1.364
2 91 1.32
2 243 1.294
2 116 1.276
3 141 13.414
3 127 12.41
3 122 12.368
3 118 11.566
3 120 10.886
3 125 10.674
3 135 10.524
3 100 9.78
3 95 9.718
3 163 9.598
3 36 9.458
3 123 9.076
3 44 8.96
3 146 8.946
3 164 8.94
3 35 8.926
3 98 8.702
3 3 8.598
3 214 8.572
3 94 8.504
3 147 8.47
3 119 8.438
3 31 8.352
3 145 8.344
3 232 7.922
3 142 7.882
3 30 7.868
3 99 7.78
3 225 7.752
3 218 7.734
3 58 7.648
3 54 7.618
3 128 7.494
3 234 7.49
3 139 7.436
3 233 7.404
3 217 7.376
3 81 7.366
3 152 7.35
3 242 7.282
3 62 7.124
3 226 7.118
3 17 7.112
3 52 7.104
3 230 6.854
3 8 6.836
3 12 6.786
3 182 6.642
3 51 6.64
3 29 6.58
3 124 6.568
3 215 6.556
3 16 6.538
3 133 6.444
3 41 6.39
3 212 6.266
3 39 6.22
3 4 6.19
3 40 6.09
3 1 6.048
3 2 6.002
3 5 5.946
3 20 5.87
3 224 5.862
3 121 5.812
3 216 5.796
3 57 5.74
3 108 5.73
3 190 5.702
3 111 5.67
3 22 5.664
3 191 5.66
3 47 5.638
3 175 5.632
3 239 5.624
3 48 5.28
3 106 5.268
3 229 5.22
3 102 5.182
3 37 5.136
3 90 5.116
3 67 5.108
3 169 5.1
3 15 5.088
3 140 5.042
3 9 5.026
3 143 4.992
3 60 4.992
3 93 4.96
3 209 4.894
3 231 4.864
3 65 4.766
3 33 4.7
3 103 4.688
3 220 4.684
3 132 4.64
3 188 4.614
3 34 4.604
3 23 4.604
3 144 4.58
3 171 4.542
3 78 4.508
3 193 4.508
3 42 4.494
3 204 4.436
3 109 4.408
3 155 4.378
3 174 4.328
3 206 4.314
3 148 4.296
3 173 4.27
3 167 4.25
3 71 4.238
3 43 4.22
3 84 4.206
3 235 4.192
3 185 4.168
3 222 4.124
3 11 4.1
3 69 4.074
3 46 4.072
3 238 4.052
3 28 4.038
3 126 4.034
3 61 4.022
3 187 4.01
3 221 3.996
3 114 3.99
3 50 3.982
3 112 3.966
3 170 3.926
3 186 3.92
3 149 3.904
3 137 3.856
3 243 3.824
3 194 3.818
3 236 3.812
3 172 3.788
3 96 3.782
3 79 3.778
3 6 3.776
3 129 3.758
3 180 3.73
3 151 3.714
3 223 3.7
3 19 3.646
3 130 3.646
3 86 3.632
3 189 3.608
3 49 3.552
3 199 3.506
3 82 3.492
3 10 3.472
3 240 3.418
3 183 3.4
3 97 3.396
3 245 3.35
3 168 3.31
3 181 3.3
3 176 3.298
3 131 3.268
3 92 3.268
3 241 3.264
3 227 3.254
3 83 3.252
3 53 3.22
3 200 3.216
3 162 3.202
3 177 3.12
3 150 3.1
3 237 3.094
3 136 3.084
3 7 2.93
3 192 2.856
3 59 2.854
3 166 2.728
3 55 2.718
3 104 2.718
3 63 2.7
3 64 2.682
3 21 2.662
3 153 2.646
3 158 2.626
3 38 2.626
3 87 2.594
3 76 2.586
3 134 2.578
3 115 2.55
3 184 2.546
3 26 2.508
3 219 2.502
3 27 2.498
3 196 2.496
3 25 2.47
3 213 2.46
3 88 2.426
3 101 2.388
3 198 2.338
3 56 2.306
3 228 2.304
3 32 2.202
3 157 2.178
3 207 2.148
3 70 2.108
3 178 2.056
3 68 2.054
3 14 2.022
3 66 1.974
3 24 1.966
3 110 1.96
3 202 1.948
3 13 1.946
3 18 1.93
3 208 1.924
3 179 1.918
3 210 1.896
3 45 1.888
3 246 1.838
3 72 1.822
3 91 1.764
3 161 1.706
3 113 1.696
3 89 1.644
3 80 1.582
3 105 1.45
3 138 1.424
3 74 1.4
3 159 1.396
