1 25 7.764
1 44 6.73
1 52 6.206
1 34 6.174
1 24 6.116
1 27 6.09
1 51 6.016
1 23 5.56
1 17 5.55
1 46 5.502
1 35 5.498
1 31 5.216
1 18 5.054
1 33 4.818
1 43 4.496
1 36 4.464
1 9 4.452
1 19 4.34
1 21 4.262
1 32 4.18
1 56 4.134
1 26 4.132
1 28 4.114
1 50 4.084
1 13 4.016
1 7 3.95
1 40 3.932
1 49 3.932
1 3 3.906
1 57 3.868
1 29 3.818
1 8 3.8
1 47 3.778
1 15 3.768
1 4 3.652
1 58 3.632
1 30 3.608
1 20 3.466
1 54 3.438
1 59 3.332
1 10 3.272
1 12 3.142
1 45 3.108
1 48 3.108
1 6 3.072
1 11 3.036
1 14 2.856
1 16 2.832
1 55 2.766
1 38 2.754
1 5 2.714
1 42 2.61
1 61 2.594
1 53 2.428
1 41 2.354
1 39 2.182
1 1 2.034
1 37 1.918
1 22 1.714
1 2 1.4
2 34 6.45
2 23 6.288
2 7 5.998
2 51 5.914
2 13 5.908
2 44 5.63
2 46 5.44
2 26 5.28
2 39 5.266
2 19 5.158
2 30 4.79
2 33 4.56
2 21 4.448
2 31 4.208
2 8 3.886
2 28 3.806
2 5 3.628
2 29 3.554
2 12 3.544
2 4 3.402
2 56 3.256
2 47 3.168
2 24 3.078
2 37 3.066
2 17 3.02
2 50 2.768
2 27 2.404
2 15 2.396
2 58 2.356
2 9 2.07
2 16 1.552
2 53 1.34
3 18 6.0
3 46 6.0
3 26 6.0
3 27 6.0
3 28 6.0
3 30 6.0
3 33 6.0
3 36 6.0
3 23 5.0
3 49 5.0
3 48 5.0
3 52 3.0
3 4 3.0
3 6 3.0
3 10 2.0
3 11 2.0
3 12 2.0
3 13 2.0
3 38 2.0
3 54 2.0
3 39 2.0
3 55 2.0
3 14 2.0
3 8 2.0
3 37 2.0
4 23 9.388
4 31 8.136
4 25 8.104
4 35 8.038
4 46 6.938
4 50 6.896
4 19 6.272
4 45 5.646
4 20 5.552
4 34 5.418
4 52 5.204
4 56 5.1
4 33 5.1
4 24 4.84
4 17 4.78
4 5 4.484
4 47 4.35
4 48 4.35
4 15 4.014
4 37 4.008
4 42 3.826
4 40 3.714
4 36 3.608
4 8 3.592
4 49 3.564
4 12 3.52
4 39 3.354
4 9 3.186
4 41 2.854
4 29 2.744
4 13 2.508
4 28 2.486
4 10 2.252
4 43 2.194
4 51 2.088
4 16 1.964
4 32 1.96
4 55 1.96
4 58 1.776
4 14 1.698
4 6 1.696
4 4 1.684
4 38 1.648
4 30 1.388
4 44 1.346
4 11 1.33
4 61 1.296
5 7 8.806
5 21 6.854
5 11 6.846
5 44 6.672
5 46 6.41
5 51 6.216
5 8 6.038
5 26 5.738
5 2 5.44
5 18 5.296
5 13 5.24
5 6 5.056
5 3 4.904
5 34 4.774
5 31 3.952
5 40 3.766
5 57 3.434
5 15 3.388
5 5 3.24
5 23 3.222
5 36 3.196
5 10 3.194
5 16 3.178
5 20 3.16
5 37 3.084
5 32 2.942
5 41 2.924
5 33 2.862
5 45 2.828
5 19 2.792
5 48 2.78
5 47 2.758
5 4 2.744
5 52 2.684
5 60 2.656
5 35 2.452
5 17 2.424
5 30 2.392
5 58 2.338
5 12 2.334
5 28 2.312
5 42 2.288
5 27 2.266
5 25 2.228
5 39 2.206
5 50 2.154
5 55 2.1
5 56 2.084
5 38 2.064
5 24 2.058
5 49 1.914
5 9 1.892
5 53 1.848
5 14 1.832
5 54 1.828
5 43 1.746
5 59 1.738
5 22 1.648
5 29 1.64
5 61 1.624
