1 39 6.3
1 22 4.426
1 24 3.7
1 1 2.818
1 3 2.782
1 37 2.746
1 28 2.506
1 45 2.158
1 33 1.71
1 282 1.49
1 536 1.332
1 141 1.306
1 284 1.3
1 509 1.288
1 595 1.276
1 600 1.264
1 471 1.262
1 387 1.26
1 568 1.258
1 492 1.256
1 461 1.254
1 218 1.252
1 613 1.248
1 852 1.248
1 603 1.244
1 504 1.244
1 479 1.232
1 186 1.232
1 405 1.23
1 325 1.228
1 561 1.228
1 464 1.226
1 502 1.226
1 489 1.224
1 213 1.224
1 854 1.22
1 79 1.216
1 338 1.214
1 607 1.214
1 114 1.212
1 848 1.212
1 523 1.212
1 543 1.21
1 491 1.21
1 872 1.21
1 73 1.21
1 476 1.208
1 383 1.206
1 88 1.204
1 482 1.202
1 532 1.2
1 176 1.2
1 597 1.198
1 510 1.198
1 524 1.196
1 596 1.194
1 530 1.194
1 584 1.194
1 582 1.192
1 538 1.192
1 311 1.186
1 290 1.186
1 508 1.186
1 682 1.184
1 490 1.182
1 521 1.18
1 580 1.18
1 587 1.18
1 23 1.178
1 601 1.178
1 483 1.178
1 467 1.176
1 469 1.176
1 929 1.176
1 133 1.176
1 610 1.176
1 540 1.174
1 565 1.174
1 617 1.172
1 468 1.172
1 602 1.172
1 506 1.172
1 614 1.172
1 566 1.17
1 256 1.17
1 488 1.17
1 354 1.168
1 554 1.168
1 293 1.168
1 611 1.168
1 839 1.166
1 593 1.166
1 572 1.166
1 609 1.166
1 514 1.164
1 541 1.164
1 318 1.162
1 903 1.162
1 243 1.16
1 252 1.16
1 71 1.16
1 535 1.16
1 747 1.16
1 560 1.16
1 537 1.16
1 691 1.16
1 698 1.158
1 873 1.158
1 547 1.158
1 548 1.158
1 944 1.158
1 498 1.158
1 475 1.158
1 460 1.158
1 72 1.156
1 846 1.156
1 414 1.156
1 977 1.156
1 448 1.156
1 409 1.154
1 573 1.154
1 551 1.154
1 907 1.154
1 558 1.154
1 173 1.154
1 493 1.152
1 494 1.152
1 946 1.152
1 576 1.152
1 225 1.15
1 902 1.15
1 850 1.15
1 950 1.15
1 292 1.15
1 505 1.15
1 732 1.15
1 914 1.148
1 527 1.148
1 552 1.148
1 480 1.148
1 978 1.148
1 487 1.148
1 589 1.148
1 515 1.148
1 347 1.146
1 518 1.146
1 223 1.146
1 34 1.146
1 180 1.146
1 608 1.146
1 864 1.146
1 499 1.144
1 87 1.144
1 56 1.144
1 516 1.142
1 578 1.142
1 883 1.142
1 910 1.142
1 539 1.142
1 519 1.14
1 470 1.14
1 844 1.14
1 231 1.14
1 606 1.14
1 861 1.14
1 484 1.14
1 974 1.138
1 275 1.138
1 456 1.138
1 940 1.136
1 520 1.136
1 842 1.136
1 525 1.136
1 553 1.136
1 341 1.136
1 982 1.136
1 615 1.136
1 890 1.136
1 197 1.134
1 570 1.134
1 585 1.134
1 298 1.134
1 531 1.134
1 301 1.134
1 557 1.134
1 908 1.134
1 169 1.134
1 450 1.132
1 428 1.132
1 667 1.132
1 979 1.132
1 586 1.132
1 592 1.13
1 546 1.13
1 391 1.13
1 605 1.13
1 853 1.13
1 224 1.128
1 574 1.128
1 742 1.128
1 581 1.128
1 616 1.128
1 869 1.126
1 545 1.126
1 656 1.126
1 84 1.126
1 928 1.126
1 930 1.126
1 583 1.126
1 886 1.126
1 588 1.126
1 724 1.124
1 500 1.124
1 948 1.124
1 661 1.124
1 851 1.124
1 262 1.124
1 134 1.124
1 562 1.124
1 512 1.124
1 486 1.124
1 672 1.122
1 472 1.122
1 923 1.122
1 473 1.122
1 412 1.122
1 708 1.122
1 534 1.122
1 511 1.122
1 865 1.122
1 911 1.122
1 693 1.122
1 717 1.122
1 938 1.12
1 594 1.12
1 701 1.12
1 598 1.12
1 845 1.12
1 478 1.12
1 695 1.118
1 720 1.118
1 240 1.118
1 556 1.118
1 481 1.118
1 964 1.116
1 41 1.116
1 550 1.116
1 900 1.116
1 877 1.116
1 255 1.116
1 884 1.116
1 349 1.116
1 887 1.116
1 671 1.116
1 591 1.114
1 569 1.114
1 407 1.114
1 345 1.114
1 727 1.114
1 772 1.114
1 563 1.114
1 868 1.112
1 196 1.112
1 404 1.112
1 874 1.112
1 497 1.112
1 604 1.112
1 507 1.112
1 863 1.112
1 713 1.112
1 590 1.112
1 891 1.11
1 871 1.11
1 894 1.11
1 843 1.11
1 549 1.11
1 949 1.11
1 668 1.11
1 571 1.108
1 966 1.108
1 678 1.108
1 575 1.108
1 847 1.108
1 901 1.108
1 825 1.108
1 709 1.108
1 953 1.108
1 955 1.108
1 485 1.108
1 957 1.108
1 958 1.108
1 921 1.106
1 822 1.106
1 285 1.106
1 156 1.106
1 454 1.106
1 892 1.104
1 918 1.104
1 876 1.104
1 526 1.104
1 973 1.104
1 662 1.104
1 477 1.104
1 952 1.104
1 612 1.104
1 912 1.104
1 893 1.102
1 895 1.102
1 676 1.102
1 496 1.102
1 599 1.102
1 49 1.102
1 663 1.102
1 687 1.102
1 458 1.102
1 296 1.102
1 449 1.102
1 965 1.1
1 20 1.1
1 529 1.1
1 299 1.1
1 361 1.1
1 962 1.098
1 941 1.098
1 210 1.098
1 898 1.098
1 679 1.098
1 8 1.098
1 647 1.098
1 909 1.098
1 832 1.098
1 694 1.098
1 542 1.096
1 517 1.096
1 939 1.096
1 697 1.096
1 945 1.096
1 236 1.096
1 704 1.096
1 660 1.096
1 888 1.096
1 303 1.096
1 834 1.096
1 66 1.096
1 244 1.094
1 466 1.094
1 963 1.094
1 919 1.094
1 798 1.094
1 645 1.094
1 743 1.094
1 710 1.094
1 274 1.094
1 669 1.094
1 981 1.094
1 840 1.092
1 796 1.092
1 321 1.092
1 654 1.092
1 875 1.092
1 324 1.092
1 968 1.092
1 528 1.092
1 579 1.092
1 951 1.092
1 513 1.092
1 867 1.092
1 936 1.092
1 961 1.09
1 942 1.09
1 700 1.09
1 725 1.09
1 761 1.09
1 711 1.09
1 544 1.088
1 410 1.088
1 821 1.088
1 251 1.088
1 374 1.088
1 770 1.088
1 810 1.088
1 771 1.088
1 692 1.088
1 889 1.088
1 1002 1.088
1 1005 1.086
1 128 1.086
1 658 1.086
1 972 1.086
1 370 1.086
1 881 1.086
1 665 1.086
1 353 1.084
1 752 1.084
1 753 1.084
1 837 1.084
1 722 1.084
1 943 1.084
1 226 1.084
1 74 1.084
1 879 1.084
1 880 1.084
1 926 1.084
1 826 1.084
1 559 1.084
1 95 1.084
1 932 1.084
1 673 1.082
1 51 1.082
1 897 1.082
1 369 1.082
1 703 1.082
1 924 1.082
1 474 1.082
1 706 1.082
1 300 1.082
1 827 1.082
1 664 1.082
1 625 1.082
1 745 1.082
1 649 1.082
1 740 1.082
1 835 1.082
1 447 1.082
1 451 1.082
1 988 1.082
1 937 1.08
1 306 1.08
1 970 1.08
1 241 1.08
1 779 1.08
1 683 1.08
1 927 1.08
1 685 1.08
1 63 1.08
1 744 1.08
1 737 1.08
1 786 1.08
1 628 1.08
1 933 1.08
1 716 1.08
1 915 1.078
1 567 1.078
1 364 1.078
1 4 1.078
1 758 1.078
1 680 1.078
1 681 1.078
1 705 1.078
1 767 1.078
1 688 1.078
1 931 1.078
1 375 1.078
1 651 1.078
1 980 1.078
1 812 1.078
1 421 1.078
1 836 1.076
1 165 1.076
1 355 1.076
1 754 1.076
1 12 1.076
1 406 1.076
1 522 1.076
1 181 1.076
1 969 1.076
1 326 1.076
1 644 1.076
1 780 1.076
1 65 1.076
1 337 1.076
1 54 1.076
1 885 1.076
1 788 1.076
1 833 1.076
1 775 1.074
1 322 1.074
1 899 1.074
1 922 1.074
1 728 1.074
1 925 1.074
1 904 1.074
1 805 1.074
1 686 1.074
1 784 1.074
1 626 1.074
1 831 1.074
1 787 1.074
1 790 1.074
1 634 1.072
1 721 1.072
1 320 1.072
1 368 1.072
1 702 1.072
1 760 1.072
1 726 1.072
1 729 1.072
1 503 1.072
1 782 1.072
1 862 1.072
1 935 1.072
1 1003 1.07
1 870 1.07
1 677 1.07
1 655 1.07
1 657 1.07
1 800 1.07
1 801 1.07
1 878 1.07
1 38 1.07
1 359 1.07
1 817 1.068
1 358 1.068
1 917 1.068
1 675 1.068
1 313 1.068
1 819 1.068
1 495 1.068
1 238 1.068
1 762 1.068
1 21 1.068
1 327 1.068
1 501 1.068
1 371 1.068
1 905 1.068
1 69 1.068
1 768 1.068
1 689 1.068
1 712 1.068
1 809 1.068
1 748 1.068
1 773 1.068
1 959 1.068
1 792 1.066
1 776 1.066
1 674 1.066
1 841 1.066
1 699 1.066
1 339 1.066
1 323 1.066
1 18 1.066
1 947 1.066
1 849 1.066
1 707 1.066
1 882 1.066
1 906 1.066
1 666 1.066
1 55 1.066
1 350 1.066
1 811 1.066
1 934 1.066
1 175 1.066
1 58 1.066
1 352 1.066
1 791 1.066
1 985 1.066
1 696 1.064
1 652 1.064
1 281 1.064
1 756 1.064
1 408 1.064
1 637 1.064
1 363 1.064
1 896 1.064
1 642 1.064
1 577 1.064
1 781 1.064
1 291 1.064
1 623 1.064
1 954 1.064
1 690 1.064
1 280 1.064
1 956 1.064
1 302 1.064
1 2 1.062
1 816 1.062
1 635 1.062
1 1004 1.062
1 653 1.062
1 723 1.062
1 402 1.062
1 426 1.062
1 764 1.062
1 765 1.062
1 828 1.062
1 304 1.062
1 815 1.06
1 793 1.06
1 755 1.06
1 6 1.06
1 730 1.06
1 555 1.06
1 564 1.06
1 48 1.06
1 62 1.06
1 297 1.06
1 329 1.06
1 719 1.058
1 340 1.058
1 820 1.058
1 823 1.058
1 802 1.058
1 736 1.058
1 830 1.058
1 992 1.058
1 46 1.058
1 814 1.058
1 315 1.056
1 916 1.056
1 342 1.056
1 797 1.056
1 424 1.056
1 25 1.056
1 328 1.056
1 734 1.056
1 714 1.056
1 995 1.056
1 913 1.056
1 52 1.056
1 288 1.056
1 365 1.056
1 838 1.054
1 312 1.054
1 818 1.054
1 638 1.054
1 411 1.054
1 245 1.054
1 763 1.054
1 803 1.054
1 715 1.054
1 789 1.054
1 385 1.054
1 336 1.054
1 389 1.054
1 718 1.052
1 10 1.052
1 335 1.052
1 636 1.052
1 392 1.052
1 619 1.052
1 829 1.052
1 289 1.052
1 444 1.052
1 174 1.05
1 5 1.05
1 239 1.05
1 462 1.05
1 731 1.05
1 766 1.05
1 372 1.05
1 627 1.05
1 774 1.05
1 334 1.05
1 986 1.05
1 967 1.048
1 799 1.048
1 738 1.048
1 386 1.048
1 632 1.048
1 795 1.046
1 390 1.046
1 777 1.046
1 659 1.046
1 646 1.046
1 624 1.046
1 783 1.046
1 735 1.046
1 533 1.046
1 373 1.046
1 866 1.046
1 631 1.046
1 813 1.046
1 68 1.046
1 633 1.044
1 331 1.044
1 465 1.044
1 759 1.044
1 640 1.044
1 427 1.044
1 824 1.044
1 459 1.044
1 648 1.044
1 746 1.044
1 769 1.044
1 42 1.044
1 994 1.044
1 47 1.044
1 920 1.042
1 378 1.042
1 618 1.042
1 416 1.042
1 620 1.042
1 621 1.042
1 733 1.042
1 976 1.042
1 286 1.042
1 630 1.042
1 751 1.042
1 360 1.04
1 622 1.04
1 348 1.04
1 670 1.04
1 741 1.04
1 960 1.038
1 639 1.038
1 423 1.038
1 641 1.038
1 643 1.038
1 684 1.038
1 804 1.038
1 343 1.038
1 453 1.038
1 749 1.038
1 287 1.038
1 60 1.038
1 310 1.036
1 264 1.036
1 757 1.036
1 971 1.036
1 430 1.036
1 807 1.036
1 785 1.036
1 384 1.036
1 344 1.036
1 333 1.034
1 283 1.034
1 794 1.034
1 319 1.034
1 415 1.034
1 429 1.034
1 975 1.034
1 860 1.034
1 739 1.034
1 750 1.034
1 305 1.032
1 403 1.032
1 445 1.032
1 855 1.032
1 856 1.032
1 808 1.032
1 362 1.032
1 629 1.032
1 351 1.032
1 778 1.028
1 858 1.028
1 859 1.028
1 170 1.028
1 44 1.028
1 61 1.028
1 211 1.026
1 650 1.026
1 996 1.026
1 413 1.024
1 806 1.024
1 857 1.024
1 425 1.022
1 330 1.022
1 219 1.014
2 3 5.528
2 33 1.786
2 28 1.516
2 24 1.428
2 45 1.322
2 71 1.238
2 1 1.212
2 137 1.2
2 307 1.2
2 422 1.2
2 171 1.198
2 174 1.196
2 229 1.192
2 173 1.19
2 14 1.178
2 66 1.178
2 216 1.168
2 69 1.168
2 168 1.168
2 117 1.166
2 267 1.164
2 180 1.162
2 5 1.162
2 231 1.16
2 56 1.16
2 81 1.158
2 90 1.158
2 116 1.156
2 22 1.156
2 159 1.154
2 247 1.154
2 133 1.154
2 303 1.152
2 4 1.152
2 269 1.152
2 263 1.152
2 232 1.152
2 274 1.15
2 205 1.148
2 136 1.146
2 76 1.146
2 240 1.144
2 86 1.144
2 251 1.144
2 169 1.142
2 151 1.142
2 243 1.142
2 112 1.142
2 113 1.142
2 125 1.14
2 82 1.14
2 214 1.14
2 376 1.14
2 98 1.14
2 191 1.138
2 217 1.138
2 89 1.138
2 194 1.136
2 135 1.136
2 84 1.134
2 139 1.132
2 87 1.132
2 176 1.132
2 275 1.132
2 147 1.13
2 163 1.13
2 99 1.13
2 103 1.128
2 8 1.128
2 131 1.128
2 178 1.128
2 213 1.124
2 237 1.124
2 253 1.124
2 93 1.122
2 104 1.122
2 107 1.122
2 39 1.122
2 172 1.12
2 85 1.12
2 196 1.12
2 37 1.12
2 445 1.12
2 114 1.118
2 220 1.118
2 199 1.118
2 989 1.118
2 146 1.118
2 128 1.116
2 270 1.116
2 119 1.116
2 209 1.116
2 25 1.116
2 145 1.116
2 179 1.116
2 158 1.114
2 20 1.112
2 121 1.112
2 221 1.112
2 215 1.11
2 446 1.11
2 223 1.11
2 149 1.108
2 183 1.108
2 17 1.108
2 250 1.108
2 219 1.108
2 245 1.108
2 280 1.108
2 95 1.106
2 120 1.106
2 208 1.106
2 154 1.106
2 311 1.106
2 170 1.104
2 19 1.104
2 211 1.104
2 188 1.102
2 123 1.102
2 12 1.102
2 201 1.102
2 206 1.1
2 88 1.1
2 167 1.1
2 384 1.1
2 6 1.098
2 27 1.098
2 186 1.098
2 10 1.098
2 111 1.098
2 190 1.098
2 256 1.098
2 65 1.098
2 94 1.096
2 182 1.096
2 78 1.096
2 166 1.096
2 177 1.096
2 265 1.096
2 156 1.096
2 244 1.096
2 266 1.096
2 124 1.096
2 15 1.094
2 162 1.094
2 97 1.094
2 272 1.094
2 258 1.092
2 16 1.092
2 18 1.092
2 122 1.092
2 161 1.09
2 96 1.09
2 228 1.09
2 198 1.09
2 74 1.088
2 239 1.088
2 271 1.088
2 83 1.086
2 218 1.086
2 241 1.086
2 21 1.086
2 134 1.086
2 126 1.084
2 224 1.084
2 72 1.084
2 109 1.084
2 276 1.084
2 80 1.084
2 102 1.084
2 212 1.084
2 70 1.082
2 259 1.082
2 248 1.082
2 108 1.082
2 187 1.082
2 202 1.08
2 226 1.08
2 332 1.08
2 175 1.08
2 132 1.08
2 11 1.08
2 181 1.078
2 314 1.078
2 140 1.078
2 195 1.078
2 130 1.078
2 141 1.078
2 262 1.078
2 273 1.078
2 197 1.078
2 110 1.078
2 235 1.076
2 105 1.076
2 73 1.076
2 377 1.076
2 249 1.076
2 184 1.076
2 75 1.076
2 207 1.076
2 242 1.076
2 91 1.076
2 115 1.074
2 138 1.074
2 42 1.074
2 9 1.074
2 143 1.074
2 155 1.074
2 92 1.072
2 246 1.072
2 260 1.072
2 302 1.072
2 268 1.07
2 142 1.07
2 225 1.068
2 393 1.068
2 101 1.068
2 157 1.068
2 67 1.068
2 129 1.066
2 264 1.066
2 23 1.064
2 389 1.064
2 100 1.064
2 118 1.062
2 367 1.062
2 347 1.06
2 185 1.06
2 234 1.06
2 257 1.058
2 148 1.058
2 236 1.058
2 193 1.058
2 150 1.058
2 227 1.058
2 165 1.058
2 200 1.058
2 13 1.056
2 192 1.056
2 106 1.056
2 77 1.056
2 252 1.056
2 254 1.056
2 222 1.056
2 401 1.054
2 41 1.054
2 160 1.054
2 152 1.054
2 331 1.052
2 79 1.052
2 440 1.052
2 189 1.052
2 444 1.052
2 436 1.05
2 394 1.05
2 153 1.05
2 164 1.05
2 230 1.05
2 439 1.05
2 279 1.05
2 233 1.05
2 299 1.048
2 261 1.046
2 378 1.046
2 36 1.044
2 425 1.044
2 204 1.042
2 47 1.042
2 396 1.042
2 29 1.042
2 431 1.042
2 296 1.042
2 203 1.04
2 434 1.04
2 238 1.04
2 426 1.04
2 255 1.04
2 399 1.04
2 335 1.04
2 127 1.038
2 435 1.038
2 428 1.038
2 144 1.038
2 53 1.038
2 7 1.036
2 631 1.036
2 990 1.036
2 449 1.034
2 438 1.034
2 64 1.034
2 456 1.032
2 63 1.032
2 441 1.032
2 442 1.032
2 390 1.032
2 992 1.032
2 443 1.03
2 418 1.03
2 457 1.03
2 423 1.03
2 463 1.03
2 38 1.03
2 34 1.03
2 430 1.03
2 312 1.03
2 346 1.03
2 1001 1.03
2 432 1.028
2 433 1.028
2 424 1.028
2 450 1.028
2 379 1.028
2 55 1.028
2 300 1.028
2 1002 1.028
2 361 1.026
2 392 1.026
2 395 1.026
2 427 1.026
2 44 1.026
2 52 1.026
2 40 1.026
2 317 1.026
2 405 1.026
2 333 1.024
2 26 1.024
2 281 1.024
2 437 1.024
2 35 1.024
2 48 1.024
2 210 1.024
2 310 1.024
2 356 1.024
2 357 1.024
2 999 1.024
2 366 1.022
2 308 1.022
2 458 1.022
2 43 1.022
2 388 1.022
2 293 1.022
2 452 1.022
2 278 1.022
2 291 1.022
2 987 1.022
2 289 1.022
2 454 1.022
2 998 1.022
2 1004 1.02
2 855 1.02
2 387 1.02
2 993 1.02
2 397 1.02
2 292 1.02
2 419 1.02
2 420 1.02
2 991 1.02
2 997 1.02
2 2 1.018
2 363 1.018
2 451 1.018
2 380 1.018
2 986 1.018
2 400 1.018
2 417 1.018
2 1000 1.018
2 284 1.016
2 277 1.016
2 398 1.016
2 309 1.016
2 301 1.014
2 343 1.014
2 313 1.014
2 381 1.012
2 382 1.012
2 455 1.012
2 429 1.01
2 453 1.01
2 46 1.008
2 51 1.008
3 1 5.936
3 31 5.75
3 32 5.658
3 30 5.506
3 316 5.478
3 22 5.262
3 28 4.736
3 58 4.222
3 128 3.97
3 19 3.912
3 12 3.88
3 293 3.876
3 294 3.868
3 295 3.808
3 284 3.754
3 285 3.642
3 11 3.636
3 279 3.422
3 492 3.358
3 289 3.288
3 50 3.258
3 388 3.198
3 45 2.616
3 33 2.608
3 342 2.172
3 48 2.122
3 47 2.066
3 3 2.058
3 4 1.894
3 59 1.844
3 407 1.814
3 57 1.79
3 39 1.542
3 448 1.518
4 45 8.574
4 47 8.492
4 48 8.474
4 46 8.136
4 28 6.666
4 3 4.762
4 20 4.696
4 289 4.652
4 290 4.628
4 291 4.572
4 55 4.55
4 983 3.764
4 984 3.746
4 95 3.668
4 33 2.916
4 23 2.844
4 51 1.962
4 22 1.956
4 387 1.95
4 277 1.948
4 24 1.936
