1 35 4.31
1 28 4.25
1 30 4.15
1 16 4.09
1 17 4.08
1 49 3.82
1 2 3.76
1 42 3.67
1 26 3.65
1 34 3.59
1 4 3.54
1 38 3.51
1 12 3.43
1 13 3.37
1 22 3.28
1 43 3.01
1 24 2.97
1 14 2.96
1 31 2.94
1 32 2.9
1 40 2.9
1 21 2.8
1 27 2.79
1 20 2.75
1 29 2.7
1 9 2.66
1 11 2.59
1 3 2.49
1 15 2.45
1 44 2.39
1 61 2.39
1 45 2.34
1 36 2.31
1 39 2.29
1 10 2.25
1 25 2.24
1 60 2.23
1 1 2.18
1 51 2.15
1 70 2.11
1 59 2.07
1 19 2.06
1 52 2.05
1 58 2.04
1 47 1.98
1 46 1.96
1 8 1.95
1 41 1.95
1 50 1.91
1 56 1.89
1 53 1.86
1 57 1.84
1 48 1.8
1 54 1.77
1 6 1.76
1 5 1.74
1 23 1.67
1 68 1.66
1 7 1.57
1 37 1.55
1 33 1.52
1 63 1.52
1 18 1.5
1 66 1.49
1 71 1.33
1 64 1.32
1 67 1.32
1 69 1.26
1 62 1.11
1 65 1.07
1 55 1.04
2 26 4.96
2 24 4.39
2 41 3.91
2 13 3.77
2 11 3.74
2 65 3.71
2 12 3.58
2 31 3.54
2 54 3.35
2 4 3.31
2 56 3.27
2 55 3.26
2 28 3.22
2 40 3.22
2 42 3.16
2 19 3.16
2 22 3.16
2 52 3.1
2 21 3.03
2 64 2.99
2 51 2.97
2 20 2.95
2 39 2.81
2 27 2.81
2 57 2.79
2 30 2.75
2 66 2.75
2 1 2.73
2 5 2.73
2 43 2.67
2 33 2.67
2 67 2.6
2 35 2.59
2 71 2.5
2 58 2.44
2 38 2.43
2 34 2.41
2 23 2.41
2 70 2.39
2 36 2.39
2 6 2.32
2 29 2.3
2 15 2.29
2 32 2.28
2 3 2.27
2 17 2.24
2 2 2.21
2 45 2.19
2 8 2.18
2 48 2.18
2 49 2.17
2 9 2.14
2 60 2.13
2 68 2.13
2 46 2.09
2 16 2.05
2 69 2.04
2 62 2.03
2 50 1.99
2 14 1.9
2 59 1.8
2 63 1.77
2 18 1.76
2 10 1.75
2 25 1.73
2 53 1.62
2 37 1.56
2 61 1.53
2 7 1.5
2 44 1.37
2 47 1.26
3 17 4.72
3 26 4.63
3 22 4.29
3 4 4.26
3 16 4.25
3 19 4.06
3 24 3.85
3 15 3.68
3 28 3.61
3 31 3.45
3 32 3.43
3 29 3.28
3 12 3.24
3 11 3.01
3 39 2.99
3 13 2.98
3 41 2.97
3 62 2.88
3 5 2.88
3 40 2.87
3 2 2.79
3 55 2.78
3 43 2.64
3 54 2.57
3 45 2.51
3 42 2.5
3 49 2.46
3 63 2.42
3 61 2.41
3 18 2.4
3 38 2.4
3 51 2.37
3 6 2.36
3 48 2.35
3 27 2.35
3 46 2.33
3 65 2.33
3 64 2.32
3 33 2.31
3 56 2.31
3 66 2.31
3 70 2.25
3 50 2.25
3 14 2.25
3 35 2.2
3 69 2.19
3 58 2.14
3 36 2.13
3 30 2.11
3 59 2.1
3 23 2.08
3 52 2.07
3 34 1.99
3 25 1.93
3 10 1.93
3 68 1.89
3 57 1.85
3 44 1.84
3 1 1.8
3 20 1.8
3 37 1.74
3 67 1.74
3 60 1.69
3 9 1.67
3 21 1.63
3 3 1.61
3 47 1.58
3 71 1.52
3 53 1.5
3 7 1.47
