1 1 3.988
1 67 1.276
1 57 1.238
1 32 1.23
1 14 1.226
1 87 1.222
1 4 1.22
1 54 1.216
1 69 1.214
1 22 1.212
1 95 1.21
1 60 1.208
1 88 1.208
1 23 1.202
1 70 1.202
1 3 1.2
1 53 1.198
1 9 1.196
1 18 1.192
1 72 1.192
1 74 1.19
1 43 1.188
1 55 1.188
1 29 1.186
1 33 1.186
1 64 1.184
1 92 1.184
1 100 1.184
1 83 1.182
1 31 1.18
1 80 1.18
1 62 1.178
1 84 1.178
1 68 1.176
1 103 1.172
1 91 1.17
1 94 1.168
1 16 1.164
1 30 1.162
1 26 1.162
1 59 1.162
1 13 1.16
1 65 1.16
1 73 1.16
1 97 1.16
1 27 1.156
1 76 1.154
1 98 1.154
1 63 1.152
1 5 1.15
1 15 1.15
1 2 1.148
1 61 1.148
1 77 1.148
1 90 1.148
1 12 1.146
1 82 1.144
1 81 1.144
1 56 1.14
1 99 1.14
1 93 1.138
1 86 1.136
1 104 1.136
1 75 1.132
1 34 1.13
1 17 1.13
1 101 1.126
1 6 1.124
1 7 1.12
1 66 1.12
1 105 1.118
1 28 1.114
1 19 1.112
1 89 1.11
1 79 1.108
1 58 1.104
1 85 1.094
1 71 1.088
1 96 1.088
1 78 1.082
1 10 1.042
1 11 1.04
2 1 4.002
2 35 1.376
2 23 1.368
2 27 1.366
2 37 1.362
2 28 1.354
2 31 1.348
2 25 1.344
2 42 1.344
2 49 1.344
2 102 1.326
2 44 1.322
2 47 1.322
2 9 1.318
2 36 1.318
2 43 1.318
2 19 1.316
2 46 1.31
2 6 1.304
2 8 1.302
2 48 1.3
2 21 1.298
2 50 1.296
2 41 1.294
2 2 1.288
2 32 1.286
2 51 1.286
2 39 1.28
2 101 1.276
2 33 1.272
2 20 1.272
2 22 1.27
2 103 1.27
2 26 1.264
2 52 1.264
2 104 1.254
2 3 1.244
2 5 1.242
2 40 1.22
2 38 1.216
2 24 1.21
2 4 1.208
2 7 1.204
2 45 1.19
3 1 3.0
3 2 3.0
3 3 3.0
