1 17 8.066
1 16 7.768
1 30 6.942
1 26 6.94
1 4 6.8
1 12 6.684
1 35 6.636
1 28 6.35
1 13 6.306
1 42 6.248
1 2 6.174
1 38 5.908
1 22 5.842
1 49 5.696
1 43 5.682
1 11 5.672
1 24 5.364
1 31 5.26
1 34 5.108
1 20 5.102
1 14 5.04
1 9 4.98
1 29 4.952
1 40 4.9
1 21 4.804
1 45 4.668
1 3 4.574
1 27 4.522
1 32 4.426
1 10 4.412
1 39 4.372
1 15 4.328
1 1 4.026
1 44 3.952
1 61 3.778
1 25 3.698
1 51 3.59
1 8 3.492
1 19 3.476
1 59 3.394
1 46 3.314
1 47 3.292
1 36 3.254
1 60 3.244
1 57 3.228
1 6 3.106
1 52 3.07
1 58 3.066
1 56 3.044
1 5 3.004
1 48 2.978
1 54 2.942
1 50 2.872
1 41 2.81
1 53 2.602
1 70 2.578
1 23 2.534
1 68 2.512
1 7 2.486
1 37 2.222
1 18 2.106
1 33 2.09
1 63 1.912
1 66 1.854
1 64 1.746
1 71 1.726
1 69 1.686
1 67 1.616
1 65 1.23
1 62 1.156
1 55 1.136
2 26 7.642
2 13 6.682
2 65 6.476
2 41 6.26
2 12 6.234
2 24 6.094
2 52 5.862
2 56 5.736
2 22 5.58
2 11 5.4
2 21 5.32
2 28 5.302
2 55 5.214
2 27 5.214
2 66 5.19
2 31 5.176
2 54 5.14
2 4 5.022
2 51 5.0
2 40 4.964
2 19 4.95
2 57 4.886
2 1 4.884
2 42 4.874
2 39 4.792
2 30 4.678
2 64 4.646
2 20 4.536
2 15 4.532
2 23 4.408
2 43 4.284
2 38 4.272
2 5 4.27
2 33 4.004
2 35 3.97
2 58 3.962
2 71 3.946
2 34 3.898
2 36 3.856
2 49 3.714
2 29 3.712
2 67 3.704
2 50 3.688
2 6 3.614
2 3 3.586
2 68 3.57
2 8 3.568
2 17 3.52
2 62 3.488
2 69 3.456
2 48 3.448
2 32 3.442
2 16 3.376
2 60 3.29
2 45 3.15
2 70 3.144
2 9 2.946
2 46 2.878
2 14 2.806
2 18 2.69
2 63 2.638
2 25 2.636
2 2 2.632
2 59 2.562
2 7 2.49
2 10 2.47
2 61 2.086
2 37 1.842
2 53 1.814
2 47 1.538
2 44 1.49
3 26 8.34
3 22 8.002
3 17 7.73
3 16 7.034
3 19 6.484
3 4 6.43
3 24 6.12
3 28 6.086
3 32 5.812
3 62 5.692
3 31 5.502
3 15 5.354
3 29 5.346
3 2 5.314
3 12 5.288
3 55 4.908
3 38 4.862
3 5 4.718
3 39 4.628
3 40 4.628
3 61 4.538
3 11 4.446
3 18 4.404
3 54 4.358
3 42 4.334
3 13 4.314
3 41 4.278
3 34 4.124
3 63 3.964
3 45 3.934
3 49 3.922
3 14 3.842
3 48 3.838
3 35 3.818
3 65 3.798
3 56 3.79
3 43 3.758
3 50 3.718
3 27 3.7
3 66 3.688
3 51 3.67
3 58 3.658
3 6 3.566
3 70 3.546
3 46 3.53
3 52 3.424
3 10 3.374
3 44 3.338
3 20 3.268
3 36 3.194
3 57 3.192
3 33 3.17
3 59 3.078
3 64 3.076
3 68 3.07
3 69 3.01
3 21 3.004
3 30 2.982
3 25 2.98
3 1 2.938
3 53 2.792
3 60 2.78
3 23 2.716
3 37 2.698
3 9 2.442
3 3 2.268
3 71 2.19
3 67 2.184
3 47 2.082
3 7 1.948
