1 25 4.748
1 44 4.256
1 51 4.022
1 34 3.924
1 24 3.844
1 27 3.596
1 35 3.508
1 52 3.382
1 31 3.29
1 33 3.246
1 17 3.186
1 23 3.172
1 46 3.158
1 18 3.052
1 28 2.936
1 32 2.9
1 9 2.892
1 43 2.826
1 21 2.808
1 13 2.69
1 50 2.654
1 40 2.642
1 7 2.642
1 57 2.628
1 29 2.626
1 26 2.616
1 4 2.616
1 19 2.6
1 56 2.59
1 36 2.566
1 3 2.542
1 49 2.51
1 8 2.494
1 58 2.48
1 15 2.402
1 20 2.402
1 54 2.384
1 30 2.372
1 6 2.354
1 47 2.336
1 45 2.322
1 59 2.22
1 10 2.17
1 11 2.164
1 14 2.16
1 12 2.062
1 55 2.056
1 48 2.01
1 42 1.996
1 16 1.976
1 61 1.954
1 41 1.862
1 38 1.832
1 53 1.818
1 5 1.79
1 39 1.542
1 37 1.53
1 1 1.488
1 22 1.276
1 2 1.244
2 34 3.882
2 23 3.738
2 44 3.682
2 51 3.676
2 7 3.572
2 19 3.512
2 13 3.478
2 39 3.308
2 30 3.28
2 26 3.186
2 46 3.1
2 33 2.788
2 21 2.738
2 31 2.672
2 28 2.648
2 29 2.448
2 8 2.374
2 5 2.222
2 24 2.21
2 12 2.204
2 4 2.18
2 56 2.136
2 47 2.094
2 17 1.95
2 50 1.918
2 37 1.826
2 15 1.668
2 58 1.632
2 27 1.612
2 9 1.598
2 16 1.262
2 53 1.24
3 26 5.014
3 46 4.872
3 30 4.528
3 33 4.512
3 36 4.356
3 28 4.282
3 18 4.13
3 23 4.118
3 49 4.108
3 27 4.05
3 48 3.552
3 52 2.614
3 6 2.526
3 4 2.306
3 55 1.78
3 10 1.772
3 37 1.77
3 12 1.762
3 39 1.756
3 38 1.73
3 13 1.724
3 54 1.724
3 8 1.722
3 14 1.72
3 11 1.704
4 23 5.856
4 25 4.596
4 35 4.45
4 31 4.362
4 46 4.016
4 50 3.71
4 34 3.698
4 19 3.534
4 45 3.42
4 20 3.264
4 33 3.19
4 17 3.01
4 52 2.984
4 56 2.88
4 24 2.782
4 5 2.708
4 48 2.706
4 37 2.702
4 42 2.63
4 47 2.614
4 40 2.514
4 15 2.498
4 8 2.408
4 36 2.302
4 39 2.204
4 12 2.156
4 41 2.146
4 28 2.026
4 9 1.894
4 49 1.88
4 29 1.866
4 13 1.684
4 43 1.614
4 32 1.554
4 51 1.542
4 55 1.51
4 10 1.46
4 4 1.458
4 6 1.452
4 14 1.43
4 16 1.396
4 58 1.382
4 38 1.328
4 44 1.26
4 30 1.258
4 11 1.242
4 61 1.21
5 7 5.32
5 44 4.104
5 51 4.08
5 11 3.972
5 21 3.866
5 46 3.756
5 26 3.712
5 8 3.394
5 18 3.144
5 2 3.102
5 34 3.046
5 3 3.046
5 13 3.036
5 6 2.876
5 31 2.592
5 40 2.554
5 57 2.366
5 41 2.316
5 5 2.288
5 23 2.236
5 36 2.21
5 20 2.18
5 15 2.16
5 37 2.158
5 10 2.078
5 45 2.02
5 33 2.016
5 32 1.876
5 19 1.854
5 42 1.822
5 35 1.804
5 48 1.796
5 52 1.784
5 4 1.78
5 16 1.744
5 47 1.72
5 12 1.704
5 58 1.652
5 17 1.646
5 55 1.644
5 50 1.626
5 27 1.612
5 39 1.604
5 38 1.592
5 24 1.59
5 30 1.586
5 60 1.568
5 28 1.52
5 54 1.518
5 25 1.492
5 56 1.478
5 29 1.44
5 49 1.408
5 9 1.402
5 14 1.394
5 22 1.374
5 53 1.366
5 61 1.362
5 59 1.332
5 43 1.226
