1 1 3.082
1 72 1.136
1 2 1.122
1 71 1.118
1 18 1.116
1 54 1.116
1 90 1.116
1 5 1.114
1 96 1.114
1 99 1.112
1 12 1.108
1 66 1.108
1 69 1.106
1 83 1.106
1 85 1.104
1 87 1.104
1 53 1.102
1 67 1.1
1 80 1.1
1 28 1.098
1 76 1.098
1 22 1.096
1 64 1.096
1 104 1.096
1 105 1.094
1 31 1.092
1 88 1.09
1 70 1.088
1 4 1.088
1 16 1.088
1 29 1.086
1 62 1.086
1 75 1.086
1 30 1.084
1 68 1.084
1 97 1.084
1 86 1.08
1 56 1.078
1 84 1.078
1 95 1.078
1 27 1.076
1 59 1.076
1 43 1.072
1 55 1.072
1 78 1.072
1 98 1.072
1 74 1.07
1 77 1.07
1 91 1.07
1 3 1.07
1 103 1.07
1 23 1.068
1 32 1.068
1 57 1.068
1 33 1.066
1 100 1.066
1 101 1.066
1 15 1.064
1 7 1.064
1 82 1.064
1 34 1.062
1 61 1.062
1 73 1.062
1 93 1.062
1 6 1.06
1 79 1.06
1 81 1.06
1 26 1.058
1 89 1.058
1 14 1.058
1 17 1.058
1 94 1.054
1 65 1.052
1 19 1.048
1 58 1.046
1 60 1.046
1 13 1.044
1 63 1.044
1 92 1.044
1 9 1.032
1 11 1.03
1 10 1.028
2 1 3.066
2 32 1.24
2 103 1.236
2 37 1.202
2 33 1.188
2 45 1.184
2 7 1.18
2 19 1.178
2 9 1.174
2 5 1.17
2 31 1.16
2 104 1.158
2 48 1.154
2 8 1.154
2 40 1.152
2 4 1.146
2 39 1.144
2 46 1.144
2 47 1.142
2 3 1.14
2 38 1.14
2 25 1.138
2 26 1.134
2 44 1.132
2 50 1.13
2 43 1.124
2 42 1.122
2 51 1.122
2 2 1.118
2 22 1.118
2 28 1.116
2 27 1.116
2 23 1.112
2 101 1.112
2 20 1.112
2 102 1.11
2 24 1.108
2 49 1.108
2 21 1.108
2 6 1.104
2 52 1.104
2 36 1.094
2 41 1.09
2 35 1.082
3 1 3.0
3 2 3.0
3 3 3.0
