1 39 4.536
1 22 3.194
1 24 2.816
1 1 2.302
1 3 2.298
1 37 2.04
1 28 1.986
1 45 1.796
1 33 1.484
1 282 1.258
1 284 1.178
1 492 1.178
1 405 1.174
1 568 1.168
1 460 1.16
1 466 1.148
1 524 1.148
1 479 1.144
1 523 1.144
1 488 1.144
1 563 1.134
1 218 1.132
1 79 1.132
1 527 1.13
1 338 1.124
1 226 1.122
1 854 1.122
1 544 1.12
1 679 1.12
1 561 1.12
1 594 1.118
1 486 1.118
1 483 1.116
1 293 1.114
1 311 1.112
1 290 1.112
1 252 1.112
1 509 1.112
1 465 1.11
1 114 1.11
1 581 1.11
1 601 1.108
1 929 1.108
1 538 1.108
1 562 1.108
1 502 1.106
1 550 1.106
1 482 1.106
1 551 1.104
1 507 1.104
1 169 1.104
1 571 1.102
1 213 1.102
1 560 1.102
1 490 1.1
1 613 1.1
1 557 1.1
1 481 1.1
1 566 1.098
1 595 1.098
1 592 1.098
1 41 1.098
1 848 1.098
1 974 1.098
1 387 1.096
1 72 1.096
1 577 1.096
1 847 1.094
1 580 1.094
1 614 1.094
1 514 1.094
1 491 1.092
1 921 1.092
1 850 1.092
1 506 1.092
1 504 1.092
1 589 1.092
1 354 1.09
1 593 1.09
1 900 1.09
1 251 1.09
1 605 1.09
1 88 1.09
1 934 1.09
1 536 1.088
1 606 1.088
1 349 1.088
1 484 1.088
1 173 1.088
1 602 1.086
1 500 1.086
1 8 1.084
1 475 1.084
1 583 1.084
1 454 1.084
1 867 1.084
1 565 1.084
1 56 1.084
1 569 1.082
1 570 1.082
1 522 1.082
1 925 1.082
1 87 1.082
1 256 1.082
1 933 1.082
1 564 1.082
1 591 1.08
1 673 1.08
1 493 1.08
1 409 1.08
1 846 1.08
1 579 1.08
1 555 1.08
1 747 1.08
1 909 1.08
1 893 1.078
1 840 1.078
1 841 1.078
1 918 1.078
1 407 1.078
1 345 1.078
1 495 1.078
1 521 1.078
1 880 1.078
1 49 1.078
1 927 1.078
1 852 1.078
1 510 1.078
1 958 1.078
1 541 1.078
1 874 1.076
1 655 1.076
1 471 1.076
1 325 1.076
1 476 1.076
1 600 1.076
1 713 1.076
1 537 1.076
1 935 1.076
1 871 1.074
1 844 1.074
1 480 1.074
1 71 1.074
1 865 1.074
1 652 1.072
1 942 1.072
1 548 1.072
1 498 1.072
1 391 1.072
1 553 1.072
1 926 1.072
1 372 1.072
1 861 1.072
1 543 1.07
1 243 1.07
1 576 1.07
1 706 1.07
1 531 1.07
1 532 1.07
1 688 1.07
1 954 1.07
1 175 1.07
1 141 1.07
1 892 1.068
1 197 1.068
1 467 1.068
1 676 1.068
1 896 1.068
1 843 1.068
1 231 1.068
1 853 1.068
1 156 1.068
1 586 1.068
1 914 1.066
1 542 1.066
1 403 1.066
1 915 1.066
1 938 1.066
1 962 1.066
1 519 1.066
1 320 1.066
1 699 1.066
1 596 1.066
1 34 1.066
1 677 1.066
1 245 1.066
1 499 1.066
1 552 1.066
1 477 1.066
1 686 1.066
1 478 1.066
1 533 1.066
1 275 1.066
1 535 1.066
1 513 1.066
1 464 1.064
1 517 1.064
1 572 1.064
1 678 1.064
1 944 1.064
1 599 1.064
1 472 1.064
1 18 1.064
1 73 1.064
1 474 1.064
1 886 1.064
1 176 1.064
1 670 1.064
1 319 1.062
1 545 1.062
1 450 1.062
1 946 1.062
1 667 1.062
1 982 1.062
1 389 1.062
1 964 1.06
1 757 1.06
1 898 1.06
1 703 1.06
1 530 1.06
1 826 1.06
1 975 1.06
1 665 1.06
1 584 1.06
1 629 1.06
1 912 1.06
1 304 1.06
1 2 1.058
1 617 1.058
1 701 1.058
1 574 1.058
1 970 1.058
1 705 1.058
1 327 1.058
1 804 1.058
1 950 1.058
1 904 1.058
1 851 1.058
1 783 1.058
1 133 1.058
1 976 1.058
1 666 1.058
1 771 1.058
1 668 1.058
1 889 1.058
1 540 1.058
1 487 1.058
1 700 1.056
1 225 1.056
1 211 1.056
1 575 1.056
1 412 1.056
1 473 1.056
1 298 1.056
1 607 1.056
1 534 1.056
1 712 1.056
1 630 1.056
1 890 1.056
1 461 1.056
1 359 1.056
1 960 1.054
1 870 1.054
1 917 1.054
1 51 1.054
1 281 1.054
1 470 1.054
1 585 1.054
1 497 1.054
1 968 1.054
1 285 1.054
1 879 1.054
1 554 1.054
1 582 1.054
1 862 1.054
1 690 1.054
1 383 1.054
1 832 1.054
1 691 1.054
1 811 1.054
1 305 1.052
1 489 1.052
1 837 1.052
1 793 1.052
1 818 1.052
1 23 1.052
1 872 1.052
1 520 1.052
1 842 1.052
1 180 1.052
1 725 1.052
1 324 1.052
1 777 1.052
1 236 1.052
1 603 1.052
1 971 1.052
1 729 1.052
1 84 1.052
1 863 1.052
1 512 1.052
1 616 1.052
1 516 1.05
1 567 1.05
1 347 1.05
1 358 1.05
1 675 1.05
1 223 1.05
1 722 1.05
1 873 1.05
1 210 1.05
1 573 1.05
1 877 1.05
1 762 1.05
1 428 1.05
1 659 1.05
1 255 1.05
1 734 1.05
1 906 1.05
1 341 1.05
1 508 1.05
1 558 1.05
1 609 1.05
1 362 1.05
1 978 1.05
1 611 1.05
1 887 1.05
1 957 1.05
1 451 1.05
1 988 1.05
1 672 1.048
1 696 1.048
1 939 1.048
1 4 1.048
1 496 1.048
1 945 1.048
1 662 1.048
1 615 1.048
1 186 1.048
1 891 1.046
1 635 1.046
1 518 1.046
1 922 1.046
1 899 1.046
1 969 1.046
1 682 1.046
1 973 1.046
1 301 1.046
1 883 1.046
1 625 1.046
1 373 1.046
1 953 1.046
1 559 1.046
1 511 1.046
1 458 1.046
1 749 1.046
1 980 1.046
1 385 1.046
1 834 1.046
1 296 1.046
1 753 1.044
1 333 1.044
1 719 1.044
1 698 1.044
1 546 1.044
1 411 1.044
1 681 1.044
1 901 1.044
1 241 1.044
1 643 1.044
1 902 1.044
1 503 1.044
1 951 1.044
1 663 1.044
1 829 1.044
1 627 1.044
1 740 1.044
1 588 1.044
1 289 1.044
1 835 1.044
1 959 1.044
1 590 1.044
1 752 1.042
1 836 1.042
1 838 1.042
1 697 1.042
1 720 1.042
1 312 1.042
1 795 1.042
1 224 1.042
1 919 1.042
1 966 1.042
1 323 1.042
1 526 1.042
1 529 1.042
1 849 1.042
1 972 1.042
1 300 1.042
1 63 1.042
1 928 1.042
1 806 1.042
1 647 1.042
1 884 1.042
1 343 1.042
1 931 1.042
1 787 1.042
1 748 1.042
1 539 1.042
1 449 1.042
1 318 1.04
1 916 1.04
1 335 1.04
1 756 1.04
1 369 1.04
1 799 1.04
1 876 1.04
1 414 1.04
1 948 1.04
1 660 1.04
1 949 1.04
1 730 1.04
1 709 1.04
1 732 1.04
1 556 1.04
1 952 1.04
1 710 1.04
1 907 1.04
1 770 1.04
1 831 1.04
1 350 1.04
1 715 1.04
1 866 1.04
1 913 1.04
1 814 1.04
1 515 1.04
1 68 1.04
1 695 1.038
1 723 1.038
1 943 1.038
1 549 1.038
1 727 1.038
1 801 1.038
1 578 1.038
1 825 1.038
1 733 1.038
1 292 1.038
1 745 1.038
1 374 1.038
1 977 1.038
1 280 1.038
1 772 1.038
1 384 1.038
1 46 1.038
1 485 1.038
1 789 1.038
1 456 1.038
1 774 1.038
1 386 1.038
1 717 1.038
1 421 1.038
1 404 1.036
1 755 1.036
1 895 1.036
1 941 1.036
1 364 1.036
1 639 1.036
1 5 1.036
1 967 1.036
1 656 1.036
1 6 1.036
1 427 1.036
1 74 1.036
1 21 1.036
1 780 1.036
1 764 1.036
1 881 1.036
1 708 1.036
1 623 1.036
1 731 1.036
1 687 1.036
1 664 1.036
1 784 1.036
1 746 1.036
1 737 1.036
1 650 1.036
1 42 1.036
1 610 1.036
1 628 1.036
1 788 1.036
1 888 1.036
1 911 1.036
1 981 1.036
1 868 1.034
1 937 1.034
1 306 1.034
1 355 1.034
1 1003 1.034
1 244 1.034
1 219 1.034
1 313 1.034
1 363 1.034
1 758 1.034
1 469 1.034
1 547 1.034
1 654 1.034
1 598 1.034
1 760 1.034
1 845 1.034
1 20 1.034
1 824 1.034
1 604 1.034
1 661 1.034
1 742 1.034
1 370 1.034
1 744 1.034
1 828 1.034
1 807 1.034
1 375 1.034
1 932 1.034
1 979 1.034
1 992 1.034
1 694 1.034
1 297 1.034
1 353 1.032
1 718 1.032
1 816 1.032
1 754 1.032
1 636 1.032
1 408 1.032
1 597 1.032
1 390 1.032
1 759 1.032
1 238 1.032
1 821 1.032
1 425 1.032
1 778 1.032
1 823 1.032
1 728 1.032
1 802 1.032
1 903 1.032
1 299 1.032
1 805 1.032
1 65 1.032
1 768 1.032
1 274 1.032
1 69 1.032
1 608 1.032
1 769 1.032
1 302 1.032
1 773 1.032
1 61 1.032
1 869 1.03
1 839 1.03
1 963 1.03
1 410 1.03
1 875 1.03
1 702 1.03
1 525 1.03
1 181 1.03
1 680 1.03
1 657 1.03
1 923 1.03
1 326 1.03
1 620 1.03
1 430 1.03
1 905 1.03
1 624 1.03
1 930 1.03
1 711 1.03
1 626 1.03
1 785 1.03
1 885 1.03
1 348 1.03
1 170 1.03
1 44 1.03
1 587 1.03
1 612 1.03
1 812 1.03
1 47 1.03
1 936 1.03
1 791 1.03
1 1002 1.03
1 196 1.028
1 264 1.028
1 961 1.028
1 10 1.028
1 494 1.028
1 368 1.028
1 947 1.028
1 644 1.028
1 462 1.028
1 707 1.028
1 782 1.028
1 646 1.028
1 505 1.028
1 908 1.028
1 651 1.028
1 910 1.028
1 669 1.028
1 716 1.028
1 813 1.028
1 352 1.028
1 58 1.028
1 940 1.026
1 819 1.026
1 321 1.026
1 724 1.026
1 402 1.026
1 528 1.026
1 803 1.026
1 429 1.026
1 684 1.026
1 645 1.026
1 685 1.026
1 743 1.026
1 830 1.026
1 689 1.026
1 809 1.026
1 714 1.026
1 751 1.026
1 48 1.026
1 334 1.026
1 986 1.026
1 775 1.024
1 776 1.024
1 1004 1.024
1 721 1.024
1 128 1.024
1 653 1.024
1 638 1.024
1 798 1.024
1 618 1.024
1 800 1.024
1 641 1.024
1 822 1.024
1 704 1.024
1 426 1.024
1 878 1.024
1 25 1.024
1 781 1.024
1 856 1.024
1 735 1.024
1 337 1.024
1 857 1.024
1 736 1.024
1 361 1.024
1 134 1.024
1 738 1.024
1 448 1.024
1 38 1.024
1 631 1.024
1 790 1.024
1 996 1.024
1 52 1.024
1 315 1.022
1 392 1.022
1 360 1.022
1 965 1.022
1 797 1.022
1 640 1.022
1 239 1.022
1 761 1.022
1 642 1.022
1 779 1.022
1 459 1.022
1 621 1.022
1 501 1.022
1 328 1.022
1 622 1.022
1 765 1.022
1 882 1.022
1 54 1.022
1 786 1.022
1 833 1.022
1 351 1.022
1 995 1.022
1 671 1.022
1 330 1.022
1 447 1.022
1 310 1.02
1 634 1.02
1 331 1.02
1 817 1.02
1 894 1.02
1 339 1.02
1 820 1.02
1 415 1.02
1 658 1.02
1 924 1.02
1 763 1.02
1 371 1.02
1 648 1.02
1 692 1.02
1 693 1.02
1 62 1.02
1 344 1.02
1 633 1.018
1 1005 1.018
1 445 1.018
1 920 1.018
1 424 1.018
1 413 1.018
1 416 1.018
1 859 1.018
1 810 1.018
1 287 1.018
1 632 1.018
1 60 1.018
1 66 1.018
1 336 1.018
1 365 1.018
1 444 1.018
1 985 1.018
1 12 1.016
1 342 1.016
1 340 1.016
1 619 1.016
1 291 1.016
1 766 1.016
1 808 1.016
1 55 1.016
1 95 1.016
1 453 1.016
1 739 1.016
1 994 1.016
1 288 1.016
1 815 1.014
1 674 1.014
1 796 1.014
1 468 1.014
1 897 1.014
1 423 1.014
1 378 1.014
1 726 1.014
1 855 1.014
1 767 1.014
1 858 1.014
1 864 1.014
1 956 1.014
1 750 1.014
1 792 1.012
1 406 1.012
1 322 1.012
1 240 1.012
1 286 1.012
1 303 1.012
1 165 1.01
1 283 1.01
1 955 1.01
1 741 1.01
1 329 1.01
1 637 1.008
1 683 1.008
1 827 1.008
1 794 1.006
1 649 1.006
1 174 1.004
1 860 1.004
1 262 1.0
2 3 3.964
2 33 1.52
2 24 1.3
2 28 1.298
2 45 1.222
2 1 1.122
2 151 1.116
2 22 1.112
2 10 1.102
2 8 1.1
2 104 1.09
2 198 1.09
2 5 1.088
2 216 1.088
2 86 1.088
2 214 1.086
2 102 1.086
2 303 1.084
2 225 1.084
2 149 1.084
2 182 1.084
2 239 1.084
2 212 1.084
2 257 1.082
2 39 1.082
2 183 1.078
2 117 1.078
2 275 1.078
2 144 1.078
2 210 1.078
2 105 1.076
2 208 1.076
2 191 1.074
2 224 1.074
2 194 1.074
2 19 1.074
2 175 1.074
2 244 1.074
2 136 1.072
2 71 1.072
2 307 1.072
2 160 1.072
2 109 1.072
2 37 1.072
2 187 1.072
2 89 1.072
2 169 1.07
2 269 1.07
2 107 1.07
2 332 1.07
2 141 1.07
2 157 1.07
2 126 1.068
2 159 1.068
2 195 1.068
2 211 1.068
2 80 1.068
2 171 1.066
2 314 1.066
2 161 1.066
2 422 1.066
2 166 1.066
2 266 1.066
2 256 1.066
2 148 1.064
2 128 1.064
2 120 1.064
2 242 1.064
2 178 1.064
2 272 1.062
2 153 1.062
2 164 1.062
2 445 1.062
2 192 1.06
2 93 1.06
2 248 1.06
2 150 1.06
2 6 1.06
2 129 1.06
2 186 1.06
2 20 1.06
2 88 1.06
2 112 1.06
2 123 1.06
2 311 1.06
2 215 1.058
2 84 1.058
2 94 1.058
2 85 1.058
2 99 1.058
2 280 1.058
2 260 1.056
2 229 1.056
2 197 1.056
2 12 1.056
2 233 1.056
2 179 1.056
2 190 1.056
2 152 1.054
2 263 1.054
2 143 1.054
2 176 1.054
2 253 1.054
2 155 1.054
2 221 1.054
2 156 1.054
2 245 1.054
2 147 1.052
2 14 1.052
2 115 1.052
2 17 1.052
2 73 1.052
2 18 1.052
2 206 1.052
2 174 1.052
2 154 1.052
2 220 1.052
2 134 1.052
2 124 1.052
2 56 1.052
2 103 1.05
2 377 1.05
2 204 1.05
2 228 1.05
2 69 1.05
2 101 1.05
2 180 1.048
2 16 1.048
2 173 1.048
2 250 1.048
2 196 1.048
2 218 1.048
2 219 1.048
2 167 1.048
2 67 1.048
2 246 1.046
2 170 1.046
2 138 1.046
2 87 1.046
2 11 1.046
2 193 1.044
2 140 1.044
2 274 1.044
2 188 1.044
2 78 1.044
2 100 1.044
2 145 1.044
2 168 1.044
2 201 1.044
2 249 1.042
2 7 1.042
2 217 1.042
2 240 1.042
2 207 1.042
2 299 1.042
2 234 1.042
2 158 1.04
2 82 1.04
2 23 1.04
2 262 1.04
2 241 1.04
2 252 1.04
2 231 1.04
2 121 1.04
2 90 1.04
2 79 1.04
2 989 1.04
2 70 1.038
2 213 1.038
2 83 1.038
2 258 1.038
2 238 1.038
2 423 1.038
2 162 1.038
2 261 1.038
2 222 1.038
2 302 1.038
2 235 1.036
2 236 1.036
2 226 1.036
2 34 1.036
2 27 1.036
2 98 1.036
2 21 1.036
2 77 1.036
2 111 1.036
2 428 1.036
2 91 1.036
2 113 1.036
2 137 1.034
2 203 1.034
2 95 1.034
2 108 1.034
2 185 1.034
2 131 1.034
2 378 1.034
2 278 1.034
2 92 1.032
2 268 1.032
2 432 1.032
2 72 1.032
2 270 1.032
2 209 1.032
2 264 1.032
2 243 1.032
2 255 1.032
2 66 1.032
2 41 1.03
2 181 1.03
2 434 1.03
2 36 1.03
2 367 1.03
2 96 1.03
2 130 1.03
2 389 1.03
2 230 1.03
2 110 1.03
2 132 1.03
2 232 1.03
2 440 1.03
2 146 1.03
2 125 1.028
2 15 1.028
2 247 1.028
2 116 1.028
2 172 1.028
2 271 1.028
2 74 1.028
2 118 1.028
2 273 1.028
2 97 1.028
2 142 1.028
2 76 1.028
2 165 1.028
2 177 1.028
2 446 1.028
2 296 1.028
2 65 1.028
2 13 1.026
2 202 1.026
2 347 1.026
2 42 1.026
2 259 1.026
2 44 1.026
2 9 1.026
2 29 1.026
2 631 1.026
2 276 1.026
2 431 1.026
2 444 1.026
2 114 1.024
2 397 1.024
2 133 1.024
2 254 1.024
2 122 1.024
2 189 1.024
2 317 1.024
2 356 1.024
2 419 1.024
2 333 1.022
2 393 1.022
2 184 1.022
2 376 1.022
2 289 1.022
2 267 1.022
2 81 1.02
2 301 1.02
2 366 1.02
2 401 1.02
2 237 1.02
2 458 1.02
2 424 1.02
2 163 1.02
2 265 1.02
2 387 1.018
2 205 1.018
2 227 1.018
2 119 1.018
2 450 1.018
2 396 1.018
2 426 1.018
2 52 1.018
2 439 1.018
2 51 1.018
2 441 1.018
2 442 1.018
2 997 1.018
2 433 1.016
2 308 1.016
2 418 1.016
2 106 1.016
2 284 1.016
2 436 1.016
2 437 1.016
2 363 1.016
2 398 1.016
2 279 1.016
2 987 1.016
2 223 1.016
2 990 1.016
2 999 1.016
2 4 1.014
2 26 1.014
2 392 1.014
2 388 1.014
2 463 1.014
2 343 1.014
2 395 1.014
2 425 1.014
2 38 1.014
2 199 1.014
2 300 1.014
2 310 1.014
2 384 1.014
2 390 1.014
2 1002 1.014
2 1004 1.012
2 456 1.012
2 457 1.012
2 361 1.012
2 47 1.012
2 449 1.012
2 75 1.012
2 438 1.012
2 55 1.012
2 452 1.012
2 200 1.012
2 399 1.012
2 135 1.012
2 454 1.012
2 312 1.012
2 313 1.012
2 357 1.012
2 417 1.012
2 420 1.012
2 991 1.012
2 992 1.012
2 1001 1.012
2 127 1.01
2 139 1.01
2 46 1.01
2 427 1.01
2 63 1.01
2 25 1.01
2 64 1.01
2 453 1.01
2 986 1.01
2 429 1.01
2 40 1.01
2 309 1.01
2 335 1.01
2 998 1.01
2 331 1.008
2 443 1.008
2 435 1.008
2 281 1.008
2 35 1.008
2 277 1.008
2 400 1.008
2 430 1.008
2 346 1.008
2 1000 1.008
2 855 1.006
2 993 1.006
2 293 1.006
2 394 1.006
2 251 1.006
2 451 1.006
2 379 1.006
2 53 1.006
2 380 1.006
2 291 1.006
2 292 1.006
2 455 1.006
2 405 1.006
2 2 1.004
2 43 1.004
2 48 1.004
2 381 1.004
2 382 1.0
3 1 4.176
3 22 3.672
3 28 3.468
3 316 3.432
3 31 3.342
3 30 3.252
3 32 3.168
3 58 2.728
3 285 2.546
3 284 2.526
3 19 2.424
3 128 2.412
3 12 2.388
3 294 2.346
3 295 2.344
3 11 2.31
3 293 2.29
3 279 2.252
3 50 2.168
3 492 2.166
3 45 2.054
3 388 2.022
3 289 2.016
3 33 1.982
3 3 1.706
3 48 1.632
3 342 1.584
3 47 1.576
3 59 1.548
3 407 1.538
3 4 1.516
3 57 1.496
3 448 1.348
3 39 1.338
4 45 5.278
4 47 4.958
4 48 4.848
4 28 4.714
4 46 3.778
4 3 3.502
4 291 2.932
4 55 2.916
4 290 2.894
4 20 2.826
4 289 2.788
4 983 2.56
4 95 2.496
4 984 2.292
4 33 2.268
4 23 2.04
4 22 1.648
4 387 1.646
4 51 1.636
4 277 1.628
4 24 1.6
