1 17 4.582
1 16 4.172
1 4 4.108
1 35 3.942
1 13 3.916
1 26 3.888
1 30 3.828
1 28 3.628
1 42 3.538
1 12 3.494
1 22 3.488
1 38 3.46
1 2 3.304
1 43 3.254
1 31 3.226
1 49 3.202
1 24 3.17
1 11 3.134
1 34 3.126
1 29 2.97
1 21 2.848
1 14 2.838
1 20 2.794
1 9 2.774
1 45 2.76
1 27 2.744
1 32 2.73
1 40 2.678
1 3 2.58
1 39 2.56
1 8 2.55
1 61 2.508
1 15 2.446
1 1 2.408
1 10 2.312
1 25 2.284
1 60 2.238
1 57 2.232
1 51 2.206
1 19 2.2
1 59 2.166
1 36 2.14
1 46 2.126
1 47 2.108
1 58 2.108
1 44 2.066
1 54 2.056
1 56 2.032
1 52 2.002
1 50 1.958
1 41 1.948
1 6 1.936
1 70 1.898
1 23 1.86
1 48 1.828
1 5 1.796
1 53 1.742
1 68 1.734
1 7 1.64
1 66 1.56
1 33 1.534
1 18 1.53
1 63 1.496
1 69 1.488
1 37 1.436
1 64 1.436
1 71 1.372
1 67 1.33
1 62 1.118
1 65 1.104
1 55 1.078
2 26 4.42
2 24 3.78
2 13 3.714
2 65 3.594
2 52 3.512
2 41 3.476
2 12 3.36
2 66 3.334
2 56 3.326
2 22 3.278
2 4 3.194
2 19 3.174
2 27 3.14
2 28 3.13
2 40 3.106
2 42 3.08
2 55 3.058
2 11 3.042
2 31 2.984
2 39 2.966
2 54 2.962
2 1 2.878
2 5 2.83
2 20 2.83
2 30 2.824
2 51 2.816
2 21 2.808
2 57 2.798
2 33 2.794
2 64 2.724
2 29 2.682
2 67 2.668
2 58 2.624
2 34 2.622
2 23 2.61
2 35 2.588
2 43 2.572
2 15 2.502
2 49 2.476
2 38 2.428
2 36 2.354
2 69 2.346
2 32 2.336
2 48 2.334
2 68 2.324
2 6 2.31
2 50 2.31
2 17 2.308
2 16 2.286
2 71 2.266
2 8 2.228
2 70 2.222
2 60 2.174
2 3 2.164
2 45 2.152
2 62 2.126
2 9 2.024
2 14 2.022
2 63 1.966
2 46 1.926
2 18 1.856
2 59 1.85
2 2 1.82
2 25 1.744
2 7 1.708
2 10 1.666
2 61 1.616
2 53 1.464
2 37 1.42
2 47 1.32
2 44 1.27
3 26 4.604
3 22 4.336
3 17 4.004
3 16 3.972
3 32 3.732
3 19 3.694
3 4 3.662
3 28 3.592
3 24 3.548
3 15 3.454
3 29 3.264
3 31 3.236
3 55 3.034
3 12 2.97
3 38 2.872
3 62 2.862
3 13 2.838
3 5 2.74
3 2 2.696
3 40 2.694
3 41 2.66
3 61 2.658
3 18 2.608
3 49 2.568
3 11 2.564
3 39 2.54
3 42 2.53
3 27 2.518
3 58 2.51
3 51 2.504
3 43 2.504
3 66 2.484
3 63 2.456
3 45 2.446
3 54 2.426
3 6 2.426
3 56 2.424
3 34 2.378
3 65 2.362
3 35 2.346
3 14 2.334
3 50 2.286
3 70 2.272
3 33 2.258
3 36 2.216
3 68 2.212
3 10 2.192
3 48 2.182
3 46 2.164
3 25 2.14
3 52 2.138
3 59 2.136
3 57 2.084
3 30 2.068
3 23 2.008
3 20 2.004
3 44 1.952
3 53 1.92
3 64 1.888
3 60 1.884
3 1 1.87
3 9 1.844
3 69 1.812
3 21 1.738
3 37 1.722
3 67 1.666
3 47 1.62
3 3 1.55
3 7 1.544
3 71 1.492
