1 54 10.666
1 55 9.378
1 57 7.598
1 56 6.652
1 259 6.504
1 246 6.138
1 168 5.774
1 152 5.724
1 35 5.698
1 169 5.65
1 175 5.608
1 158 5.416
1 179 5.208
1 28 5.17
1 69 4.9
1 34 4.74
1 247 4.626
1 176 4.574
1 91 4.508
1 210 4.382
1 252 4.376
1 90 4.366
1 101 4.32
1 14 4.246
1 183 4.226
1 70 4.13
1 241 4.086
1 172 4.08
1 87 4.066
1 242 4.052
1 109 4.014
1 243 4.012
1 96 3.958
1 260 3.91
1 249 3.908
1 67 3.9
1 31 3.884
1 29 3.866
1 100 3.858
1 151 3.852
1 92 3.85
1 99 3.834
1 163 3.79
1 88 3.762
1 254 3.738
1 61 3.706
1 111 3.706
1 178 3.69
1 248 3.688
1 13 3.666
1 36 3.648
1 245 3.646
1 208 3.6
1 33 3.576
1 159 3.518
1 258 3.514
1 38 3.506
1 217 3.502
1 37 3.484
1 244 3.476
1 256 3.448
1 98 3.312
1 60 3.304
1 261 3.256
1 253 3.208
1 112 3.202
1 219 3.162
1 267 3.086
1 251 3.044
1 97 3.034
1 257 2.986
1 134 2.98
1 102 2.96
1 206 2.926
1 235 2.9
1 239 2.886
1 238 2.864
1 240 2.862
1 103 2.848
1 170 2.842
1 220 2.822
1 191 2.752
1 237 2.73
1 236 2.666
1 133 2.666
1 93 2.66
1 195 2.658
1 132 2.64
1 128 2.602
1 250 2.566
1 255 2.544
1 135 2.528
1 276 2.508
1 94 2.494
1 207 2.482
1 190 2.38
1 198 2.366
1 45 2.362
1 1 2.342
1 2 2.318
1 44 2.294
1 89 2.294
1 223 2.252
1 268 2.248
1 226 2.246
1 225 2.228
1 185 2.2
1 222 2.188
1 156 2.17
1 269 2.16
1 199 2.154
1 218 2.114
1 161 2.1
1 184 2.072
1 59 2.06
1 177 2.058
1 20 2.054
1 224 2.038
1 7 2.016
1 51 2.008
1 193 1.986
1 17 1.97
1 95 1.944
1 171 1.942
1 264 1.922
1 162 1.92
1 117 1.896
1 186 1.894
1 71 1.878
1 80 1.87
1 3 1.866
1 62 1.86
1 79 1.838
1 192 1.822
1 116 1.82
1 131 1.82
1 63 1.81
1 270 1.784
1 10 1.78
1 130 1.774
1 144 1.75
1 145 1.748
1 22 1.744
1 58 1.744
1 76 1.738
1 50 1.73
1 139 1.728
1 160 1.726
1 9 1.72
1 187 1.712
1 65 1.708
1 110 1.702
1 12 1.7
1 147 1.69
1 113 1.69
1 19 1.68
1 138 1.678
1 216 1.664
1 11 1.662
1 18 1.658
1 137 1.652
1 146 1.648
1 150 1.648
1 85 1.632
1 68 1.63
1 6 1.618
1 75 1.616
1 215 1.612
1 265 1.6
1 106 1.596
1 52 1.59
1 104 1.59
1 21 1.588
1 66 1.582
1 120 1.582
1 72 1.578
1 53 1.56
1 125 1.558
1 262 1.556
1 4 1.552
1 141 1.544
1 231 1.542
1 121 1.532
1 232 1.526
1 155 1.52
1 271 1.52
1 74 1.51
1 274 1.51
1 279 1.494
1 86 1.486
1 213 1.484
1 211 1.472
1 83 1.47
1 205 1.464
1 118 1.454
1 204 1.442
1 5 1.438
1 105 1.438
1 173 1.436
1 23 1.434
1 188 1.434
1 42 1.43
1 47 1.424
1 30 1.42
1 234 1.412
1 24 1.408
1 266 1.406
1 119 1.402
1 263 1.396
1 275 1.394
1 200 1.39
1 84 1.386
1 43 1.384
1 214 1.384
1 212 1.366
1 129 1.364
1 64 1.364
1 73 1.362
1 273 1.354
1 182 1.348
1 46 1.346
1 143 1.34
1 272 1.324
1 115 1.32
1 189 1.314
1 194 1.314
1 8 1.302
1 165 1.29
1 124 1.28
1 164 1.272
1 233 1.252
1 26 1.246
1 201 1.244
1 136 1.232
1 15 1.23
1 180 1.196
1 107 1.184
1 221 1.184
1 157 1.178
1 48 1.176
1 32 1.176
1 114 1.176
1 203 1.176
1 142 1.172
1 49 1.17
1 39 1.168
1 25 1.168
1 181 1.166
1 174 1.162
1 202 1.16
1 209 1.16
1 140 1.15
1 196 1.144
2 54 10.48
2 55 9.902
2 56 8.144
2 151 7.488
2 57 7.056
2 152 6.342
2 33 6.154
2 60 6.15
2 61 6.13
2 264 5.796
2 59 5.736
2 88 5.622
2 31 5.604
2 98 5.37
2 89 5.07
2 32 5.002
2 8 4.936
2 58 4.934
2 241 4.846
2 263 4.81
2 109 4.74
2 240 4.73
2 115 4.686
2 29 4.676
2 91 4.6
2 112 4.522
2 242 4.446
2 64 4.422
2 166 4.41
2 247 4.358
2 68 4.336
2 243 4.292
2 90 4.256
2 13 4.226
2 157 4.222
2 28 4.092
2 158 4.072
2 167 4.066
2 262 4.064
2 4 3.79
2 169 3.776
2 71 3.772
2 168 3.754
2 272 3.75
2 30 3.708
2 269 3.686
2 100 3.684
2 104 3.64
2 22 3.624
2 87 3.612
2 271 3.598
2 103 3.57
2 79 3.568
2 179 3.534
2 75 3.498
2 37 3.486
2 34 3.482
2 244 3.452
2 21 3.43
2 172 3.408
2 92 3.378
2 3 3.352
2 83 3.35
2 35 3.338
2 188 3.306
2 246 3.296
2 97 3.292
2 82 3.228
2 99 3.182
2 72 3.138
2 113 3.124
2 63 3.122
2 162 3.118
2 250 3.1
2 175 3.088
2 80 3.088
2 101 3.072
2 7 3.058
2 150 3.048
2 252 3.012
2 14 2.994
2 53 2.988
2 268 2.97
2 11 2.95
2 131 2.946
2 45 2.942
2 270 2.936
2 38 2.934
2 279 2.882
2 176 2.864
2 95 2.862
2 67 2.858
2 182 2.82
2 177 2.806
2 36 2.806
2 163 2.8
2 267 2.782
2 258 2.76
2 130 2.726
2 198 2.716
2 233 2.71
2 41 2.706
2 256 2.684
2 62 2.68
2 156 2.676
2 69 2.666
2 40 2.654
2 52 2.652
2 251 2.64
2 254 2.636
2 277 2.612
2 84 2.596
2 1 2.586
2 12 2.574
2 114 2.57
2 226 2.568
2 96 2.556
2 2 2.554
2 189 2.552
2 105 2.542
2 260 2.54
2 111 2.528
2 224 2.51
2 266 2.478
2 234 2.472
2 203 2.47
2 94 2.466
2 19 2.454
2 77 2.444
2 225 2.44
2 170 2.44
2 205 2.434
2 24 2.394
2 245 2.376
2 231 2.352
2 147 2.35
2 6 2.32
2 183 2.316
2 265 2.3
2 155 2.3
2 65 2.27
2 139 2.25
2 261 2.244
2 161 2.238
2 186 2.226
2 102 2.176
2 159 2.17
2 85 2.146
2 255 2.14
2 223 2.126
2 209 2.122
2 206 2.112
2 191 2.108
2 204 2.094
2 25 2.092
2 106 2.08
2 185 2.076
2 249 2.07
2 190 2.07
2 187 2.046
2 154 2.028
2 138 2.016
2 46 2.014
2 178 2.002
2 171 1.98
2 124 1.972
2 5 1.966
2 253 1.954
2 125 1.942
2 81 1.93
2 128 1.924
2 210 1.902
2 20 1.892
2 174 1.888
2 273 1.87
2 78 1.868
2 132 1.86
2 74 1.858
2 86 1.846
2 15 1.798
2 202 1.79
2 47 1.768
2 107 1.768
2 160 1.762
2 221 1.74
2 44 1.736
2 108 1.712
2 248 1.684
2 257 1.672
2 207 1.668
2 66 1.64
2 9 1.64
2 39 1.632
2 239 1.63
2 73 1.626
2 134 1.624
2 23 1.622
2 199 1.616
2 181 1.61
2 43 1.606
2 17 1.6
2 27 1.592
2 232 1.578
2 133 1.56
2 70 1.554
2 141 1.532
2 278 1.528
2 275 1.516
2 76 1.5
2 16 1.498
2 10 1.49
2 49 1.472
2 219 1.472
2 276 1.468
2 184 1.46
2 18 1.446
2 127 1.438
2 110 1.432
2 135 1.432
2 180 1.374
2 195 1.372
2 50 1.364
2 119 1.36
2 274 1.358
2 235 1.338
2 259 1.332
2 121 1.322
2 144 1.306
2 51 1.302
2 116 1.294
2 201 1.294
2 212 1.294
2 137 1.288
2 140 1.28
2 196 1.276
2 222 1.25
2 153 1.248
2 236 1.222
2 42 1.216
2 145 1.216
2 122 1.214
2 197 1.212
2 211 1.2
2 136 1.19
2 237 1.184
2 146 1.182
2 165 1.18
2 129 1.168
2 213 1.142
2 148 1.142
2 238 1.14
2 149 1.124
2 227 1.118
2 48 1.116
2 220 1.116
2 117 1.108
2 118 1.106
2 126 1.104
2 193 1.1
2 120 1.08
3 54 10.56
3 55 10.542
3 56 8.12
3 57 7.864
3 60 7.36
3 152 7.106
3 151 6.892
3 59 6.774
3 61 6.652
3 109 6.546
3 68 6.282
3 14 5.952
3 58 5.924
3 1 5.87
3 67 5.808
3 3 5.37
3 113 5.326
3 178 5.178
3 166 5.06
3 2 5.056
3 112 5.03
3 7 4.98
3 179 4.962
3 13 4.886
3 159 4.732
3 168 4.586
3 45 4.576
3 28 4.494
3 167 4.452
3 157 4.444
3 4 4.278
3 22 4.276
3 162 4.27
3 44 4.246
3 65 4.226
3 174 4.16
3 111 4.16
3 64 4.122
3 115 4.106
3 177 4.072
3 156 4.034
3 198 4.028
3 8 4.016
3 21 4.006
3 158 3.934
3 170 3.832
3 175 3.8
3 66 3.796
3 199 3.764
3 171 3.704
3 90 3.648
3 62 3.64
3 114 3.614
3 188 3.542
3 183 3.516
3 182 3.512
3 169 3.508
3 143 3.5
3 173 3.488
3 209 3.466
3 189 3.458
3 63 3.386
3 72 3.358
3 15 3.348
3 86 3.342
3 224 3.31
3 69 3.308
3 233 3.272
3 89 3.266
3 87 3.256
3 210 3.248
3 163 3.192
3 161 3.186
3 129 3.164
3 250 3.156
3 147 3.15
3 128 3.128
3 11 3.094
3 80 3.038
3 220 3.024
3 150 3.024
3 92 3.016
3 206 3.008
3 203 3.008
3 6 2.994
3 88 2.98
3 223 2.98
3 142 2.966
3 234 2.946
3 79 2.946
3 240 2.936
3 207 2.934
3 124 2.93
3 83 2.924
3 91 2.904
3 94 2.872
3 84 2.866
3 12 2.852
3 98 2.852
3 77 2.846
3 180 2.83
3 119 2.818
3 85 2.814
3 244 2.81
3 41 2.804
3 71 2.798
3 23 2.786
3 95 2.758
3 52 2.756
3 243 2.75
3 238 2.748
3 33 2.74
3 100 2.726
3 176 2.71
3 154 2.688
3 246 2.682
3 29 2.672
3 191 2.656
3 242 2.642
3 186 2.64
3 70 2.638
3 131 2.632
3 225 2.628
3 30 2.602
3 202 2.596
3 237 2.582
3 39 2.568
3 82 2.566
3 40 2.56
3 31 2.558
3 249 2.544
3 5 2.49
3 81 2.49
3 76 2.464
3 241 2.464
3 53 2.452
3 16 2.45
3 204 2.43
3 219 2.418
3 78 2.412
3 104 2.41
3 118 2.404
3 190 2.4
3 19 2.4
3 153 2.394
3 75 2.382
3 172 2.38
3 24 2.37
3 130 2.36
3 103 2.356
3 74 2.346
3 144 2.342
3 251 2.34
3 226 2.334
3 194 2.308
3 185 2.306
3 279 2.276
3 181 2.248
3 263 2.216
3 196 2.212
3 140 2.202
3 20 2.184
3 138 2.182
3 195 2.178
3 187 2.174
3 38 2.17
3 267 2.166
3 18 2.16
3 165 2.158
3 184 2.154
3 232 2.13
3 264 2.126
3 268 2.118
3 134 2.114
3 205 2.102
3 269 2.1
3 208 2.08
3 271 2.068
3 197 2.054
3 126 2.028
3 121 2.018
3 120 2.014
3 164 1.984
3 50 1.982
3 135 1.978
3 236 1.966
3 32 1.966
3 221 1.966
3 127 1.954
3 125 1.942
3 116 1.94
3 139 1.932
3 97 1.91
3 105 1.91
3 101 1.906
3 270 1.902
3 133 1.898
3 262 1.894
3 248 1.892
3 200 1.89
3 231 1.884
3 247 1.876
3 201 1.87
3 43 1.85
3 261 1.844
3 235 1.834
3 42 1.828
3 123 1.81
3 93 1.81
3 222 1.788
3 160 1.784
3 35 1.782
3 272 1.78
3 239 1.766
3 51 1.764
3 36 1.754
3 47 1.74
3 145 1.718
3 193 1.716
3 102 1.694
3 110 1.692
3 99 1.686
3 141 1.684
3 228 1.682
3 155 1.664
3 217 1.664
3 117 1.662
3 108 1.652
3 258 1.644
3 256 1.64
3 192 1.64
3 46 1.626
3 278 1.614
3 227 1.614
3 254 1.612
3 10 1.608
3 218 1.598
3 132 1.574
3 216 1.572
3 96 1.568
3 230 1.566
3 106 1.558
3 265 1.556
3 213 1.554
3 122 1.552
3 214 1.548
3 252 1.54
3 34 1.538
3 27 1.536
3 37 1.532
3 229 1.524
3 26 1.518
3 212 1.518
3 73 1.514
3 211 1.508
3 136 1.502
3 17 1.5
3 253 1.382
3 48 1.366
3 49 1.366
3 260 1.362
3 9 1.318
3 273 1.318
3 107 1.238
3 25 1.228
3 245 1.228
3 255 1.228
3 257 1.226
3 259 1.184
3 148 1.152
3 274 1.15
3 276 1.136
3 149 1.134
3 275 1.134
3 266 1.082
3 277 1.07
3 215 1.056
3 137 1.05
