1 16 6.142
1 17 5.78
1 4 5.206
1 35 5.108
1 30 5.06
1 26 4.974
1 42 4.804
1 12 4.766
1 13 4.764
1 28 4.7
1 2 4.698
1 43 4.578
1 38 4.546
1 31 4.442
1 11 4.346
1 49 4.228
1 22 4.212
1 34 4.158
1 24 3.948
1 9 3.838
1 20 3.804
1 14 3.706
1 21 3.574
1 40 3.52
1 45 3.512
1 29 3.452
1 32 3.448
1 3 3.446
1 27 3.388
1 61 3.352
1 39 3.24
1 15 3.226
1 1 3.132
1 10 3.108
1 44 2.94
1 46 2.932
1 51 2.844
1 8 2.842
1 19 2.8
1 25 2.722
1 60 2.702
1 58 2.698
1 36 2.696
1 59 2.67
1 47 2.588
1 56 2.474
1 54 2.446
1 48 2.396
1 41 2.394
1 57 2.388
1 50 2.33
1 52 2.292
1 70 2.238
1 6 2.158
1 5 2.118
1 53 2.11
1 23 2.058
1 7 2.056
1 37 1.958
1 68 1.946
1 33 1.922
1 18 1.898
1 66 1.804
1 64 1.632
1 69 1.566
1 63 1.564
1 71 1.49
1 67 1.38
1 62 1.152
1 65 1.116
1 55 1.114
2 26 5.596
2 12 4.94
2 13 4.822
2 24 4.762
2 65 4.75
2 41 4.576
2 52 4.438
2 22 4.288
2 19 4.22
2 11 4.212
2 54 4.172
2 27 4.124
2 66 4.106
2 31 3.986
2 39 3.976
2 56 3.96
2 4 3.934
2 51 3.894
2 55 3.878
2 28 3.84
2 42 3.836
2 21 3.82
2 40 3.778
2 57 3.656
2 20 3.522
2 1 3.52
2 30 3.516
2 64 3.476
2 15 3.362
2 5 3.304
2 58 3.276
2 23 3.274
2 67 3.244
2 33 3.236
2 49 3.232
2 43 3.214
2 36 3.168
2 38 3.158
2 3 3.148
2 34 3.148
2 35 3.142
2 71 3.094
2 29 2.996
2 32 2.954
2 50 2.92
2 16 2.914
2 6 2.884
2 62 2.88
2 8 2.862
2 48 2.796
2 69 2.748
2 45 2.728
2 60 2.714
2 68 2.708
2 17 2.694
2 14 2.552
2 70 2.526
2 9 2.438
2 18 2.4
2 63 2.372
2 2 2.366
2 46 2.296
2 25 2.184
2 59 2.182
2 10 2.026
2 7 1.928
2 37 1.732
2 61 1.71
2 53 1.572
2 44 1.456
2 47 1.408
3 26 6.662
3 22 6.048
3 17 5.834
3 16 5.346
3 4 4.938
3 19 4.71
3 28 4.688
3 32 4.612
3 24 4.5
3 15 4.476
3 31 4.328
3 29 4.216
3 12 4.066
3 13 4.008
3 62 3.884
3 2 3.786
3 5 3.766
3 38 3.742
3 39 3.618
3 55 3.516
3 11 3.484
3 54 3.472
3 41 3.468
3 18 3.368
3 40 3.34
3 27 3.304
3 61 3.238
3 63 3.21
3 45 3.098
3 43 3.086
3 6 3.07
3 34 3.052
3 35 3.04
3 42 3.036
3 58 3.034
3 49 2.96
3 51 2.948
3 48 2.91
3 65 2.904
3 14 2.882
3 68 2.842
3 66 2.828
3 46 2.784
3 70 2.784
3 56 2.77
3 50 2.74
3 30 2.736
3 10 2.674
3 59 2.672
3 33 2.662
3 44 2.65
3 20 2.626
3 36 2.578
3 52 2.56
3 57 2.504
3 64 2.502
3 1 2.49
3 21 2.432
3 25 2.356
3 53 2.346
3 23 2.28
3 60 2.222
3 69 2.16
3 37 2.09
3 9 2.044
3 47 1.876
3 67 1.83
3 71 1.778
3 7 1.756
3 3 1.718
