1 16 3.164
1 17 3.076
1 4 3.068
1 35 2.994
1 13 2.81
1 26 2.808
1 28 2.768
1 30 2.764
1 49 2.676
1 2 2.662
1 38 2.622
1 42 2.578
1 11 2.564
1 12 2.554
1 43 2.49
1 22 2.394
1 31 2.374
1 24 2.368
1 14 2.254
1 34 2.25
1 9 2.228
1 29 2.226
1 21 2.174
1 20 2.154
1 27 2.122
1 32 2.086
1 40 2.054
1 39 2.05
1 60 1.972
1 45 1.968
1 25 1.956
1 10 1.906
1 61 1.894
1 36 1.89
1 58 1.858
1 15 1.856
1 51 1.85
1 1 1.836
1 3 1.832
1 46 1.828
1 57 1.81
1 44 1.8
1 8 1.796
1 19 1.788
1 59 1.774
1 56 1.77
1 47 1.768
1 52 1.758
1 41 1.68
1 48 1.674
1 54 1.672
1 6 1.646
1 23 1.566
1 5 1.55
1 70 1.55
1 50 1.546
1 53 1.504
1 18 1.474
1 68 1.466
1 37 1.46
1 33 1.434
1 7 1.416
1 66 1.366
1 64 1.354
1 63 1.338
1 69 1.29
1 67 1.26
1 71 1.18
1 62 1.092
1 65 1.05
1 55 1.03
2 26 3.27
2 65 2.834
2 13 2.798
2 24 2.778
2 12 2.756
2 41 2.754
2 28 2.612
2 52 2.602
2 56 2.594
2 19 2.546
2 22 2.524
2 27 2.432
2 55 2.408
2 66 2.404
2 42 2.398
2 11 2.382
2 4 2.358
2 54 2.346
2 31 2.346
2 30 2.336
2 39 2.304
2 21 2.278
2 40 2.274
2 64 2.264
2 36 2.246
2 51 2.22
2 20 2.166
2 33 2.162
2 15 2.138
2 57 2.128
2 1 2.12
2 5 2.092
2 38 2.066
2 35 2.012
2 17 1.982
2 34 1.976
2 49 1.938
2 58 1.936
2 71 1.926
2 50 1.924
2 43 1.916
2 23 1.912
2 29 1.902
2 67 1.89
2 68 1.876
2 3 1.862
2 48 1.852
2 45 1.85
2 69 1.834
2 60 1.83
2 32 1.822
2 6 1.814
2 16 1.784
2 70 1.752
2 62 1.74
2 9 1.734
2 46 1.664
2 2 1.646
2 8 1.622
2 14 1.602
2 10 1.566
2 63 1.544
2 25 1.5
2 59 1.456
2 18 1.45
2 7 1.44
2 61 1.404
2 37 1.32
2 53 1.29
2 47 1.258
2 44 1.232
3 22 3.528
3 26 3.442
3 16 3.176
3 17 2.93
3 19 2.722
3 28 2.622
3 32 2.622
3 4 2.602
3 24 2.588
3 15 2.538
3 31 2.532
3 29 2.452
3 12 2.314
3 5 2.294
3 55 2.268
3 13 2.248
3 38 2.24
3 41 2.22
3 43 2.15
3 62 2.134
3 2 2.126
3 6 2.1
3 40 2.082
3 11 2.074
3 39 2.062
3 27 2.012
3 18 2.0
3 63 1.992
3 45 1.966
3 65 1.964
3 49 1.952
3 58 1.926
3 70 1.912
3 61 1.908
3 42 1.902
3 66 1.9
3 54 1.89
3 35 1.876
3 51 1.836
3 46 1.79
3 59 1.784
3 48 1.78
3 33 1.756
3 30 1.74
3 60 1.736
3 14 1.734
3 36 1.72
3 56 1.718
3 10 1.704
3 52 1.7
3 50 1.676
3 68 1.672
3 57 1.666
3 20 1.66
3 25 1.656
3 34 1.65
3 64 1.632
3 1 1.626
3 21 1.624
3 69 1.61
3 44 1.596
3 23 1.552
3 53 1.514
3 9 1.464
3 37 1.442
3 71 1.438
3 67 1.426
3 3 1.376
3 47 1.322
3 7 1.31
