1 2295 6.772
1 2075 4.688
1 231 3.972
1 549 3.894
1 1943 3.888
1 469 3.77
1 555 3.64
1 716 3.37
1 112 3.098
1 1564 2.958
1 7 2.956
1 1199 2.896
1 46 2.844
1 1028 2.718
1 1841 2.63
1 3834 2.532
1 8 2.466
1 204 2.432
1 2648 2.386
1 9 2.344
1 543 2.33
1 1425 2.298
1 495 2.256
1 693 2.194
1 40 2.132
1 2631 2.124
1 226 2.12
1 1143 2.11
1 1351 2.102
1 123 2.068
1 872 2.056
1 1868 2.018
1 1571 2.006
1 242 2.004
1 49 1.992
1 288 1.99
1 81 1.946
1 753 1.938
1 456 1.934
1 175 1.932
1 2340 1.91
1 935 1.894
1 1165 1.88
1 951 1.876
1 351 1.866
1 1548 1.83
1 348 1.822
1 3661 1.816
1 201 1.814
1 1605 1.79
1 2229 1.774
1 107 1.774
1 31 1.768
1 3830 1.764
1 252 1.764
1 179 1.758
1 2197 1.758
1 3685 1.738
1 1836 1.726
1 203 1.714
1 537 1.71
1 79 1.708
1 2607 1.698
1 45 1.696
1 3815 1.676
1 1925 1.674
1 789 1.672
1 1162 1.67
1 2348 1.662
1 1245 1.66
1 3825 1.656
1 295 1.654
1 1635 1.652
1 129 1.648
1 981 1.64
1 53 1.638
1 248 1.638
1 621 1.63
1 1541 1.622
1 437 1.62
1 1857 1.62
1 2762 1.616
1 315 1.608
1 1980 1.608
1 2540 1.606
1 194 1.606
1 126 1.59
1 349 1.59
1 170 1.576
1 1896 1.574
1 369 1.572
1 38 1.572
1 62 1.566
1 301 1.562
1 467 1.56
1 196 1.56
1 1637 1.558
1 152 1.55
1 417 1.55
1 548 1.546
1 1058 1.546
1 43 1.544
1 371 1.542
1 1973 1.538
1 1810 1.534
1 243 1.53
1 78 1.526
1 89 1.524
1 345 1.518
1 274 1.512
1 13 1.504
1 395 1.504
1 402 1.504
1 2772 1.504
1 10 1.502
1 439 1.5
1 472 1.5
1 848 1.5
1 816 1.5
1 2627 1.494
1 613 1.492
1 410 1.486
1 18 1.484
1 387 1.48
1 1317 1.478
1 1345 1.472
1 697 1.472
1 366 1.468
1 700 1.466
1 1818 1.462
1 1663 1.46
1 2355 1.46
1 109 1.458
1 1223 1.456
1 2164 1.456
1 940 1.454
1 375 1.454
1 322 1.448
1 35 1.448
1 1321 1.448
1 915 1.444
1 296 1.442
1 529 1.44
1 554 1.44
1 2023 1.438
1 489 1.432
1 722 1.432
1 421 1.428
1 457 1.428
1 475 1.428
1 596 1.426
1 95 1.426
1 834 1.424
1 1650 1.422
1 1160 1.422
1 2727 1.422
1 1902 1.422
1 1095 1.422
1 2615 1.42
1 473 1.416
1 2746 1.414
1 1697 1.414
1 262 1.412
1 305 1.412
1 1509 1.412
1 1035 1.41
1 277 1.408
1 539 1.402
1 2408 1.402
1 751 1.402
1 34 1.402
1 3637 1.402
1 1899 1.396
1 356 1.394
1 624 1.394
1 675 1.392
1 3768 1.392
1 3702 1.392
1 401 1.386
1 1385 1.382
1 944 1.378
1 1178 1.378
1 344 1.378
1 2439 1.378
1 206 1.378
1 1736 1.376
1 922 1.376
1 936 1.372
1 1391 1.372
1 617 1.372
1 2069 1.372
1 2716 1.37
1 1329 1.37
1 2225 1.368
1 1220 1.368
1 235 1.364
1 373 1.364
1 1847 1.364
1 1441 1.364
1 2447 1.364
1 641 1.362
1 331 1.362
1 2571 1.36
1 309 1.356
1 1138 1.356
1 1623 1.356
1 1121 1.356
1 771 1.354
1 2582 1.354
1 372 1.352
1 654 1.352
1 1799 1.352
1 2030 1.352
1 1347 1.35
1 44 1.35
1 3743 1.35
1 184 1.346
1 995 1.346
1 756 1.344
1 209 1.342
1 213 1.34
1 2174 1.34
1 1341 1.34
1 2655 1.338
1 970 1.338
1 474 1.336
1 657 1.336
1 846 1.336
1 1025 1.334
1 429 1.334
1 398 1.334
1 1807 1.334
1 205 1.334
1 1806 1.334
1 1713 1.332
1 934 1.332
1 805 1.332
1 2081 1.33
1 3690 1.33
1 910 1.328
1 3869 1.326
1 26 1.324
1 1128 1.322
1 108 1.322
1 441 1.322
1 1326 1.322
1 237 1.32
1 626 1.32
1 19 1.318
1 614 1.318
1 923 1.316
1 1322 1.316
1 1038 1.316
1 1931 1.314
1 2280 1.314
1 1096 1.314
1 498 1.312
1 1465 1.312
1 378 1.31
1 1732 1.31
1 3689 1.308
1 1914 1.308
1 510 1.306
1 553 1.306
1 302 1.304
1 1644 1.304
1 1846 1.304
1 815 1.304
1 187 1.304
1 603 1.304
1 517 1.304
1 1201 1.304
1 1129 1.302
1 1131 1.302
1 3668 1.302
1 720 1.3
1 2017 1.3
1 1410 1.298
1 1415 1.298
1 3619 1.298
1 1052 1.296
1 6 1.296
1 642 1.296
1 1152 1.296
1 607 1.296
1 2243 1.294
1 330 1.292
1 766 1.292
1 186 1.292
1 2618 1.292
1 917 1.29
1 1774 1.288
1 760 1.288
1 2389 1.286
1 1297 1.286
1 481 1.284
1 1082 1.284
1 104 1.28
1 2436 1.28
1 91 1.28
1 3568 1.28
1 486 1.278
1 33 1.278
1 1183 1.278
1 1017 1.276
1 2682 1.276
1 182 1.276
1 2672 1.276
1 550 1.276
1 1355 1.274
1 1029 1.274
1 99 1.272
1 2242 1.272
1 681 1.272
1 1033 1.27
1 2418 1.27
1 88 1.27
1 551 1.268
1 2583 1.268
1 692 1.268
1 1011 1.268
1 2382 1.266
1 1182 1.266
1 1596 1.266
1 1849 1.266
1 1681 1.266
1 838 1.264
1 749 1.262
1 746 1.262
1 1454 1.262
1 1480 1.262
1 793 1.26
1 408 1.258
1 2743 1.258
1 1813 1.258
1 365 1.258
1 117 1.258
1 2427 1.254
1 1384 1.254
1 770 1.252
1 899 1.252
1 1479 1.25
1 3705 1.25
1 1661 1.25
1 1428 1.25
1 1783 1.25
1 1972 1.248
1 1148 1.248
1 2532 1.246
1 1156 1.246
1 139 1.246
1 611 1.246
1 271 1.244
1 1099 1.244
1 2724 1.244
1 148 1.242
1 1045 1.242
1 30 1.242
1 65 1.242
1 1537 1.242
1 1887 1.242
1 256 1.24
1 625 1.24
1 1120 1.24
1 632 1.24
1 897 1.238
1 1501 1.238
1 39 1.238
1 291 1.238
1 2061 1.238
1 451 1.236
1 208 1.236
1 1078 1.234
1 1353 1.234
1 1358 1.234
1 2087 1.234
1 754 1.234
1 496 1.234
1 1170 1.234
1 905 1.234
1 1230 1.232
1 1750 1.232
1 874 1.232
1 74 1.232
1 1707 1.23
1 1009 1.23
1 768 1.23
1 310 1.23
1 3667 1.23
1 533 1.228
1 757 1.228
1 497 1.228
1 2150 1.228
1 1395 1.228
1 985 1.226
1 1346 1.226
1 1373 1.226
1 979 1.226
1 247 1.226
1 1319 1.224
1 68 1.224
1 1380 1.224
1 4 1.222
1 3692 1.222
1 2416 1.222
1 336 1.222
1 487 1.22
1 290 1.22
1 515 1.22
1 157 1.218
1 485 1.218
1 1996 1.216
1 2526 1.216
1 492 1.216
1 1303 1.216
1 2641 1.216
1 2068 1.214
1 1519 1.214
1 832 1.214
1 389 1.214
1 1266 1.214
1 2588 1.214
1 140 1.214
1 3854 1.214
1 1920 1.212
1 329 1.212
1 662 1.212
1 200 1.212
1 1153 1.212
1 1018 1.21
1 259 1.21
1 3712 1.21
1 957 1.21
1 1037 1.21
1 190 1.21
1 1528 1.21
1 414 1.21
1 2771 1.208
1 1014 1.208
1 281 1.206
1 763 1.206
1 321 1.204
1 1189 1.204
1 2591 1.204
1 353 1.204
1 1314 1.204
1 1474 1.202
1 812 1.202
1 3785 1.202
1 814 1.202
1 1261 1.2
1 386 1.2
1 3788 1.2
1 358 1.2
1 896 1.2
1 1332 1.2
1 1202 1.198
1 270 1.198
1 1060 1.198
1 283 1.198
1 953 1.198
1 573 1.198
1 556 1.198
1 300 1.198
1 710 1.198
1 273 1.196
1 738 1.196
1 564 1.196
1 3771 1.196
1 1936 1.196
1 3687 1.196
1 119 1.196
1 761 1.194
1 1254 1.194
1 1998 1.192
1 745 1.192
1 2421 1.192
1 687 1.192
1 605 1.192
1 278 1.19
1 21 1.19
1 1500 1.19
1 55 1.19
1 176 1.19
1 1127 1.19
1 245 1.188
1 560 1.188
1 713 1.188
1 1804 1.188
1 1589 1.188
1 293 1.188
1 420 1.188
1 2945 1.186
1 1918 1.186
1 379 1.186
1 64 1.186
1 249 1.186
1 189 1.184
1 1179 1.184
1 777 1.184
1 1620 1.184
1 1761 1.184
1 263 1.182
1 2008 1.182
1 3755 1.182
1 2597 1.182
1 1533 1.182
1 1304 1.182
1 527 1.182
1 629 1.182
1 824 1.18
1 3691 1.18
1 269 1.18
1 737 1.18
1 333 1.18
1 1158 1.18
1 1817 1.18
1 1278 1.18
1 3154 1.18
1 516 1.18
1 96 1.178
1 891 1.178
1 28 1.178
1 1747 1.178
1 2278 1.178
1 244 1.178
1 630 1.176
1 311 1.176
1 156 1.176
1 2663 1.176
1 804 1.174
1 1859 1.174
1 1865 1.174
1 584 1.174
1 128 1.174
1 1969 1.172
1 924 1.172
1 645 1.172
1 827 1.172
1 1854 1.172
1 661 1.172
1 764 1.172
1 2155 1.172
1 1560 1.172
1 2 1.17
1 22 1.17
1 1369 1.17
1 2254 1.17
1 2263 1.17
1 360 1.17
1 1945 1.17
1 801 1.168
1 1204 1.168
1 1270 1.168
1 106 1.168
1 168 1.168
1 885 1.168
1 949 1.168
1 1459 1.168
1 2697 1.168
1 619 1.168
1 131 1.168
1 134 1.168
1 1641 1.168
1 460 1.166
1 2109 1.164
1 2422 1.164
1 1411 1.164
1 1386 1.164
1 818 1.164
1 627 1.164
1 628 1.164
1 233 1.162
1 546 1.162
1 1361 1.162
1 1253 1.162
1 2255 1.162
1 787 1.162
1 1436 1.162
1 2461 1.162
1 3554 1.16
1 2678 1.16
1 111 1.16
1 1193 1.16
1 287 1.16
1 1423 1.16
1 2270 1.16
1 2065 1.16
1 826 1.16
1 526 1.16
1 2645 1.16
1 146 1.158
1 2097 1.158
1 2058 1.158
1 2844 1.158
1 947 1.158
1 547 1.158
1 508 1.158
1 1198 1.158
1 509 1.158
1 2031 1.158
1 80 1.158
1 2122 1.158
1 1655 1.156
1 1485 1.156
1 12 1.156
1 3423 1.156
1 2210 1.156
1 458 1.156
1 180 1.156
1 920 1.156
1 521 1.156
1 1338 1.156
1 1343 1.156
1 1313 1.154
1 1618 1.154
1 2690 1.154
1 1076 1.154
1 3823 1.154
1 1396 1.154
1 1104 1.154
1 2603 1.154
1 221 1.154
1 1967 1.152
1 2787 1.152
1 1508 1.152
1 1513 1.152
1 3760 1.152
1 2328 1.152
1 3826 1.152
1 1336 1.152
1 2474 1.152
1 1633 1.152
1 3714 1.15
1 937 1.15
1 2702 1.15
1 440 1.15
1 3774 1.15
1 875 1.15
1 3730 1.15
1 357 1.15
1 2161 1.15
1 136 1.15
1 223 1.15
1 652 1.148
1 341 1.148
1 2261 1.148
1 1039 1.148
1 230 1.146
1 2099 1.146
1 1134 1.146
1 726 1.146
1 819 1.146
1 1496 1.146
1 942 1.146
1 2221 1.146
1 32 1.146
1 1791 1.146
1 2455 1.146
1 524 1.146
1 98 1.144
1 541 1.144
1 2257 1.144
1 2276 1.144
1 833 1.144
1 912 1.144
1 86 1.144
1 1034 1.142
1 2596 1.142
1 3735 1.142
1 2410 1.142
1 2156 1.142
1 530 1.14
1 2259 1.14
1 616 1.14
1 2621 1.138
1 2268 1.138
1 2452 1.138
1 359 1.138
1 3 1.136
1 803 1.136
1 1497 1.136
1 2127 1.136
1 318 1.136
1 1257 1.136
1 585 1.136
1 2265 1.136
1 2271 1.136
1 1547 1.136
1 2756 1.136
1 1700 1.136
1 470 1.134
1 545 1.134
1 1349 1.134
1 15 1.134
1 385 1.134
1 950 1.134
1 61 1.134
1 183 1.134
1 69 1.134
1 3803 1.134
1 2153 1.134
1 2062 1.134
1 506 1.134
1 1185 1.134
1 2463 1.134
1 1339 1.134
1 1419 1.132
1 3684 1.132
1 1651 1.132
1 314 1.132
1 377 1.132
1 343 1.132
1 2091 1.132
1 2791 1.132
1 1374 1.132
1 1207 1.132
1 913 1.132
1 1950 1.13
1 2121 1.13
1 445 1.13
1 1064 1.13
1 178 1.13
1 1055 1.13
1 1960 1.13
1 2599 1.13
1 3166 1.13
1 1626 1.13
1 1764 1.13
1 2215 1.128
1 718 1.128
1 1493 1.128
1 431 1.128
1 3168 1.128
1 821 1.128
1 2664 1.128
1 830 1.128
1 2406 1.128
1 1298 1.128
1 2260 1.128
1 1561 1.128
1 215 1.128
1 806 1.126
1 1054 1.126
1 480 1.126
1 1330 1.126
1 3752 1.126
1 2252 1.126
1 2256 1.126
1 1376 1.126
1 588 1.126
1 1776 1.126
1 1460 1.126
1 677 1.124
1 1657 1.124
1 476 1.124
1 191 1.124
1 3794 1.124
1 214 1.124
1 465 1.124
1 1710 1.122
1 1360 1.122
1 1047 1.122
1 2689 1.122
1 1773 1.122
1 54 1.122
1 2115 1.122
1 3877 1.122
1 2148 1.122
1 198 1.122
1 2277 1.122
1 1683 1.122
1 618 1.122
1 236 1.12
1 894 1.12
1 2499 1.12
1 447 1.12
1 173 1.12
1 1579 1.12
1 2273 1.12
1 2072 1.12
1 861 1.12
1 1689 1.12
1 133 1.12
1 2377 1.118
1 1050 1.118
1 1316 1.118
1 1995 1.118
1 1032 1.118
1 2644 1.118
1 586 1.118
1 1450 1.118
1 1119 1.118
1 705 1.118
1 784 1.118
1 2332 1.116
1 2307 1.116
1 162 1.116
1 275 1.116
1 2003 1.116
1 2535 1.116
1 2400 1.116
1 1246 1.116
1 60 1.116
1 2147 1.116
1 1215 1.116
1 1678 1.116
1 2085 1.116
1 1118 1.116
1 674 1.116
1 2103 1.114
1 1842 1.114
1 2234 1.114
1 1240 1.114
1 2253 1.114
1 1381 1.114
1 2189 1.114
1 1086 1.114
1 2267 1.114
1 403 1.114
1 1091 1.114
1 1101 1.114
1 1335 1.114
1 297 1.114
1 135 1.114
1 3583 1.112
1 2134 1.112
1 1375 1.112
1 1531 1.112
1 808 1.112
1 973 1.112
1 2269 1.112
1 1432 1.112
1 694 1.112
1 1098 1.112
1 2275 1.112
1 1600 1.112
1 1551 1.112
1 1786 1.112
1 2717 1.112
1 782 1.112
1 1002 1.112
1 1629 1.112
1 946 1.112
1 1933 1.11
1 2529 1.11
1 729 1.11
1 2224 1.11
1 1675 1.11
1 491 1.11
1 887 1.11
1 1407 1.11
1 471 1.11
1 399 1.11
1 188 1.11
1 1181 1.11
1 2517 1.11
1 1344 1.11
1 1122 1.11
1 1970 1.108
1 1030 1.108
1 1714 1.108
1 102 1.108
1 2369 1.108
1 724 1.108
1 1265 1.108
1 1248 1.108
1 339 1.108
1 1044 1.108
1 968 1.108
1 3587 1.108
1 2738 1.108
1 1390 1.108
1 856 1.108
1 1521 1.108
1 1135 1.108
1 1558 1.108
1 2346 1.108
1 1331 1.108
1 2630 1.108
1 94 1.108
1 1422 1.106
1 2330 1.106
1 1709 1.106
1 2534 1.106
1 2584 1.106
1 3248 1.106
1 3754 1.106
1 2042 1.106
1 2266 1.106
1 849 1.106
1 1543 1.106
1 2272 1.106
1 1787 1.106
1 1559 1.106
1 207 1.106
1 3643 1.106
1 1698 1.106
1 1016 1.104
1 1951 1.104
1 1492 1.104
1 1372 1.104
1 1418 1.104
1 2435 1.104
1 689 1.104
1 1393 1.104
1 1446 1.104
1 1794 1.104
1 1682 1.104
1 1107 1.104
1 2728 1.104
1 218 1.104
1 222 1.104
1 918 1.104
1 2884 1.104
1 3553 1.104
1 1473 1.102
1 2519 1.102
1 11 1.102
1 559 1.102
1 1084 1.102
1 2305 1.102
1 1378 1.102
1 873 1.102
1 698 1.102
1 778 1.102
1 1903 1.102
1 1458 1.102
1 914 1.102
1 2479 1.102
1 1481 1.102
1 199 1.102
1 1645 1.1
1 1027 1.1
1 100 1.1
1 2310 1.1
1 727 1.1
1 730 1.1
1 317 1.1
1 2124 1.1
1 1405 1.1
1 839 1.1
1 2146 1.1
1 2264 1.1
1 2070 1.1
1 876 1.1
1 3829 1.1
1 195 1.1
1 1239 1.1
1 1677 1.1
1 2166 1.1
1 1684 1.1
1 1687 1.1
1 1115 1.1
1 1692 1.1
1 1674 1.1
1 1705 1.098
1 1139 1.098
1 3708 1.098
1 1291 1.098
1 2768 1.098
1 933 1.098
1 945 1.098
1 3770 1.098
1 36 1.098
1 2906 1.098
1 2251 1.098
1 2171 1.098
1 1593 1.098
1 971 1.098
1 400 1.098
1 1389 1.098
1 3158 1.098
1 1392 1.098
1 505 1.098
1 3625 1.098
1 2074 1.098
1 1293 1.098
1 2084 1.098
1 1563 1.098
1 2466 1.098
1 623 1.098
1 2478 1.098
1 2201 1.098
1 1019 1.096
1 234 1.096
1 1475 1.096
1 103 1.096
1 1228 1.096
1 1953 1.096
1 276 1.096
1 1145 1.096
1 282 1.096
1 565 1.096
1 567 1.096
1 143 1.096
1 2059 1.096
1 956 1.096
1 409 1.096
1 1642 1.096
1 2025 1.096
1 2173 1.096
1 251 1.096
1 798 1.096
1 227 1.096
1 1708 1.094
1 1984 1.094
1 2490 1.094
1 1026 1.094
1 2494 1.094
1 2239 1.094
1 608 1.094
1 2112 1.094
1 731 1.094
1 1724 1.094
1 2704 1.094
1 2303 1.094
1 961 1.094
1 1524 1.094
1 1166 1.094
1 858 1.094
1 2344 1.094
1 2453 1.094
1 1295 1.094
1 1907 1.094
1 707 1.094
1 2518 1.092
1 1706 1.092
1 807 1.092
1 1140 1.092
1 3715 1.092
1 2367 1.092
1 1507 1.092
1 1977 1.092
1 342 1.092
1 2141 1.092
1 3584 1.092
1 3871 1.092
1 974 1.092
1 1792 1.092
1 1445 1.092
1 2076 1.092
1 2476 1.092
1 225 1.092
1 3666 1.09
1 2484 1.09
1 535 1.09
1 721 1.09
1 1174 1.09
1 2106 1.09
1 1031 1.09
1 732 1.09
1 2541 1.09
1 1570 1.09
1 561 1.09
1 27 1.09
1 881 1.09
1 870 1.09
1 1502 1.09
1 1083 1.09
1 1852 1.09
1 3797 1.09
1 592 1.09
1 3802 1.09
1 1195 1.09
1 984 1.09
1 2445 1.09
1 863 1.09
1 604 1.09
1 1184 1.09
1 2090 1.09
1 2855 1.09
1 1699 1.09
1 2481 1.09
1 3677 1.09
1 712 1.088
1 2101 1.088
1 999 1.088
1 2113 1.088
1 2398 1.088
1 1853 1.088
1 2733 1.088
1 1771 1.088
1 2129 1.088
1 659 1.088
1 51 1.088
1 3698 1.088
1 889 1.088
1 1975 1.088
1 769 1.088
1 185 1.088
1 2142 1.088
1 1277 1.088
1 3724 1.088
1 228 1.088
1 633 1.086
1 1892 1.086
1 367 1.086
1 1716 1.086
1 2111 1.086
1 436 1.086
1 1886 1.086
1 2735 1.086
1 743 1.086
1 2130 1.086
1 50 1.086
1 2086 1.086
1 2296 1.086
1 667 1.086
1 286 1.086
1 1590 1.086
1 3585 1.086
1 1648 1.086
1 1435 1.086
1 513 1.086
1 514 1.086
1 2626 1.086
1 1798 1.086
1 2302 1.086
1 2944 1.084
1 2100 1.084
1 426 1.084
1 719 1.084
1 5 1.084
1 2493 1.084
1 1715 1.084
1 2241 1.084
1 2666 1.084
1 825 1.084
1 2401 1.084
1 3386 1.084
1 2695 1.084
1 748 1.084
1 2089 1.084
1 3673 1.084
1 1252 1.084
1 2096 1.084
1 3761 1.084
1 2304 1.084
1 466 1.084
1 842 1.084
1 1851 1.084
1 2434 1.084
1 1765 1.084
1 977 1.084
1 2022 1.084
1 2203 1.084
1 1394 1.084
1 2159 1.084
1 1285 1.084
1 1219 1.084
1 1186 1.084
1 1760 1.084
1 292 1.084
1 125 1.084
1 1114 1.084
1 1630 1.084
1 703 1.084
1 653 1.084
1 795 1.084
1 1123 1.084
1 2515 1.084
1 1703 1.082
1 634 1.082
1 1830 1.082
1 1712 1.082
1 1518 1.082
1 267 1.082
1 2118 1.082
1 1363 1.082
1 1368 1.082
1 562 1.082
1 3736 1.082
1 3506 1.082
1 1867 1.082
1 2283 1.082
1 969 1.082
1 1163 1.082
1 850 1.082
1 2323 1.082
1 500 1.082
1 2063 1.082
1 507 1.082
1 1621 1.082
1 1690 1.082
1 1695 1.082
1 419 1.082
1 229 1.08
1 540 1.08
1 1137 1.08
1 312 1.08
1 2114 1.08
1 2506 1.08
1 1191 1.08
1 656 1.08
1 2713 1.08
1 1371 1.08
1 1555 1.08
1 2586 1.08
1 1876 1.08
1 2576 1.08
1 3595 1.08
1 1540 1.08
1 690 1.08
1 2071 1.08
1 2722 1.08
1 2345 1.08
1 1188 1.08
1 3833 1.08
1 518 1.08
1 1003 1.08
1 3679 1.078
1 232 1.078
1 2488 1.078
1 1653 1.078
1 544 1.078
1 2623 1.078
1 3777 1.078
1 733 1.078
1 2503 1.078
1 1231 1.078
1 2014 1.078
1 739 1.078
1 1669 1.078
1 742 1.078
1 959 1.078
1 1482 1.078
1 1640 1.078
1 2288 1.078
1 581 1.078
1 2725 1.078
1 684 1.078
1 350 1.078
1 688 1.078
1 2077 1.078
1 2473 1.078
1 2078 1.078
1 212 1.078
1 1000 1.078
1 2175 1.078
1 3696 1.078
1 790 1.078
1 1342 1.078
1 802 1.076
1 2102 1.076
1 1711 1.076
1 1664 1.076
1 820 1.076
1 822 1.076
1 1490 1.076
1 1919 1.076
1 2504 1.076
1 736 1.076
1 2125 1.076
1 2563 1.076
1 1510 1.076
1 888 1.076
1 752 1.076
1 1583 1.076
1 3556 1.076
1 2314 1.076
1 3773 1.076
1 1598 1.076
1 2055 1.076
1 1276 1.076
1 2334 1.076
1 2018 1.076
1 1685 1.076
1 2347 1.076
1 211 1.076
1 1803 1.076
1 1737 1.076
1 1909 1.076
1 418 1.076
1 261 1.074
1 2495 1.074
1 432 1.074
1 728 1.074
1 2110 1.074
1 817 1.074
1 3172 1.074
1 2500 1.074
1 2011 1.074
1 2507 1.074
1 2123 1.074
1 20 1.074
1 1499 1.074
1 1567 1.074
1 1568 1.074
1 380 1.074
1 493 1.074
1 2233 1.074
1 1402 1.074
1 755 1.074
1 762 1.074
1 41 1.074
1 2309 1.074
1 1979 1.074
1 2262 1.074
1 1755 1.074
1 1647 1.074
1 1429 1.074
1 1603 1.074
1 77 1.074
1 3732 1.074
1 1609 1.074
1 696 1.074
1 2450 1.074
1 1795 1.074
1 2034 1.074
1 2628 1.074
1 217 1.074
1 220 1.074
1 1643 1.072
1 1827 1.072
1 2002 1.072
1 2004 1.072
1 2536 1.072
1 3215 1.072
1 1222 1.072
1 2007 1.072
1 1356 1.072
1 438 1.072
1 1665 1.072
1 741 1.072
1 2128 1.072
1 1071 1.072
1 1409 1.072
1 1072 1.072
1 289 1.072
1 2284 1.072
1 841 1.072
1 1756 1.072
1 1881 1.072
1 1602 1.072
1 1884 1.072
1 1775 1.072
1 407 1.072
1 3626 1.072
1 1782 1.072
1 124 1.072
1 1688 1.072
1 2083 1.072
1 1691 1.072
1 87 1.072
1 3682 1.072
1 1469 1.072
1 1701 1.072
1 2487 1.07
1 1318 1.07
1 638 1.07
1 153 1.07
1 2000 1.07
1 2001 1.07
1 2496 1.07
1 3548 1.07
1 1489 1.07
1 734 1.07
1 1958 1.07
1 1926 1.07
1 3726 1.07
1 450 1.07
1 3612 1.07
1 1063 1.07
1 1155 1.07
1 3742 1.07
1 2570 1.07
1 566 1.07
1 338 1.07
1 1582 1.07
1 2301 1.07
1 1073 1.07
1 576 1.07
1 468 1.07
1 2186 1.07
1 1260 1.07
1 2312 1.07
1 1591 1.07
1 3586 1.07
1 2729 1.07
1 591 1.07
1 1177 1.07
1 2064 1.07
1 2341 1.07
1 1680 1.07
1 3818 1.07
1 868 1.07
1 781 1.07
1 3700 1.07
1 246 1.07
1 1308 1.07
1 255 1.07
1 3868 1.07
1 149 1.068
1 2105 1.068
1 1023 1.068
1 2009 1.068
1 488 1.068
1 1126 1.068
1 2508 1.068
1 2736 1.068
1 2333 1.068
1 750 1.068
1 2569 1.068
1 2375 1.068
1 1068 1.068
1 765 1.068
1 1588 1.068
1 3375 1.068
1 396 1.068
1 2313 1.068
1 772 1.068
1 809 1.068
1 2294 1.068
1 3670 1.068
1 1777 1.068
1 595 1.068
1 1442 1.068
1 1898 1.068
1 1797 1.068
1 1187 1.068
1 1686 1.068
1 127 1.068
1 2633 1.068
1 2477 1.068
1 1912 1.068
1 799 1.068
1 2482 1.068
1 1916 1.066
1 260 1.066
1 811 1.066
1 2384 1.066
1 1942 1.066
1 2005 1.066
1 1860 1.066
1 2013 1.066
1 2082 1.066
1 47 1.066
1 883 1.066
1 29 1.066
1 1738 1.066
1 570 1.066
1 463 1.066
1 1587 1.066
1 42 1.066
1 678 1.066
1 3599 1.066
1 2188 1.066
1 2191 1.066
1 2144 1.066
1 346 1.066
1 352 1.066
1 855 1.066
1 2748 1.066
1 3624 1.066
1 601 1.066
1 1453 1.066
1 2812 1.066
1 1301 1.066
1 364 1.066
1 2480 1.066
1 1470 1.066
1 1049 1.064
1 2486 1.064
1 636 1.064
1 424 1.064
1 1834 1.064
1 2531 1.064
1 1225 1.064
1 1658 1.064
1 3323 1.064
1 740 1.064
1 2595 1.064
1 2402 1.064
1 284 1.064
1 2370 1.064
1 869 1.064
1 58 1.064
1 1866 1.064
1 67 1.064
1 3671 1.064
1 2274 1.064
1 2331 1.064
1 893 1.064
1 2016 1.064
1 3622 1.064
1 3814 1.064
1 1679 1.064
1 2686 1.064
1 531 1.064
1 2485 1.062
1 2098 1.062
1 2649 1.062
1 1825 1.062
1 1212 1.062
1 155 1.062
1 2688 1.062
1 2117 1.062
1 1952 1.062
1 1366 1.062
1 1966 1.062
1 1250 1.062
1 452 1.062
1 1576 1.062
1 2376 1.062
1 1514 1.062
1 954 1.062
1 37 1.062
1 462 1.062
1 2184 1.062
1 767 1.062
1 1377 1.062
1 1874 1.062
1 2192 1.062
1 691 1.062
1 983 1.062
1 1778 1.062
1 986 1.062
1 1793 1.062
1 2073 1.062
1 1292 1.062
1 210 1.062
1 241 1.062
1 219 1.062
1 797 1.062
1 1013 1.062
1 2483 1.062
1 3852 1.062
1 2489 1.06
1 1946 1.06
1 1838 1.06
1 1948 1.06
1 1352 1.06
1 2006 1.06
1 3549 1.06
1 1957 1.06
1 2734 1.06
1 2366 1.06
1 1504 1.06
1 569 1.06
1 1581 1.06
1 3555 1.06
1 63 1.06
1 2182 1.06
1 2575 1.06
1 3791 1.06
1 394 1.06
1 2258 1.06
1 72 1.06
1 2293 1.06
1 972 1.06
1 877 1.06
1 3075 1.06
1 3800 1.06
1 1275 1.06
1 602 1.06
1 866 1.06
1 786 1.06
1 2352 1.06
1 1008 1.06
1 254 1.06
1 224 1.06
1 1702 1.06
1 1 1.058
1 1725 1.058
1 1057 1.058
1 1133 1.058
1 2492 1.058
1 723 1.058
1 3779 1.058
1 2107 1.058
1 2108 1.058
1 3741 1.058
1 1227 1.058
1 1844 1.058
1 1144 1.058
1 1845 1.058
1 166 1.058
1 1848 1.058
1 2551 1.058
1 1362 1.058
1 1924 1.058
1 1929 1.058
1 2371 1.058
1 2093 1.058
1 177 1.058
1 59 1.058
1 2299 1.058
1 2424 1.058
1 1872 1.058
1 3655 1.058
1 1597 1.058
1 1986 1.058
1 2432 1.058
1 975 1.058
1 1089 1.058
1 1883 1.058
1 499 1.058
1 3613 1.058
1 2327 1.058
1 1790 1.058
1 1421 1.058
1 699 1.058
1 2469 1.058
1 993 1.058
1 2612 1.058
1 2079 1.058
1 1805 1.058
1 2782 1.058
1 3831 1.058
1 90 1.058
1 2512 1.058
1 1816 1.058
1 93 1.058
1 2513 1.058
1 1130 1.056
1 2038 1.056
1 1209 1.056
1 2522 1.056
1 1056 1.056
1 2104 1.056
1 101 1.056
1 2620 1.056
1 2405 1.056
1 2497 1.056
1 483 1.056
1 2116 1.056
1 3289 1.056
1 14 1.056
1 2012 1.056
1 1955 1.056
1 325 1.056
1 1238 1.056
1 660 1.056
1 2566 1.056
1 2220 1.056
1 2567 1.056
1 3527 1.056
1 2131 1.056
1 759 1.056
1 2183 1.056
1 1586 1.056
1 2674 1.056
1 2315 1.056
1 1379 1.056
1 479 1.056
1 3828 1.056
1 1546 1.056
1 2616 1.056
1 1287 1.056
1 2139 1.056
1 240 1.056
1 783 1.056
1 1802 1.056
1 2779 1.056
1 2792 1.056
1 3651 1.056
1 1636 1.056
1 1722 1.054
1 2381 1.054
1 1726 1.054
1 3686 1.054
1 3097 1.054
1 1999 1.054
1 2658 1.054
1 160 1.054
1 2502 1.054
1 1042 1.054
1 647 1.054
1 735 1.054
1 2397 1.054
1 931 1.054
1 17 1.054
1 558 1.054
1 24 1.054
1 1964 1.054
1 25 1.054
1 2306 1.054
1 2308 1.054
1 393 1.054
1 1871 1.054
1 2190 1.054
1 1875 1.054
1 2291 1.054
1 3716 1.054
1 2320 1.054
1 2149 1.054
1 75 1.054
1 879 1.054
1 1544 1.054
1 857 1.054
1 2066 1.054
1 2337 1.054
1 988 1.054
1 989 1.054
1 780 1.054
1 1800 1.054
1 494 1.054
1 1628 1.054
1 2560 1.054
1 1302 1.054
1 1309 1.054
1 1296 1.054
1 2931 1.054
1 3841 1.054
1 303 1.052
1 307 1.052
1 1727 1.052
1 2653 1.052
1 639 1.052
1 1997 1.052
1 3103 1.052
1 1840 1.052
1 3701 1.052
1 1232 1.052
1 2555 1.052
1 1235 1.052
1 374 1.052
1 2363 1.052
1 2247 1.052
1 3611 1.052
1 744 1.052
1 3440 1.052
1 3445 1.052
1 2687 1.052
1 2373 1.052
1 1974 1.052
1 174 1.052
1 1251 1.052
1 2279 1.052
1 1434 1.052
1 459 1.052
1 2180 1.052
1 1256 1.052
1 1520 1.052
1 66 1.052
1 1383 1.052
1 3859 1.052
1 3827 1.052
1 355 1.052
1 852 1.052
1 1885 1.052
1 978 1.052
1 3159 1.052
1 1608 1.052
1 197 1.052
1 1897 1.052
1 2339 1.052
1 990 1.052
1 1616 1.052
1 2468 1.052
1 1325 1.052
1 911 1.052
1 1457 1.052
1 216 1.052
1 1814 1.052
1 835 1.052
1 2511 1.052
1 3838 1.052
1 1721 1.05
1 2784 1.05
1 308 1.05
1 1175 1.05
1 2386 1.05
1 264 1.05
1 435 1.05
1 2501 1.05
1 2505 1.05
1 16 1.05
1 2364 1.05
1 2245 1.05
1 23 1.05
1 1573 1.05
1 1971 1.05
1 2374 1.05
1 1739 1.05
1 1580 1.05
1 1408 1.05
1 2311 1.05
1 2721 1.05
1 1878 1.05
1 2319 1.05
1 3789 1.05
1 2325 1.05
1 593 1.05
1 2752 1.05
1 503 1.05
1 2329 1.05
1 2336 1.05
1 1612 1.05
1 599 1.05
1 2067 1.05
1 2338 1.05
1 1200 1.05
1 1103 1.05
1 1556 1.05
1 1328 1.05
1 2349 1.05
1 1762 1.05
1 3699 1.05
1 361 1.05
1 3695 1.05
1 3875 1.05
1 1696 1.05
1 3614 1.05
1 1466 1.05
1 2859 1.05
1 2892 1.05
1 1823 1.048
1 304 1.048
1 1476 1.048
1 1828 1.048
1 1649 1.048
1 2491 1.048
1 154 1.048
1 725 1.048
1 2530 1.048
1 1488 1.048
1 648 1.048
1 1495 1.048
1 1956 1.048
1 1667 1.048
1 3717 1.048
1 563 1.048
1 1577 1.048
1 3753 1.048
1 2298 1.048
1 1863 1.048
1 2181 1.048
1 1584 1.048
1 1585 1.048
1 464 1.048
1 2425 1.048
1 1873 1.048
1 397 1.048
1 71 1.048
1 1382 1.048
1 1599 1.048
1 2056 1.048
1 1387 1.048
1 2057 1.048
1 2754 1.048
1 1196 1.048
1 202 1.048
1 900 1.048
1 1614 1.048
1 902 1.048
1 3820 1.048
1 2780 1.048
1 1111 1.048
1 1001 1.048
1 83 1.048
1 3850 1.048
1 2783 1.048
1 2195 1.048
1 1340 1.048
1 1717 1.048
1 3843 1.048
1 1822 1.046
1 306 1.046
1 538 1.046
1 2761 1.046
1 428 1.046
1 1059 1.046
1 161 1.046
1 2010 1.046
1 164 1.046
1 165 1.046
1 649 1.046
1 1770 1.046
1 1061 1.046
1 2561 1.046
1 449 1.046
1 1241 1.046
1 2368 1.046
1 1506 1.046
1 454 1.046
1 948 1.046
1 1578 1.046
1 758 1.046
1 1515 1.046
1 2133 1.046
1 3790 1.046
1 2287 1.046
1 679 1.046
1 840 1.046
1 1080 1.046
1 2290 1.046
1 1753 1.046
1 2316 1.046
1 845 1.046
1 1535 1.046
1 347 1.046
1 1085 1.046
1 847 1.046
1 1601 1.046
1 144 1.046
1 1388 1.046
1 193 1.046
1 853 1.046
1 2060 1.046
1 405 1.046
1 1611 1.046
1 1788 1.046
1 1549 1.046
1 862 1.046
1 1320 1.046
1 1554 1.046
1 1323 1.046
1 1289 1.046
1 609 1.046
1 1327 1.046
1 701 1.046
1 788 1.046
1 299 1.046
1 2509 1.046
1 3739 1.046
1 3879 1.046
1 2993 1.044
1 2770 1.044
1 1934 1.044
1 542 1.044
1 919 1.044
1 3729 1.044
1 2240 1.044
1 1484 1.044
1 2624 1.044
1 3710 1.044
1 2667 1.044
1 1937 1.044
1 2362 1.044
1 3397 1.044
1 1959 1.044
1 1856 1.044
1 1928 1.044
1 1941 1.044
1 882 1.044
1 1662 1.044
1 1575 1.044
1 2297 1.044
1 3757 1.044
1 2581 1.044
1 1746 1.044
1 2286 1.044
1 2676 1.044
1 2187 1.044
1 680 1.044
1 682 1.044
1 3656 1.044
1 810 1.044
1 1087 1.044
1 589 1.044
1 851 1.044
1 854 1.044
1 880 1.044
1 2602 1.044
1 1545 1.044
1 1438 1.044
1 1282 1.044
1 1613 1.044
1 411 1.044
1 412 1.044
1 2619 1.044
1 997 1.044
1 2638 1.044
1 1562 1.044
1 2464 1.044
1 2179 1.044
1 2691 1.044
1 1464 1.044
1 1306 1.044
1 2048 1.044
1 1012 1.044
1 3738 1.044
1 3847 1.044
1 1704 1.042
1 147 1.042
1 1206 1.042
1 717 1.042
1 2170 1.042
1 158 1.042
1 482 1.042
1 1487 1.042
1 1949 1.042
1 1357 1.042
1 1146 1.042
1 2120 1.042
1 1147 1.042
1 444 1.042
1 446 1.042
1 2244 1.042
1 1927 1.042
1 327 1.042
1 2205 1.042
1 1572 1.042
1 2208 1.042
1 3782 1.042
1 2232 1.042
1 1065 1.042
1 2300 1.042
1 1105 1.042
1 960 1.042
1 1869 1.042
1 1592 1.042
1 2041 1.042
1 1751 1.042
1 477 1.042
1 2143 1.042
1 843 1.042
1 1594 1.042
1 2193 1.042
1 1983 1.042
1 1985 1.042
1 2590 1.042
1 1090 1.042
1 192 1.042
1 1092 1.042
1 1604 1.042
1 404 1.042
1 2610 1.042
1 1443 1.042
1 1615 1.042
1 1901 1.042
1 118 1.042
1 2343 1.042
1 238 1.042
1 2472 1.042
1 1451 1.042
1 1905 1.042
1 998 1.042
1 3644 1.042
1 130 1.042
1 1811 1.042
1 2819 1.042
1 1116 1.042
1 702 1.042
1 1337 1.042
1 2039 1.042
1 1785 1.042
1 1719 1.042
1 3845 1.042
1 3846 1.042
1 532 1.04
1 1824 1.04
1 1826 1.04
1 1646 1.04
1 637 1.04
1 1211 1.04
1 2228 1.04
1 3694 1.04
1 316 1.04
1 3704 1.04
1 643 1.04
1 2457 1.04
1 1043 1.04
1 2119 1.04
1 1921 1.04
1 2680 1.04
1 651 1.04
1 1923 1.04
1 376 1.04
1 2126 1.04
1 1961 1.04
1 2786 1.04
1 1862 1.04
1 2132 1.04
1 2712 1.04
1 1743 1.04
1 1744 1.04
1 3765 1.04
1 1075 1.04
1 2423 1.04
1 3572 1.04
1 1749 1.04
1 1420 1.04
1 844 1.04
1 1982 1.04
1 2317 1.04
1 2194 1.04
1 1167 1.04
1 142 1.04
1 2321 1.04
1 2322 1.04
1 2744 1.04
1 2745 1.04
1 1991 1.04
1 1768 1.04
1 1433 1.04
1 2326 1.04
1 2152 1.04
1 1437 1.04
1 2753 1.04
1 1439 1.04
1 2755 1.04
1 113 1.04
1 2160 1.04
1 2614 1.04
1 991 1.04
1 1796 1.04
1 2167 1.04
1 2168 1.04
1 1622 1.04
1 1904 1.04
1 1693 1.04
1 794 1.04
1 253 1.04
1 3763 1.04
1 3835 1.04
1 1310 1.04
1 1311 1.04
1 1048 1.04
1 3329 1.04
1 2053 1.038
1 534 1.038
1 1132 1.038
1 2525 1.038
1 1214 1.038
1 3693 1.038
1 3160 1.038
1 266 1.038
1 2498 1.038
1 268 1.038
1 1142 1.038
1 2545 1.038
1 2774 1.038
1 2550 1.038
1 1954 1.038
1 650 1.038
1 279 1.038
1 2556 1.038
1 1364 1.038
1 1237 1.038
1 1962 1.038
1 2407 1.038
1 658 1.038
1 3733 1.038
1 3727 1.038
1 2249 1.038
1 1154 1.038
1 1965 1.038
1 1968 1.038
1 1247 1.038
1 1734 1.038
1 663 1.038
1 1067 1.038
1 1976 1.038
1 337 1.038
1 2558 1.038
1 2710 1.038
1 3762 1.038
1 673 1.038
1 575 1.038
1 2741 1.038
1 1412 1.038
1 963 1.038
1 1077 1.038
1 3783 1.038
1 3574 1.038
1 1534 1.038
1 1595 1.038
1 1877 1.038
1 1668 1.038
1 1169 1.038
1 1895 1.038
1 1990 1.038
1 2324 1.038
1 1606 1.038
1 502 1.038
1 1888 1.038
1 3621 1.038
1 2441 1.038
1 695 1.038
1 2443 1.038
1 406 1.038
1 2764 1.038
1 1217 1.038
1 3456 1.038
1 864 1.038
1 776 1.038
1 867 1.038
1 1324 1.038
1 3654 1.038
1 2462 1.038
1 3294 1.038
1 415 1.038
1 3645 1.038
1 622 1.038
1 522 1.038
1 1007 1.038
1 3665 1.038
1 2553 1.038
1 2212 1.036
1 3148 1.036
1 2785 1.036
1 427 1.036
1 1729 1.036
1 2238 1.036
1 1348 1.036
1 1837 1.036
1 2391 1.036
1 1404 1.036
1 3778 1.036
1 646 1.036
1 823 1.036
1 320 1.036
1 167 1.036
1 2399 1.036
1 1565 1.036
1 2365 1.036
1 1151 1.036
1 3725 1.036
1 328 1.036
1 2696 1.036
1 747 1.036
1 2250 1.036
1 2372 1.036
1 886 1.036
1 1157 1.036
1 1249 1.036
1 3519 1.036
1 666 1.036
1 3759 1.036
1 1074 1.036
1 1413 1.036
1 964 1.036
1 2720 1.036
1 2289 1.036
1 580 1.036
1 1752 1.036
1 478 1.036
1 73 1.036
1 2292 1.036
1 138 1.036
1 2589 1.036
1 1536 1.036
1 3592 1.036
1 1882 1.036
1 2594 1.036
1 3787 1.036
1 3164 1.036
1 1279 1.036
1 3173 1.036
1 860 1.036
1 1102 1.036
1 512 1.036
1 865 1.036
1 1553 1.036
1 116 1.036
1 1617 1.036
1 1288 1.036
1 1221 1.036
1 2213 1.036
1 1801 1.036
1 1906 1.036
1 1333 1.036
1 519 1.036
1 3856 1.036
1 2036 1.036
1 2635 1.036
1 1006 1.036
1 3662 1.036
1 2356 1.036
1 2751 1.036
1 709 1.036
1 3837 1.036
1 2708 1.036
1 2051 1.036
1 2052 1.036
1 3870 1.036
1 2554 1.034
1 1205 1.034
1 3680 1.034
1 422 1.034
1 635 1.034
1 2730 1.034
1 3798 1.034
1 1944 1.034
1 3799 1.034
1 3707 1.034
1 2665 1.034
1 926 1.034
1 163 1.034
1 2459 1.034
1 2395 1.034
1 1359 1.034
1 3713 1.034
1 1046 1.034
1 443 1.034
1 1850 1.034
1 3719 1.034
1 1236 1.034
1 2684 1.034
1 2562 1.034
1 48 1.034
1 2046 1.034
1 941 1.034
1 2209 1.034
1 2413 1.034
1 2415 1.034
1 56 1.034
1 285 1.034
1 955 1.034
1 669 1.034
1 3766 1.034
1 1258 1.034
1 3565 1.034
1 676 1.034
1 3569 1.034
1 578 1.034
1 2719 1.034
1 70 1.034
1 582 1.034
1 1530 1.034
1 583 1.034
1 2044 1.034
1 1754 1.034
1 3748 1.034
1 1424 1.034
1 1168 1.034
1 1426 1.034
1 1988 1.034
1 1273 1.034
1 3731 1.034
1 878 1.034
1 2600 1.034
1 1190 1.034
1 982 1.034
1 1789 1.034
1 987 1.034
1 2613 1.034
1 901 1.034
1 3816 1.034
1 2766 1.034
1 413 1.034
1 3821 1.034
1 3824 1.034
1 1294 1.034
1 1112 1.034
1 3641 1.034
1 785 1.034
1 294 1.034
1 3025 1.034
1 3874 1.034
1 2037 1.034
1 1461 1.034
1 792 1.034
1 2358 1.034
1 3236 1.034
1 2360 1.034
1 3793 1.034
1 3842 1.034
1 3848 1.034
1 3855 1.034
1 3878 1.034
1 2379 1.032
1 2520 1.032
1 2217 1.032
1 425 1.032
1 150 1.032
1 2732 1.032
1 2383 1.032
1 1728 1.032
1 2659 1.032
1 3756 1.032
1 3780 1.032
1 2392 1.032
1 105 1.032
1 1354 1.032
1 1041 1.032
1 929 1.032
1 1234 1.032
1 323 1.032
1 169 1.032
1 829 1.032
1 3518 1.032
1 557 1.032
1 1671 1.032
1 448 1.032
1 172 1.032
1 3398 1.032
1 2737 1.032
1 1242 1.032
1 381 1.032
1 1243 1.032
1 2207 1.032
1 1244 1.032
1 2411 1.032
1 943 1.032
1 2211 1.032
1 2092 1.032
1 665 1.032
1 2094 1.032
1 568 1.032
1 2573 1.032
1 1808 1.032
1 2711 1.032
1 670 1.032
1 461 1.032
1 2671 1.032
1 392 1.032
1 1525 1.032
1 1978 1.032
1 965 1.032
1 579 1.032
1 2585 1.032
1 1417 1.032
1 2723 1.032
1 1981 1.032
1 2428 1.032
1 3784 1.032
1 2895 1.032
1 1879 1.032
1 141 1.032
1 587 1.032
1 1989 1.032
1 354 1.032
1 3594 1.032
1 76 1.032
1 890 1.032
1 2154 1.032
1 2640 1.032
1 1610 1.032
1 2335 1.032
1 2157 1.032
1 773 1.032
1 600 1.032
1 774 1.032
1 2021 1.032
1 2765 1.032
1 3747 1.032
1 2162 1.032
1 3632 1.032
1 903 1.032
1 2451 1.032
1 2773 1.032
1 3652 1.032
1 2454 1.032
1 907 1.032
1 2080 1.032
1 2350 1.032
1 1113 1.032
1 2361 1.032
1 520 1.032
1 2467 1.032
1 2040 1.032
1 2196 1.032
1 3832 1.032
1 1634 1.032
1 2749 1.032
1 1911 1.032
1 2643 1.032
1 2359 1.032
1 1913 1.032
1 2514 1.032
1 1718 1.032
1 711 1.032
1 800 1.032
1 3839 1.032
1 3840 1.032
1 1639 1.03
1 2940 1.03
1 1917 1.03
1 257 1.03
1 1051 1.03
1 3681 1.03
1 1723 1.03
1 1053 1.03
1 2651 1.03
1 2218 1.03
1 2223 1.03
1 1829 1.03
1 2385 1.03
1 1136 1.03
1 1835 1.03
1 2387 1.03
1 3165 1.03
1 921 1.03
1 1226 1.03
1 434 1.03
1 2546 1.03
1 2547 1.03
1 1843 1.03
1 2230 1.03
1 2548 1.03
1 2460 1.03
1 2668 1.03
1 2543 1.03
1 442 1.03
1 280 1.03
1 1149 1.03
1 2403 1.03
1 1772 1.03
1 2045 1.03
1 3683 1.03
1 3711 1.03
1 1730 1.03
1 2699 1.03
1 3718 1.03
1 453 1.03
1 1735 1.03
1 1401 1.03
1 2417 1.03
1 1069 1.03
1 1864 1.03
1 1740 1.03
1 2669 1.03
1 1741 1.03
1 2578 1.03
1 1255 1.03
1 672 1.03
1 3703 1.03
1 2135 1.03
1 1745 1.03
1 2185 1.03
1 3767 1.03
1 2718 1.03
1 1414 1.03
1 1529 1.03
1 3781 1.03
1 1267 1.03
1 2318 1.03
1 2431 1.03
1 1757 1.03
1 1538 1.03
1 1987 1.03
1 590 1.03
1 1094 1.03
1 2440 1.03
1 504 1.03
1 1890 1.03
1 3634 1.03
1 1779 1.03
1 1780 1.03
1 1216 1.03
1 1180 1.03
1 2448 1.03
1 1286 1.03
1 2767 1.03
1 2342 1.03
1 2165 1.03
1 1619 1.03
1 2470 1.03
1 1108 1.03
1 121 1.03
1 3822 1.03
1 908 1.03
1 2456 1.03
1 3566 1.03
1 3380 1.03
1 620 1.03
1 2177 1.03
1 2781 1.03
1 791 1.03
1 1694 1.03
1 3567 1.03
1 298 1.03
1 523 1.03
1 2685 1.03
1 2693 1.03
1 1010 1.03
1 1468 1.03
1 2202 1.03
1 3678 1.03
1 3844 1.03
1 714 1.028
1 715 1.028
1 423 1.028
1 258 1.028
1 3776 1.028
1 1833 1.028
1 813 1.028
1 640 1.028
1 1213 1.028
1 2527 1.028
1 3169 1.028
1 1486 1.028
1 2393 1.028
1 2458 1.028
1 2625 1.028
1 272 1.028
1 2542 1.028
1 2549 1.028
1 1491 1.028
1 2544 1.028
1 2236 1.028
1 932 1.028
1 324 1.028
1 1670 1.028
1 2880 1.028
1 1365 1.028
1 1498 1.028
1 171 1.028
1 1656 1.028
1 3723 1.028
1 1367 1.028
1 1062 1.028
1 2206 1.028
1 2409 1.028
1 2698 1.028
1 382 1.028
1 3497 1.028
1 2088 1.028
1 1397 1.028
1 1398 1.028
1 383 1.028
1 664 1.028
1 3638 1.028
1 1161 1.028
1 2419 1.028
1 388 1.028
1 1809 1.028
1 1516 1.028
1 571 1.028
1 1742 1.028
1 1370 1.028
1 2579 1.028
1 574 1.028
1 1522 1.028
1 2137 1.028
1 1259 1.028
1 2426 1.028
1 1262 1.028
1 1527 1.028
1 3573 1.028
1 2054 1.028
1 2726 1.028
1 2430 1.028
1 686 1.028
1 1539 1.028
1 1088 1.028
1 1759 1.028
1 1766 1.028
1 1431 1.028
1 3795 1.028
1 594 1.028
1 1097 1.028
1 859 1.028
1 2020 1.028
1 775 1.028
1 2449 1.028
1 3633 1.028
1 3722 1.028
1 2026 1.028
1 3805 1.028
1 2027 1.028
1 3636 1.028
1 994 1.028
1 2029 1.028
1 122 1.028
1 909 1.028
1 1462 1.028
1 3642 1.028
1 2790 1.028
1 2351 1.028
1 1456 1.028
1 2176 1.028
1 1300 1.028
1 2559 1.028
1 84 1.028
1 552 1.028
1 1812 1.028
1 250 1.028
1 3647 1.028
1 1005 1.028
1 704 1.028
1 2354 1.028
1 1672 1.028
1 3775 1.028
1 706 1.028
1 1307 1.028
1 2199 1.028
1 2694 1.028
1 137 1.028
1 708 1.028
1 2642 1.028
1 2049 1.028
1 2050 1.028
1 1819 1.028
1 1124 1.028
1 1820 1.028
1 1638 1.028
1 2516 1.028
1 1821 1.028
1 3849 1.028
1 145 1.026
1 1471 1.026
1 1020 1.026
1 1208 1.026
1 3745 1.026
1 2652 1.026
1 3746 1.026
1 1932 1.026
1 3740 1.026
1 3275 1.026
1 1483 1.026
1 1652 1.026
1 1632 1.026
1 368 1.026
1 3728 1.026
1 1224 1.026
1 433 1.026
1 2662 1.026
1 1036 1.026
1 1839 1.026
1 2537 1.026
1 2539 1.026
1 319 1.026
1 3811 1.026
1 1938 1.026
1 2683 1.026
1 831 1.026
1 490 1.026
1 836 1.026
1 1963 1.026
1 1472 1.026
1 939 1.026
1 3648 1.026
1 1505 1.026
1 2231 1.026
1 2700 1.026
1 3750 1.026
1 2677 1.026
1 1159 1.026
1 335 1.026
1 57 1.026
1 2705 1.026
1 3520 1.026
1 1512 1.026
1 1406 1.026
1 958 1.026
1 2577 1.026
1 340 1.026
1 391 1.026
1 3562 1.026
1 962 1.026
1 2715 1.026
1 181 1.026
1 577 1.026
1 3769 1.026
1 2605 1.026
1 1264 1.026
1 1893 1.026
1 2145 1.026
1 3588 1.026
1 1758 1.026
1 3749 1.026
1 2739 1.026
1 1173 1.026
1 1274 1.026
1 2437 1.026
1 2151 1.026
1 2601 1.026
1 980 1.026
1 1889 1.026
1 1280 1.026
1 895 1.026
1 597 1.026
1 1894 1.026
1 598 1.026
1 898 1.026
1 2446 1.026
1 2763 1.026
1 1550 1.026
1 114 1.026
1 1218 1.026
1 1900 1.026
1 2163 1.026
1 2769 1.026
1 606 1.026
1 2471 1.026
1 906 1.026
1 610 1.026
1 239 1.026
1 2777 1.026
1 2172 1.026
1 2629 1.026
1 2637 1.026
1 615 1.026
1 1625 1.026
1 2032 1.026
1 1763 1.026
1 2632 1.026
1 1455 1.026
1 1299 1.026
1 3857 1.026
1 132 1.026
1 3676 1.026
1 1908 1.026
1 2636 1.026
1 2692 1.026
1 2357 1.026
1 3836 1.026
1 2707 1.026
1 2916 1.026
1 528 1.026
1 1915 1.026
1 3853 1.026
1 2647 1.024
1 1447 1.024
1 1315 1.024
1 2216 1.024
1 2650 1.024
1 2731 1.024
1 1210 1.024
1 2983 1.024
1 2533 1.024
1 1478 1.024
1 2528 1.024
1 2227 1.024
1 2388 1.024
1 1947 1.024
1 2622 1.024
1 1229 1.024
1 484 1.024
1 2396 1.024
1 3734 1.024
1 930 1.024
1 1233 1.024
1 1666 1.024
1 1769 1.024
1 1939 1.024
1 2557 1.024
1 2204 1.024
1 1569 1.024
1 1503 1.024
1 3737 1.024
1 2158 1.024
1 2568 1.024
1 2281 1.024
1 2222 1.024
1 2510 1.024
1 2703 1.024
1 2524 1.024
1 952 1.024
1 2572 1.024
1 1070 1.024
1 2574 1.024
1 3786 1.024
1 1517 1.024
1 2714 1.024
1 2740 1.024
1 2285 1.024
1 1079 1.024
1 2140 1.024
1 685 1.024
1 2433 1.024
1 2593 1.024
1 1272 1.024
1 1172 1.024
1 1430 1.024
1 1607 1.024
1 892 1.024
1 1891 1.024
1 2442 1.024
1 3629 1.024
1 3758 1.024
1 115 1.024
1 3817 1.024
1 2444 1.024
1 2617 1.024
1 1448 1.024
1 904 1.024
1 779 1.024
1 1109 1.024
1 1081 1.024
1 1110 1.024
1 3653 1.024
1 2789 1.024
1 1334 1.024
1 2634 1.024
1 363 1.024
1 3697 1.024
1 2353 1.024
1 1305 1.024
1 2750 1.024
1 3663 1.024
1 92 1.024
1 1467 1.024
1 2646 1.024
1 1720 1.022
1 97 1.022
1 3801 1.022
1 2380 1.022
1 2521 1.022
1 536 1.022
1 1022 1.022
1 151 1.022
1 265 1.022
1 1040 1.022
1 3709 1.022
1 2775 1.022
1 927 1.022
1 2235 1.022
1 1494 1.022
1 1659 1.022
1 1922 1.022
1 1660 1.022
1 828 1.022
1 3669 1.022
1 1676 1.022
1 2564 1.022
1 884 1.022
1 1574 1.022
1 3751 1.022
1 1858 1.022
1 3219 1.022
1 2095 1.022
1 1930 1.022
1 2709 1.022
1 3551 1.022
1 572 1.022
1 2670 1.022
1 390 1.022
1 671 1.022
1 2136 1.022
1 1523 1.022
1 2138 1.022
1 1263 1.022
1 2587 1.022
1 683 1.022
1 1268 1.022
1 1880 1.022
1 3589 1.022
1 2592 1.022
1 3593 1.022
1 976 1.022
1 1542 1.022
1 3596 1.022
1 1176 1.022
1 3086 1.022
1 1093 1.022
1 1192 1.022
1 1194 1.022
1 1100 1.022
1 1781 1.022
1 1784 1.022
1 1557 1.022
1 1452 1.022
1 996 1.022
1 612 1.022
1 1400 1.022
1 2778 1.022
1 3688 1.022
1 82 1.022
1 2178 1.022
1 1117 1.022
1 2198 1.022
1 1125 1.022
1 1015 1.022
1 1024 1.02
1 313 1.02
1 2226 1.02
1 2656 1.02
1 1940 1.02
1 2404 1.02
1 2390 1.02
1 1350 1.02
1 3706 1.02
1 2394 1.02
1 1150 1.02
1 1566 1.02
1 3564 1.02
1 1935 1.02
1 1731 1.02
1 3674 1.02
1 455 1.02
1 384 1.02
1 1164 1.02
1 3744 1.02
1 3550 1.02
1 2420 1.02
1 2675 1.02
1 2604 1.02
1 3720 1.02
1 1416 1.02
1 2043 1.02
1 2429 1.02
1 1171 1.02
1 2598 1.02
1 1767 1.02
1 501 1.02
1 2438 1.02
1 3796 1.02
1 3804 1.02
1 2609 1.02
1 1281 1.02
1 1197 1.02
1 3813 1.02
1 1444 1.02
1 2024 1.02
1 1106 1.02
1 1449 1.02
1 3819 1.02
1 2169 1.02
1 2214 1.02
1 3582 1.02
1 2465 1.02
1 1815 1.02
1 416 1.02
1 3646 1.02
1 1463 1.02
1 2849 1.02
1 3660 1.02
1 2552 1.02
1 3873 1.02
1 2378 1.018
1 1021 1.018
1 1477 1.018
1 2654 1.018
1 1403 1.018
1 1141 1.018
1 644 1.018
1 928 1.018
1 3296 1.018
1 2681 1.018
1 655 1.018
1 2246 1.018
1 837 1.018
1 938 1.018
1 2565 1.018
1 2412 1.018
1 1733 1.018
1 2282 1.018
1 1066 1.018
1 871 1.018
1 3121 1.018
1 1748 1.018
1 966 1.018
1 2661 1.018
1 3721 1.018
1 967 1.018
1 3772 1.018
1 1532 1.018
1 1269 1.018
1 1271 1.018
1 3809 1.018
1 3792 1.018
1 2747 1.018
1 3618 1.018
1 3806 1.018
1 2611 1.018
1 1283 1.018
1 3631 1.018
1 1290 1.018
1 2776 1.018
1 1624 1.018
1 1627 1.018
1 3675 1.018
1 362 1.018
1 1631 1.018
1 2639 1.018
1 1673 1.018
1 796 1.018
1 631 1.018
1 1312 1.018
1 3672 1.018
1 1832 1.016
1 3563 1.016
1 1654 1.016
1 370 1.016
1 925 1.016
1 3764 1.016
1 326 1.016
1 2248 1.016
1 3475 1.016
1 1399 1.016
1 334 1.016
1 1511 1.016
1 1861 1.016
1 2742 1.016
1 1992 1.016
1 2608 1.016
1 1440 1.016
1 511 1.016
1 3630 1.016
1 1552 1.016
1 120 1.016
1 1004 1.016
1 1910 1.016
1 2200 1.016
1 1831 1.014
1 2523 1.014
1 2657 1.014
1 2660 1.014
1 2237 1.014
1 2219 1.014
1 332 1.014
1 2414 1.014
1 2706 1.014
1 2673 1.014
1 1526 1.014
1 1427 1.014
1 2019 1.014
1 2028 1.014
1 85 1.014
1 2475 1.014
1 3664 1.014
1 3851 1.014
1 159 1.012
1 2538 1.012
1 2679 1.012
1 1870 1.012
1 3808 1.012
1 1993 1.012
1 1284 1.012
1 2035 1.012
1 525 1.012
1 1203 1.012
1 2580 1.01
1 2606 1.01
1 2033 1.01
1 3076 1.0
1 916 1.0
1 430 1.0
1 1855 1.0
1 110 1.0
1 52 1.0
1 2701 1.0
1 668 1.0
1 1994 1.0
1 2015 1.0
1 992 1.0
1 2047 1.0
1 3867 1.0
1 3872 1.0
1 3876 1.0
2 189 3.324
2 2756 3.268
2 494 3.156
2 2758 3.07
2 290 3.032
2 3637 2.896
2 1029 2.762
2 1887 2.708
2 2761 2.664
2 544 2.606
2 2760 2.588
2 3862 2.546
2 1804 2.51
2 2476 2.502
2 2762 2.488
2 1820 2.482
2 2757 2.482
2 3296 2.476
2 81 2.458
2 3634 2.398
2 3601 2.376
2 2597 2.254
2 3633 2.168
2 2759 2.162
2 3635 2.134
2 3811 2.024
2 766 2.0
2 1096 1.964
2 940 1.934
2 917 1.906
2 3863 1.904
2 3865 1.9
2 3864 1.894
2 2596 1.884
2 537 1.874
2 910 1.87
2 793 1.846
2 1099 1.842
2 1899 1.838
2 38 1.824
2 2570 1.824
2 170 1.78
2 3619 1.766
2 1165 1.71
2 3553 1.676
2 1055 1.626
2 3578 1.626
2 2582 1.61
2 3812 1.59
2 3866 1.576
2 1126 1.548
2 3158 1.542
2 1593 1.538
2 126 1.536
2 333 1.534
2 2598 1.526
2 245 1.524
2 1095 1.524
2 1499 1.516
2 3640 1.514
2 3622 1.512
2 236 1.51
2 2849 1.502
2 274 1.498
2 321 1.49
2 3623 1.486
2 3568 1.474
2 545 1.456
2 3160 1.444
2 2687 1.434
2 3555 1.426
2 1951 1.426
2 3624 1.422
2 3620 1.412
2 2846 1.406
2 3556 1.39
2 3159 1.388
2 3554 1.386
2 2772 1.382
2 3608 1.378
2 310 1.378
2 420 1.376
2 3609 1.374
2 3610 1.374
2 3603 1.37
2 328 1.368
2 3607 1.36
2 3602 1.356
2 3606 1.354
2 3323 1.35
2 2562 1.348
2 756 1.348
2 3561 1.344
2 2769 1.34
2 3567 1.34
2 3151 1.338
2 515 1.338
2 3658 1.338
2 1463 1.336
2 3518 1.332
2 188 1.33
2 3641 1.33
2 3616 1.328
2 7 1.328
2 247 1.326
2 1281 1.324
2 3629 1.318
2 3165 1.314
2 3572 1.314
2 2763 1.312
2 3397 1.312
2 3605 1.31
2 1869 1.302
2 2767 1.298
2 2783 1.298
2 1603 1.298
2 359 1.296
2 3166 1.296
2 3447 1.292
2 322 1.292
2 365 1.288
2 3604 1.282
2 789 1.282
2 3806 1.278
2 3164 1.268
2 803 1.266
2 3807 1.262
2 3625 1.26
2 2781 1.256
2 208 1.254
2 3587 1.254
2 1528 1.252
2 3172 1.25
2 3580 1.246
2 3588 1.24
2 2794 1.234
2 2944 1.228
2 3579 1.222
2 2787 1.22
2 283 1.22
2 3562 1.218
2 1251 1.216
2 3570 1.212
2 3810 1.204
2 3150 1.2
2 3454 1.198
2 395 1.192
2 3592 1.19
2 3155 1.19
2 1454 1.184
2 3569 1.184
2 2489 1.184
2 3571 1.184
2 3598 1.184
2 2780 1.184
2 3617 1.182
2 2779 1.182
2 1380 1.182
2 778 1.18
2 752 1.18
2 2353 1.18
2 872 1.18
2 830 1.178
2 2203 1.176
2 3132 1.176
2 3642 1.176
2 3573 1.174
2 3577 1.172
2 3566 1.172
2 3648 1.172
2 429 1.17
2 654 1.17
2 3149 1.17
2 565 1.17
2 2812 1.17
2 1501 1.168
2 2122 1.166
2 2777 1.166
2 3153 1.166
2 3594 1.164
2 3590 1.164
2 3575 1.162
2 3593 1.162
2 3548 1.162
2 568 1.162
2 1811 1.162
2 675 1.16
2 3636 1.16
2 3615 1.16
2 3581 1.16
2 1053 1.16
2 3649 1.16
2 1254 1.158
2 3077 1.158
2 2197 1.156
2 2697 1.156
2 3630 1.154
2 3178 1.154
2 3519 1.154
2 1508 1.154
2 1060 1.154
2 539 1.154
2 3595 1.154
2 3156 1.154
2 3591 1.154
2 3814 1.154
2 3600 1.152
2 3157 1.152
2 437 1.152
2 3182 1.152
2 1884 1.152
2 2189 1.152
2 3657 1.152
2 3563 1.15
2 3236 1.148
2 3650 1.148
2 3576 1.146
2 91 1.146
2 3152 1.146
2 2983 1.146
2 3599 1.144
2 3075 1.142
2 3589 1.142
2 2628 1.142
2 3549 1.142
2 1260 1.14
2 1195 1.138
2 2279 1.136
2 3813 1.136
2 896 1.134
2 1313 1.134
2 1776 1.134
2 3552 1.134
2 179 1.132
2 2621 1.132
2 3565 1.13
2 3631 1.13
2 3659 1.13
2 1639 1.128
3 1256 3.45
3 2762 1.828
3 3167 1.766
3 3158 1.758
3 3182 1.72
3 3 1.602
3 402 1.524
3 3191 1.522
3 3179 1.412
3 3181 1.396
3 1017 1.352
3 413 1.348
3 3176 1.24
3 3178 1.216
3 1251 1.156
3 2844 1.146
3 2617 1.13
3 1358 1.126
3 1360 1.11
3 7 1.098
3 2782 1.092
3 1858 1.088
3 3170 1.088
3 1415 1.086
3 3453 1.084
3 3418 1.082
3 1870 1.08
3 3293 1.08
3 527 1.076
3 2794 1.076
3 1245 1.074
3 2883 1.072
3 305 1.07
3 3211 1.068
3 2164 1.068
3 1650 1.066
3 409 1.066
3 3275 1.064
3 3426 1.064
3 725 1.062
3 910 1.062
3 3099 1.062
3 2418 1.06
3 1199 1.06
3 2596 1.058
3 3423 1.058
3 1047 1.058
3 2945 1.058
3 3132 1.058
3 2869 1.058
3 1130 1.058
3 3419 1.056
3 1542 1.056
3 3282 1.056
3 3292 1.056
3 766 1.056
3 803 1.056
3 2992 1.056
3 3316 1.056
3 3219 1.052
3 3465 1.052
3 3455 1.052
3 3190 1.052
3 3416 1.05
3 2378 1.05
3 179 1.048
3 1860 1.048
3 3459 1.048
3 2867 1.048
3 2941 1.046
3 1312 1.046
3 3138 1.046
3 3051 1.046
3 2889 1.046
3 3290 1.046
3 3069 1.044
3 2842 1.044
3 1352 1.044
3 1500 1.044
3 3289 1.044
3 690 1.044
3 1078 1.044
3 1912 1.044
3 1157 1.044
3 3174 1.044
3 3037 1.042
3 3404 1.042
3 2228 1.042
3 3261 1.042
3 3010 1.042
3 1189 1.042
3 468 1.042
3 133 1.042
3 1567 1.042
3 2927 1.042
3 1057 1.042
3 485 1.042
3 1333 1.042
3 3391 1.042
3 2807 1.04
3 3102 1.04
3 1322 1.04
3 3147 1.04
3 2322 1.04
3 3052 1.04
3 721 1.04
3 2932 1.04
3 3384 1.04
3 2810 1.038
3 115 1.038
3 1942 1.038
3 139 1.038
3 1310 1.038
3 3114 1.038
3 2888 1.038
3 2390 1.038
3 816 1.038
3 2459 1.038
3 1134 1.038
3 1265 1.036
3 356 1.036
3 3251 1.036
3 1349 1.036
3 2664 1.036
3 1993 1.036
3 604 1.036
3 2750 1.036
3 3308 1.036
3 3458 1.036
3 2896 1.036
3 3364 1.036
3 3386 1.036
3 3003 1.034
3 2787 1.034
3 2843 1.034
3 734 1.034
3 2818 1.034
3 2887 1.034
3 310 1.034
3 322 1.034
3 3291 1.034
3 2988 1.034
3 2858 1.034
3 2892 1.034
3 3055 1.034
3 684 1.034
3 2802 1.034
3 333 1.034
3 3454 1.034
3 2972 1.032
3 1936 1.032
3 608 1.032
3 2944 1.032
3 1561 1.032
3 1562 1.032
3 1465 1.032
3 3433 1.032
3 1182 1.032
3 3115 1.032
3 3450 1.032
3 3237 1.032
3 3297 1.032
3 2477 1.032
3 2894 1.032
3 3361 1.032
3 3089 1.032
3 3059 1.032
3 2933 1.032
3 3321 1.03
3 3035 1.03
3 110 1.03
3 2841 1.03
3 3006 1.03
3 2815 1.03
3 2946 1.03
3 3011 1.03
3 1979 1.03
3 2821 1.03
3 2142 1.03
3 3082 1.03
3 3392 1.03
3 3356 1.03
3 793 1.03
3 2798 1.03
3 981 1.03
3 1510 1.03
3 2999 1.03
3 81 1.03
3 532 1.03
3 380 1.028
3 3302 1.028
3 2876 1.028
3 2174 1.028
3 3413 1.028
3 2847 1.028
3 242 1.028
3 2982 1.028
3 3430 1.028
3 3266 1.028
3 2382 1.028
3 824 1.028
3 3024 1.028
3 2800 1.028
3 3126 1.028
3 2964 1.028
3 2997 1.028
3 2965 1.028
3 3348 1.028
3 1103 1.028
3 3064 1.028
3 1937 1.028
3 3389 1.028
3 3213 1.026
3 2586 1.026
3 2940 1.026
3 301 1.026
3 1347 1.026
3 3440 1.026
3 2980 1.026
3 2327 1.026
3 2851 1.026
3 3145 1.026
3 2919 1.026
3 3616 1.026
3 1512 1.026
3 2776 1.026
3 3118 1.026
3 3314 1.026
3 587 1.026
3 238 1.026
3 2897 1.026
3 3488 1.026
3 3028 1.026
3 3127 1.026
3 3376 1.026
3 986 1.026
3 3294 1.024
3 3397 1.024
3 2942 1.024
3 2644 1.024
3 2947 1.024
3 745 1.024
3 3485 1.024
3 3047 1.024
3 2413 1.024
3 3049 1.024
3 2985 1.024
3 3017 1.024
3 1480 1.024
3 3086 1.024
3 2893 1.024
3 2959 1.024
3 3472 1.024
3 2861 1.024
3 2830 1.024
3 2993 1.024
3 2963 1.024
3 3061 1.024
3 3168 1.024
3 3063 1.024
3 1126 1.024
3 3128 1.024
3 1688 1.024
3 1029 1.024
3 503 1.024
3 1181 1.024
3 84 1.022
3 2808 1.022
3 101 1.022
3 3104 1.022
3 2628 1.022
3 3260 1.022
3 3009 1.022
3 1032 1.022
3 2949 1.022
3 756 1.022
3 3221 1.022
3 3050 1.022
3 3116 1.022
3 3371 1.022
3 3355 1.022
3 3019 1.022
3 306 1.022
3 363 1.022
3 2388 1.022
3 3056 1.022
3 2928 1.022
3 2449 1.022
3 459 1.022
3 3372 1.022
3 3093 1.022
3 2834 1.022
3 1839 1.022
3 2513 1.022
3 2998 1.022
3 3399 1.022
3 3000 1.022
3 3130 1.022
3 2871 1.022
3 540 1.02
3 3393 1.02
3 3101 1.02
3 2971 1.02
3 1903 1.02
3 3004 1.02
3 574 1.02
3 1398 1.02
3 2910 1.02
3 2877 1.02
3 3494 1.02
3 3007 1.02
3 2943 1.02
3 3074 1.02
3 2788 1.02
3 3331 1.02
3 3333 1.02
3 3013 1.02
3 3079 1.02
3 2950 1.02
3 3241 1.02
3 2951 1.02
3 3461 1.02
3 3288 1.02
3 2822 1.02
3 2340 1.02
3 2208 1.02
3 3226 1.02
3 2823 1.02
3 2355 1.02
3 3018 1.02
3 438 1.02
3 2957 1.02
3 3120 1.02
3 517 1.02
3 3023 1.02
3 2860 1.02
3 3121 1.02
3 3242 1.02
3 415 1.02
3 3388 1.02
3 457 1.02
3 2187 1.02
3 3027 1.02
3 3250 1.02
3 3375 1.02
3 2934 1.02
3 3096 1.02
3 2837 1.02
3 3135 1.018
3 2908 1.018
3 2875 1.018
3 2811 1.018
3 3414 1.018
3 3105 1.018
3 3231 1.018
3 1319 1.018
3 3171 1.018
3 2636 1.018
3 3042 1.018
3 3448 1.018
3 3043 1.018
3 3108 1.018
3 3187 1.018
3 2347 1.018
3 1362 1.018
3 3160 1.018
3 2687 1.018
3 260 1.018
3 3281 1.018
3 2984 1.018
3 3318 1.018
3 3490 1.018
3 807 1.018
3 2856 1.018
3 3020 1.018
3 2678 1.018
3 2859 1.018
3 2595 1.018
3 2796 1.018
3 3467 1.018
3 3424 1.018
3 3058 1.018
3 971 1.018
3 3311 1.018
3 3208 1.018
3 2962 1.018
3 3092 1.018
3 1454 1.018
3 2621 1.018
3 539 1.018
3 2833 1.018
3 2466 1.018
3 3401 1.018
3 3029 1.018
3 1892 1.018
3 494 1.018
3 49 1.018
3 2804 1.018
3 2536 1.018
3 3133 1.016
3 3067 1.016
3 3394 1.016
3 2873 1.016
3 915 1.016
3 2141 1.016
3 3073 1.016
3 3008 1.016
3 3508 1.016
3 2197 1.016
3 3076 1.016
3 2817 1.016
3 3420 1.016
3 2882 1.016
3 736 1.016
3 257 1.016
3 3248 1.016
3 754 1.016
3 3146 1.016
3 2886 1.016
3 2738 1.016
3 3016 1.016
3 2921 1.016
3 3083 1.016
3 326 1.016
3 2956 1.016
3 3236 1.016
3 1534 1.016
3 872 1.016
3 3183 1.016
3 3313 1.016
3 1603 1.016
3 3486 1.016
3 2929 1.016
3 3124 1.016
3 3322 1.016
3 2930 1.016
3 3395 1.016
3 2931 1.016
3 480 1.016
3 3369 1.016
3 3095 1.016
3 2836 1.016
3 2967 1.016
3 2968 1.016
3 372 1.016
3 3131 1.016
3 2134 1.016
3 3100 1.014
3 2937 1.014
3 546 1.014
3 2584 1.014
3 2042 1.014
3 3177 1.014
3 3206 1.014
3 2088 1.014
3 3222 1.014
3 2605 1.014
3 3378 1.014
3 3432 1.014
3 3071 1.014
3 3040 1.014
3 3072 1.014
3 2813 1.014
3 3415 1.014
3 1321 1.014
3 200 1.014
3 3140 1.014
3 2879 1.014
3 3319 1.014
3 657 1.014
3 3227 1.014
3 2881 1.014
3 3045 1.014
3 2849 1.014
3 246 1.014
3 3143 1.014
3 3077 1.014
3 3012 1.014
3 3276 1.014
3 2819 1.014
3 1376 1.014
3 3215 1.014
3 1459 1.014
3 1058 1.014
3 89 1.014
3 2952 1.014
3 3346 1.014
3 3299 1.014
3 764 1.014
3 411 1.014
3 2890 1.014
3 2857 1.014
3 2405 1.014
3 3352 1.014
3 2924 1.014
3 3119 1.014
3 2925 1.014
3 367 1.014
3 2398 1.014
3 412 1.014
3 118 1.014
3 3300 1.014
3 407 1.014
3 187 1.014
3 3090 1.014
3 3470 1.014
3 3492 1.014
3 465 1.014
3 1681 1.014
3 3478 1.014
3 2803 1.014
3 1528 1.014
3 3097 1.014
3 507 1.014
3 2560 1.014
3 2806 1.014
3 2029 1.012
3 2905 1.012
3 3324 1.012
3 3068 1.012
3 2939 1.012
3 2973 1.012
3 3223 1.012
3 2101 1.012
3 3443 1.012
3 3225 1.012
3 617 1.012
3 2634 1.012
3 3484 1.012
3 3438 1.012
3 2307 1.012
3 632 1.012
3 2846 1.012
3 2709 1.012
3 3224 1.012
3 2913 1.012
3 2880 1.012
3 3267 1.012
3 3435 1.012
3 3044 1.012
3 3189 1.012
3 3110 1.012
3 3078 1.012
3 2884 1.012
3 2820 1.012
3 3491 1.012
3 266 1.012
3 3287 1.012
3 3015 1.012
3 2920 1.012
3 3263 1.012
3 3022 1.012
3 1506 1.012
3 3084 1.012
3 2825 1.012
3 2827 1.012
3 894 1.012
3 2828 1.012
3 1635 1.012
3 2926 1.012
3 2991 1.012
3 389 1.012
3 3122 1.012
3 1006 1.012
3 3026 1.012
3 2898 1.012
3 3360 1.012
3 2801 1.012
3 3366 1.012
3 3062 1.012
3 1513 1.012
3 2835 1.012
3 18 1.012
3 2901 1.012
3 2522 1.012
3 1840 1.012
3 3407 1.012
3 3065 1.012
3 3307 1.012
3 2037 1.012
3 3032 1.012
3 3509 1.012
3 3315 1.012
3 3034 1.012
3 1228 1.01
3 3398 1.01
3 2432 1.01
3 2840 1.01
3 3205 1.01
3 3396 1.01
3 3332 1.01
3 3421 1.01
3 3136 1.01
3 3431 1.01
3 3175 1.01
3 2974 1.01
3 3339 1.01
3 3304 1.01
3 3041 1.01
3 2878 1.01
3 3253 1.01
3 3434 1.01
3 223 1.01
3 3427 1.01
3 2816 1.01
3 3268 1.01
3 3511 1.01
3 3335 1.01
3 3230 1.01
3 2850 1.01
3 3207 1.01
3 3342 1.01
3 3285 1.01
3 3428 1.01
3 3245 1.01
3 2300 1.01
3 3279 1.01
3 3246 1.01
3 90 1.01
3 3489 1.01
3 2986 1.01
3 2954 1.01
3 3233 1.01
3 3326 1.01
3 231 1.01
3 2826 1.01
3 3462 1.01
3 3054 1.01
3 890 1.01
3 3239 1.01
3 3202 1.01
3 1174 1.01
3 2960 1.01
3 3412 1.01
3 593 1.01
3 3447 1.01
3 3390 1.01
3 3209 1.01
3 2995 1.01
3 2899 1.01
3 2866 1.01
3 2900 1.01
3 2966 1.01
3 3030 1.01
3 3437 1.01
3 3354 1.01
3 3188 1.01
3 3383 1.01
3 2870 1.01
3 3265 1.01
3 2903 1.01
3 2838 1.01
3 2936 1.01
3 3274 1.01
3 3483 1.008
3 2872 1.008
3 3201 1.008
3 3328 1.008
3 2809 1.008
3 2874 1.008
3 3330 1.008
3 3442 1.008
3 2909 1.008
3 162 1.008
3 2772 1.008
3 3305 1.008
3 3200 1.008
3 3445 1.008
3 3411 1.008
3 190 1.008
3 3139 1.008
3 3218 1.008
3 2814 1.008
3 3259 1.008
3 1343 1.008
3 3141 1.008
3 3075 1.008
3 334 1.008
3 3496 1.008
3 3228 1.008
3 3195 1.008
3 1721 1.008
3 3503 1.008
3 2981 1.008
3 3111 1.008
3 1724 1.008
3 2240 1.008
3 2917 1.008
3 3112 1.008
3 3014 1.008
3 3048 1.008
3 3457 1.008
3 3216 1.008
3 3463 1.008
3 1474 1.008
3 2246 1.008
3 2756 1.008
3 2855 1.008
3 3303 1.008
3 2374 1.008
3 1479 1.008
3 3505 1.008
3 295 1.008
3 2793 1.008
3 343 1.008
3 3357 1.008
3 3021 1.008
3 3180 1.008
3 2958 1.008
3 3298 1.008
3 117 1.008
3 3312 1.008
3 3471 1.008
3 3088 1.008
3 1049 1.008
3 2895 1.008
3 3363 1.008
3 3385 1.008
3 3025 1.008
3 3444 1.008
3 3327 1.008
3 2832 1.008
3 3475 1.008
3 3493 1.008
3 1011 1.008
3 2864 1.008
3 3337 1.008
3 1054 1.008
3 2865 1.008
3 3345 1.008
3 2868 1.008
3 3380 1.008
3 3258 1.008
3 3446 1.008
3 2935 1.008
3 2805 1.008
3 3197 1.008
3 3408 1.008
3 3557 1.008
3 3482 1.008
3 2904 1.008
3 3193 1.008
3 3196 1.008
3 3257 1.008
3 3338 1.008
3 3349 1.008
3 3464 1.008
3 2582 1.006
3 509 1.006
3 3002 1.006
3 3410 1.006
3 3516 1.006
3 3134 1.006
3 2515 1.006
3 1274 1.006
3 2751 1.006
3 1281 1.006
3 732 1.006
3 603 1.006
3 2559 1.006
3 2112 1.006
3 3256 1.006
3 2130 1.006
3 2845 1.006
3 3506 1.006
3 3310 1.006
3 3422 1.006
3 3184 1.006
3 3264 1.006
3 205 1.006
3 2915 1.006
3 3502 1.006
3 2237 1.006
3 3229 1.006
3 3240 1.006
3 1407 1.006
3 3080 1.006
3 3113 1.006
3 3217 1.006
3 555 1.006
3 2853 1.006
3 3081 1.006
3 3162 1.006
3 3358 1.006
3 564 1.006
3 3270 1.006
3 3351 1.006
3 2824 1.006
3 3309 1.006
3 3117 1.006
3 3286 1.006
3 3347 1.006
3 2923 1.006
3 332 1.006
3 2891 1.006
3 3296 1.006
3 3155 1.006
3 1551 1.006
3 3460 1.006
3 416 1.006
3 2797 1.006
3 3481 1.006
3 3452 1.006
3 2961 1.006
3 3243 1.006
3 2831 1.006
3 1704 1.006
3 2799 1.006
3 3487 1.006
3 618 1.006
3 41 1.006
3 2996 1.006
3 2507 1.006
3 3477 1.006
3 3402 1.006
3 243 1.006
3 3066 1.006
3 3409 1.006
3 3269 1.006
3 3320 1.006
3 3367 1.006
3 3406 1.006
3 3614 1.006
3 3284 1.004
3 1 1.004
3 484 1.004
3 3036 1.004
3 1175 1.004
3 2938 1.004
3 1298 1.004
3 2907 1.004
3 111 1.004
3 3038 1.004
3 1848 1.004
3 3103 1.004
3 1218 1.004
3 3497 1.004
3 3436 1.004
3 2976 1.004
3 2912 1.004
3 405 1.004
3 317 1.004
3 3500 1.004
3 3466 1.004
3 3510 1.004
3 39 1.004
3 3185 1.004
3 3501 1.004
3 3429 1.004
3 3272 1.004
3 2660 1.004
3 3280 1.004
3 2916 1.004
3 3451 1.004
3 3046 1.004
3 3283 1.004
3 3247 1.004
3 3504 1.004
3 3214 1.004
3 3249 1.004
3 2918 1.004
3 2724 1.004
3 2852 1.004
3 2983 1.004
3 3517 1.004
3 3232 1.004
3 3336 1.004
3 2854 1.004
3 801 1.004
3 2475 1.004
3 2987 1.004
3 2955 1.004
3 3234 1.004
3 3403 1.004
3 3053 1.004
3 3368 1.004
3 3325 1.004
3 3057 1.004
3 966 1.004
3 3387 1.004
3 3301 1.004
3 1618 1.004
3 3203 1.004
3 3123 1.004
3 1778 1.004
3 2441 1.004
3 3514 1.004
3 1753 1.004
3 3060 1.004
3 3449 1.004
3 1808 1.004
3 3495 1.004
3 675 1.004
3 2702 1.004
3 742 1.004
3 3278 1.004
3 3255 1.004
3 3479 1.004
3 3129 1.004
3 1831 1.004
3 3273 1.004
3 3199 1.004
3 3033 1.004
3 3582 1.004
3 2138 1.004
3 3220 1.004
3 3340 1.004
3 3353 1.004
3 3439 1.004
3 1819 1.002
3 3417 1.002
3 1288 1.002
3 826 1.002
3 3405 1.002
3 3329 1.002
3 3295 1.002
3 1814 1.002
3 3334 1.002
3 3198 1.002
3 3382 1.002
3 3323 1.002
3 3379 1.002
3 2911 1.002
3 3498 1.002
3 3106 1.002
3 13 1.002
3 3499 1.002
3 3109 1.002
3 3512 1.002
3 2364 1.002
3 3341 1.002
3 2353 1.002
3 3513 1.002
3 3163 1.002
3 3350 1.002
3 3597 1.002
3 3456 1.002
3 297 1.002
3 3306 1.002
3 3441 1.002
3 2585 1.002
3 515 1.002
3 3365 1.002
3 3362 1.002
3 410 1.002
3 3087 1.002
3 3238 1.002
3 3468 1.002
3 3377 1.002
3 2402 1.002
3 3469 1.002
3 3474 1.002
3 2994 1.002
3 3476 1.002
3 3210 1.002
3 1133 1.002
3 3507 1.002
3 3212 1.002
3 252 1.002
3 3254 1.002
3 3262 1.002
3 1564 1.002
3 3480 1.002
3 63 1.002
3 3271 1.002
3 1559 1.002
3 3277 1.002
3 3515 1.0
3 2839 1.0
3 2970 1.0
3 3317 1.0
3 2906 1.0
3 3400 1.0
3 554 1.0
3 2044 1.0
3 3070 1.0
3 3005 1.0
3 3039 1.0
3 3137 1.0
3 2812 1.0
3 170 1.0
3 2975 1.0
3 3381 1.0
3 2977 1.0
3 3107 1.0
3 2186 1.0
3 2641 1.0
3 2978 1.0
3 718 1.0
3 2914 1.0
3 2848 1.0
3 3142 1.0
3 2979 1.0
3 2203 1.0
3 3204 1.0
3 2948 1.0
3 3144 1.0
3 2885 1.0
3 1384 1.0
3 2260 1.0
3 3161 1.0
3 3343 1.0
3 269 1.0
3 2953 1.0
3 2922 1.0
3 2760 1.0
3 3085 1.0
3 2329 1.0
3 3344 1.0
3 3425 1.0
3 2989 1.0
3 3157 1.0
3 2795 1.0
3 2990 1.0
3 3373 1.0
3 3359 1.0
3 896 1.0
3 3235 1.0
3 3374 1.0
3 2829 1.0
3 2412 1.0
3 3473 1.0
3 2862 1.0
3 2863 1.0
3 3091 1.0
3 3244 1.0
3 3370 1.0
3 3125 1.0
3 3252 1.0
3 3559 1.0
3 1055 1.0
3 3094 1.0
3 2753 1.0
3 3194 1.0
3 3186 1.0
3 1543 1.0
3 3031 1.0
3 2902 1.0
3 1952 1.0
3 3001 1.0
3 3098 1.0
3 2969 1.0
3 1978 1.0
3 2638 1.0
3 3192 1.0
3 2139 1.0
4 3521 2.938
4 872 2.278
4 3440 1.582
4 1251 1.364
4 3536 1.294
4 766 1.28
4 690 1.278
4 3165 1.256
4 3226 1.244
4 1226 1.244
4 1463 1.242
4 3159 1.234
4 3533 1.234
4 1808 1.232
4 3394 1.226
4 1000 1.218
4 3138 1.216
4 3541 1.214
4 2427 1.208
4 3534 1.198
4 816 1.196
4 3539 1.194
4 632 1.192
4 3333 1.188
4 2789 1.186
4 3355 1.186
4 3160 1.184
4 3542 1.18
4 1041 1.18
4 3488 1.17
4 2850 1.17
4 269 1.168
4 3535 1.158
4 3538 1.158
4 3540 1.156
4 1531 1.152
4 3537 1.144
4 2777 1.144
4 359 1.142
4 3321 1.14
4 3531 1.136
4 491 1.128
4 1016 1.128
4 413 1.128
4 2913 1.124
4 3272 1.122
4 1152 1.118
4 3163 1.118
4 1932 1.118
4 3161 1.116
4 2353 1.116
4 2844 1.114
4 3546 1.11
4 3547 1.108
4 3527 1.108
4 3166 1.104
4 3158 1.104
4 495 1.102
4 3523 1.1
4 2302 1.096
4 2489 1.096
4 678 1.094
4 3543 1.094
4 3162 1.092
4 2902 1.09
4 3155 1.088
4 3171 1.088
4 1347 1.084
4 3522 1.084
4 3544 1.082
4 3528 1.08
4 654 1.074
4 1579 1.072
4 1017 1.07
4 3529 1.07
4 3524 1.066
4 3530 1.066
4 2172 1.064
4 1858 1.062
4 3532 1.062
4 245 1.058
4 2867 1.058
4 3525 1.058
4 3545 1.058
4 3172 1.056
4 3560 1.054
4 3526 1.054
4 85 1.052
4 480 1.052
4 2794 1.052
4 3520 1.052
4 3860 1.052
4 3151 1.05
4 1053 1.05
4 3557 1.048
4 3612 1.048
4 238 1.046
4 1165 1.046
4 3861 1.046
4 2776 1.044
4 3858 1.044
4 2779 1.044
4 531 1.042
4 2780 1.042
4 971 1.042
4 1256 1.042
4 2622 1.042
4 3558 1.042
4 2788 1.04
4 529 1.038
4 1305 1.038
4 793 1.038
4 1593 1.036
4 55 1.034
4 585 1.032
4 3611 1.03
4 3152 1.026
4 530 1.024
4 1510 1.022
4 3147 1.022
5 3627 3.0
5 3628 3.0
5 3629 3.0
5 618 2.0
5 507 2.0
5 1029 2.0
5 2570 2.0
5 2667 2.0
5 3583 2.0
5 3159 2.0
5 766 2.0
5 1096 1.0
6 537 3.0
6 544 3.0
6 3862 3.0
6 1804 3.0
6 3863 3.0
6 3553 2.0
6 1425 2.0
6 2630 2.0
6 2146 2.0
6 2917 2.0
6 3620 2.0
6 3619 2.0
6 3639 2.0
6 2570 2.0
