1 29 3.892
1 122 3.24
1 36 2.844
1 46 2.684
1 141 2.594
1 98 2.404
1 55 2.384
1 94 2.352
1 231 2.326
1 217 2.308
1 31 2.242
1 11 2.228
1 3 2.22
1 237 2.196
1 216 2.172
1 20 2.068
1 147 2.028
1 41 2.02
1 135 1.972
1 145 1.968
1 191 1.944
1 83 1.926
1 28 1.914
1 176 1.88
1 152 1.87
1 23 1.864
1 234 1.86
1 101 1.854
1 100 1.842
1 27 1.84
1 52 1.84
1 150 1.84
1 123 1.832
1 56 1.83
1 127 1.828
1 190 1.82
1 90 1.764
1 57 1.758
1 22 1.754
1 37 1.754
1 14 1.746
1 40 1.738
1 182 1.718
1 106 1.706
1 32 1.706
1 33 1.69
1 120 1.69
1 45 1.688
1 53 1.678
1 4 1.658
1 194 1.652
1 44 1.65
1 229 1.646
1 87 1.64
1 9 1.64
1 80 1.634
1 99 1.624
1 140 1.624
1 160 1.616
1 168 1.614
1 2 1.608
1 240 1.604
1 149 1.592
1 75 1.592
1 95 1.59
1 175 1.588
1 7 1.584
1 163 1.582
1 232 1.578
1 131 1.568
1 6 1.566
1 153 1.566
1 103 1.564
1 185 1.564
1 43 1.564
1 125 1.562
1 146 1.556
1 213 1.556
1 210 1.548
1 24 1.548
1 218 1.542
1 79 1.538
1 243 1.538
1 133 1.536
1 130 1.53
1 132 1.528
1 42 1.528
1 226 1.528
1 66 1.52
1 144 1.518
1 111 1.516
1 25 1.514
1 48 1.514
1 110 1.512
1 35 1.51
1 198 1.51
1 242 1.51
1 64 1.508
1 207 1.504
1 92 1.5
1 121 1.496
1 143 1.496
1 221 1.496
1 68 1.49
1 26 1.49
1 16 1.49
1 91 1.49
1 77 1.484
1 108 1.48
1 61 1.476
1 76 1.476
1 17 1.474
1 38 1.472
1 8 1.466
1 239 1.466
1 173 1.464
1 86 1.462
1 129 1.458
1 180 1.458
1 118 1.454
1 12 1.452
1 119 1.448
1 67 1.448
1 245 1.444
1 139 1.44
1 104 1.438
1 18 1.436
1 183 1.434
1 225 1.432
1 124 1.43
1 5 1.426
1 197 1.42
1 58 1.42
1 215 1.418
1 220 1.418
1 209 1.416
1 13 1.416
1 60 1.414
1 1 1.412
1 78 1.41
1 181 1.41
1 102 1.406
1 137 1.406
1 219 1.406
1 142 1.404
1 97 1.388
1 184 1.386
1 186 1.386
1 223 1.384
1 39 1.38
1 214 1.378
1 96 1.376
1 174 1.374
1 156 1.37
1 227 1.37
1 187 1.364
1 136 1.364
1 172 1.358
1 107 1.358
1 126 1.352
1 128 1.348
1 51 1.338
1 70 1.334
1 177 1.33
1 89 1.326
1 192 1.314
1 179 1.312
1 188 1.31
1 69 1.308
1 222 1.306
1 93 1.304
1 235 1.294
1 10 1.29
1 212 1.288
1 171 1.288
1 15 1.284
1 54 1.282
1 19 1.276
1 148 1.274
1 169 1.264
1 189 1.262
1 30 1.262
1 49 1.26
1 109 1.26
1 81 1.236
1 82 1.236
1 116 1.232
1 233 1.23
1 236 1.228
1 228 1.214
1 224 1.212
1 34 1.208
1 50 1.208
1 63 1.206
1 193 1.202
1 59 1.2
1 244 1.198
1 208 1.19
1 238 1.184
1 65 1.182
1 85 1.162
1 134 1.148
1 178 1.126
1 204 1.12
1 161 1.118
1 206 1.116
1 47 1.11
1 151 1.108
1 21 1.098
1 230 1.098
1 166 1.09
1 159 1.088
1 170 1.086
1 73 1.082
1 62 1.058
2 122 3.756
2 141 3.048
2 36 2.924
2 29 2.874
2 11 2.54
2 46 2.442
2 216 2.398
2 100 2.34
2 232 2.278
2 231 2.272
2 55 2.27
2 191 2.238
2 190 2.174
2 217 2.17
2 20 2.164
2 3 2.164
2 98 2.156
2 93 2.15
2 41 2.128
2 176 2.094
2 87 2.036
2 127 2.034
2 145 2.032
2 42 2.03
2 90 2.024
2 182 2.024
2 237 1.998
2 242 1.996
2 28 1.976
2 144 1.938
2 31 1.938
2 135 1.926
2 45 1.91
2 143 1.89
2 133 1.87
2 123 1.858
2 56 1.854
2 147 1.852
2 43 1.85
2 146 1.848
2 6 1.84
2 138 1.828
2 99 1.816
2 148 1.81
2 96 1.806
2 17 1.806
2 101 1.8
2 163 1.798
2 94 1.798
2 37 1.786
2 150 1.786
2 218 1.784
2 194 1.772
2 106 1.762
2 27 1.754
2 234 1.748
2 198 1.744
2 125 1.742
2 65 1.736
2 23 1.724
2 109 1.718
2 209 1.718
2 118 1.718
2 81 1.718
2 130 1.716
2 229 1.714
2 140 1.714
2 189 1.712
2 44 1.706
2 128 1.696
2 131 1.688
2 92 1.682
2 95 1.682
2 22 1.68
2 33 1.68
2 207 1.67
2 54 1.668
2 215 1.666
2 139 1.666
2 69 1.66
2 102 1.658
2 76 1.656
2 168 1.65
2 136 1.644
2 175 1.644
2 230 1.64
2 80 1.638
2 82 1.63
2 32 1.628
2 83 1.628
2 4 1.626
2 240 1.62
2 222 1.62
2 7 1.616
2 8 1.612
2 185 1.608
2 21 1.608
2 39 1.606
2 120 1.604
2 159 1.6
2 53 1.596
2 172 1.596
2 157 1.594
2 1 1.592
2 132 1.578
2 12 1.576
2 16 1.574
2 34 1.572
2 173 1.572
2 51 1.57
2 225 1.562
2 212 1.558
2 224 1.556
2 30 1.55
2 226 1.548
2 188 1.542
2 121 1.542
2 52 1.538
2 77 1.534
2 5 1.532
2 187 1.532
2 19 1.532
2 152 1.53
2 238 1.528
2 137 1.526
2 105 1.524
2 213 1.522
2 124 1.52
2 129 1.52
2 108 1.518
2 155 1.518
2 15 1.516
2 126 1.516
2 57 1.514
2 186 1.514
2 193 1.512
2 89 1.51
2 183 1.51
2 184 1.508
2 103 1.506
2 149 1.498
2 119 1.496
2 200 1.492
2 236 1.484
2 49 1.478
2 85 1.478
2 110 1.478
2 58 1.472
2 40 1.468
2 48 1.466
2 13 1.464
2 208 1.462
2 47 1.458
2 9 1.458
2 66 1.454
2 10 1.452
2 211 1.452
2 219 1.448
2 153 1.438
2 179 1.436
2 72 1.436
2 192 1.434
2 177 1.432
2 174 1.42
2 178 1.42
2 233 1.418
2 18 1.412
2 181 1.412
2 142 1.41
2 221 1.404
2 169 1.402
2 35 1.4
2 151 1.4
2 235 1.398
2 2 1.396
2 111 1.388
2 220 1.388
2 62 1.386
2 14 1.386
2 78 1.38
2 134 1.38
2 26 1.38
2 71 1.378
2 180 1.374
2 60 1.37
2 197 1.366
2 97 1.364
2 117 1.358
2 223 1.358
2 67 1.352
2 73 1.342
2 84 1.338
2 61 1.338
2 245 1.334
2 227 1.328
2 156 1.318
2 59 1.318
2 210 1.314
2 199 1.31
2 24 1.3
2 170 1.292
2 104 1.288
2 160 1.284
2 206 1.274
2 171 1.264
2 239 1.264
2 113 1.246
2 107 1.236
2 228 1.23
2 63 1.22
2 205 1.218
2 38 1.218
2 196 1.208
2 70 1.206
2 214 1.2
2 164 1.2
2 64 1.172
2 88 1.152
2 75 1.15
2 68 1.14
2 161 1.138
2 244 1.138
2 86 1.136
2 202 1.136
2 74 1.136
2 114 1.124
2 25 1.12
2 243 1.114
2 204 1.108
2 116 1.104
2 91 1.078
3 141 3.126
3 122 3.038
3 214 2.604
3 232 2.592
3 100 2.568
3 125 2.522
3 127 2.466
3 94 2.416
3 242 2.4
3 233 2.386
3 118 2.386
3 123 2.324
3 36 2.32
3 163 2.316
3 225 2.306
3 164 2.298
3 44 2.284
3 182 2.282
3 95 2.276
3 145 2.266
3 58 2.252
3 230 2.236
3 31 2.21
3 54 2.202
3 99 2.2
3 218 2.194
3 120 2.19
3 48 2.146
3 133 2.136
3 35 2.122
3 29 2.112
3 98 2.098
3 3 2.062
3 147 2.052
3 102 2.04
3 119 2.036
3 191 2.028
3 81 2.024
3 139 2.01
3 226 2.004
3 47 1.992
3 135 1.966
3 229 1.966
3 216 1.958
3 209 1.956
3 222 1.952
3 8 1.95
3 93 1.95
3 51 1.95
3 41 1.95
3 5 1.942
3 215 1.934
3 57 1.912
3 217 1.91
3 234 1.908
3 78 1.904
3 190 1.902
3 111 1.9
3 30 1.888
3 224 1.888
3 108 1.864
3 62 1.86
3 106 1.856
3 69 1.854
3 17 1.848
3 20 1.844
3 12 1.842
3 146 1.836
3 171 1.836
3 60 1.834
3 144 1.832
3 37 1.828
3 193 1.828
3 188 1.826
3 239 1.812
3 155 1.81
3 148 1.808
3 50 1.802
3 65 1.8
3 140 1.792
3 220 1.782
3 61 1.778
3 52 1.776
3 175 1.772
3 142 1.768
3 245 1.768
3 231 1.76
3 180 1.754
3 34 1.746
3 23 1.74
3 167 1.726
3 4 1.716
3 126 1.716
3 185 1.714
3 143 1.71
3 43 1.71
3 1 1.708
3 152 1.708
3 84 1.702
3 194 1.698
3 103 1.692
3 236 1.688
3 79 1.684
3 90 1.684
3 173 1.684
3 169 1.684
3 28 1.68
3 16 1.68
3 176 1.68
3 187 1.674
3 240 1.672
3 128 1.668
3 183 1.656
3 42 1.656
3 124 1.654
3 22 1.65
3 212 1.65
3 109 1.648
3 39 1.642
3 151 1.642
3 96 1.636
3 132 1.632
3 121 1.628
3 204 1.626
3 181 1.616
3 186 1.616
3 15 1.614
3 129 1.6
3 206 1.582
3 243 1.582
3 46 1.576
3 86 1.574
3 71 1.574
3 235 1.572
3 221 1.57
3 67 1.566
3 149 1.566
3 168 1.562
3 200 1.562
3 40 1.56
3 137 1.56
3 97 1.558
3 223 1.546
3 130 1.546
3 199 1.544
3 10 1.542
3 177 1.532
3 174 1.53
3 238 1.528
3 104 1.528
3 227 1.528
3 82 1.522
3 162 1.522
3 87 1.52
3 55 1.516
3 9 1.516
3 19 1.516
3 170 1.512
3 172 1.51
3 49 1.504
3 92 1.5
3 11 1.5
3 114 1.5
3 150 1.498
3 237 1.492
3 192 1.48
3 2 1.476
3 166 1.47
3 53 1.464
3 158 1.46
3 153 1.46
3 189 1.456
3 198 1.454
3 56 1.452
3 27 1.434
3 131 1.434
3 7 1.422
3 219 1.412
3 184 1.384
3 115 1.382
3 112 1.366
3 38 1.364
3 33 1.358
3 83 1.356
3 228 1.348
3 59 1.346
3 136 1.342
3 101 1.34
3 64 1.338
3 6 1.336
3 26 1.33
3 157 1.326
3 207 1.32
3 179 1.306
3 14 1.298
3 32 1.292
3 21 1.288
3 110 1.288
3 76 1.288
3 246 1.288
3 134 1.284
3 45 1.278
3 18 1.268
3 25 1.262
3 178 1.26
3 63 1.236
3 88 1.234
3 202 1.224
3 241 1.222
3 68 1.216
3 213 1.194
3 210 1.192
3 13 1.192
3 70 1.188
3 91 1.188
3 113 1.174
3 89 1.174
3 24 1.172
3 208 1.172
3 196 1.166
3 80 1.16
3 74 1.152
3 66 1.144
3 72 1.142
3 161 1.138
3 105 1.136
3 159 1.134
3 138 1.132
