1 25 2.372
1 44 2.368
1 51 2.184
1 24 2.182
1 27 2.18
1 34 2.06
1 35 1.994
1 52 1.972
1 23 1.866
1 33 1.856
1 31 1.81
1 46 1.768
1 18 1.766
1 32 1.746
1 28 1.708
1 40 1.696
1 17 1.696
1 36 1.694
1 21 1.666
1 8 1.636
1 57 1.634
1 26 1.628
1 58 1.624
1 9 1.62
1 15 1.618
1 7 1.61
1 6 1.606
1 50 1.594
1 29 1.594
1 13 1.592
1 43 1.588
1 4 1.588
1 3 1.556
1 10 1.552
1 47 1.552
1 54 1.55
1 20 1.544
1 19 1.538
1 11 1.528
1 56 1.524
1 45 1.512
1 49 1.508
1 59 1.506
1 12 1.496
1 55 1.496
1 16 1.45
1 42 1.438
1 30 1.418
1 14 1.41
1 41 1.408
1 48 1.354
1 61 1.354
1 38 1.304
1 5 1.284
1 53 1.248
1 37 1.23
1 1 1.202
1 39 1.18
1 22 1.12
1 2 1.084
2 51 2.08
2 34 2.076
2 23 2.074
2 44 1.948
2 26 1.944
2 30 1.912
2 39 1.89
2 13 1.888
2 7 1.884
2 19 1.87
2 31 1.78
2 46 1.756
2 33 1.736
2 28 1.652
2 21 1.64
2 29 1.59
2 8 1.5
2 47 1.496
2 5 1.476
2 37 1.43
2 17 1.428
2 12 1.424
2 4 1.422
2 24 1.414
2 56 1.408
2 50 1.298
2 58 1.274
2 15 1.256
2 9 1.238
2 27 1.2
2 16 1.126
2 53 1.114
3 26 3.016
3 46 2.922
3 23 2.51
3 49 2.42
3 33 2.394
3 28 2.332
3 36 2.296
3 30 2.25
3 18 1.948
3 52 1.902
3 27 1.862
3 6 1.802
3 48 1.722
3 4 1.474
3 54 1.404
3 13 1.396
3 12 1.394
3 14 1.384
3 11 1.368
3 38 1.368
3 8 1.362
3 37 1.356
3 39 1.334
3 55 1.334
3 10 1.32
4 23 2.9
4 25 2.31
4 35 2.258
4 31 2.19
4 46 2.112
4 34 2.05
4 50 2.002
4 33 1.954
4 45 1.928
4 20 1.854
4 19 1.812
4 37 1.788
4 8 1.7
4 17 1.686
4 24 1.676
4 42 1.666
4 48 1.632
4 40 1.618
4 52 1.582
4 47 1.554
4 5 1.554
4 15 1.53
4 39 1.482
4 28 1.47
4 56 1.47
4 36 1.458
4 41 1.424
4 12 1.34
4 49 1.32
4 29 1.316
4 43 1.266
4 51 1.258
4 55 1.252
4 9 1.24
4 13 1.234
4 6 1.232
4 32 1.218
4 4 1.216
4 16 1.2
4 14 1.192
4 10 1.154
4 30 1.126
4 58 1.114
4 38 1.114
4 11 1.098
4 61 1.096
4 44 1.084
5 7 2.934
5 44 2.346
5 51 2.21
5 11 2.14
5 21 2.108
5 26 2.07
5 46 1.876
5 8 1.774
5 2 1.766
5 13 1.686
5 3 1.654
5 18 1.65
5 34 1.624
5 6 1.608
5 40 1.578
5 41 1.548
5 31 1.536
5 20 1.5
5 23 1.482
5 5 1.464
5 37 1.46
5 45 1.438
5 36 1.426
5 32 1.394
5 57 1.39
5 42 1.386
5 10 1.372
5 19 1.368
5 15 1.348
5 52 1.344
5 12 1.316
5 33 1.308
5 48 1.306
5 30 1.302
5 35 1.294
5 16 1.288
5 47 1.274
5 55 1.266
5 4 1.266
5 60 1.252
5 27 1.252
5 38 1.242
5 24 1.238
5 28 1.226
5 58 1.22
5 39 1.214
5 17 1.21
5 56 1.208
5 50 1.2
5 54 1.194
5 61 1.186
5 25 1.182
5 14 1.168
5 53 1.154
5 22 1.152
5 59 1.146
5 29 1.14
5 49 1.122
5 43 1.122
5 9 1.112
