1 39 2.764
1 22 2.154
1 24 1.882
1 1 1.666
1 3 1.598
1 37 1.488
1 28 1.472
1 45 1.38
1 33 1.26
1 282 1.082
1 460 1.058
1 565 1.058
1 243 1.054
1 197 1.05
1 252 1.05
1 747 1.048
1 387 1.046
1 527 1.046
1 600 1.046
1 536 1.044
1 466 1.044
1 941 1.044
1 345 1.044
1 604 1.044
1 568 1.044
1 186 1.044
1 338 1.042
1 683 1.042
1 428 1.04
1 509 1.04
1 293 1.04
1 405 1.04
1 349 1.04
1 218 1.038
1 284 1.038
1 528 1.038
1 606 1.038
1 665 1.038
1 487 1.038
1 296 1.038
1 66 1.038
1 696 1.036
1 602 1.036
1 285 1.036
1 492 1.036
1 475 1.036
1 581 1.036
1 351 1.036
1 515 1.036
1 196 1.034
1 698 1.034
1 325 1.034
1 577 1.034
1 505 1.034
1 56 1.034
1 542 1.032
1 593 1.032
1 223 1.032
1 493 1.032
1 520 1.032
1 479 1.032
1 875 1.032
1 471 1.032
1 899 1.032
1 971 1.032
1 766 1.032
1 532 1.032
1 884 1.032
1 274 1.032
1 907 1.032
1 508 1.032
1 886 1.032
1 454 1.032
1 612 1.032
1 504 1.032
1 523 1.032
1 403 1.03
1 719 1.03
1 490 1.03
1 613 1.03
1 544 1.03
1 569 1.03
1 594 1.03
1 409 1.03
1 724 1.03
1 573 1.03
1 640 1.03
1 8 1.03
1 239 1.03
1 823 1.03
1 290 1.03
1 529 1.03
1 84 1.03
1 256 1.03
1 556 1.03
1 133 1.03
1 853 1.03
1 71 1.03
1 169 1.03
1 482 1.03
1 491 1.028
1 722 1.028
1 468 1.028
1 494 1.028
1 128 1.028
1 548 1.028
1 450 1.028
1 391 1.028
1 326 1.028
1 847 1.028
1 500 1.028
1 578 1.028
1 730 1.028
1 262 1.028
1 361 1.028
1 711 1.028
1 560 1.028
1 385 1.028
1 456 1.028
1 540 1.028
1 959 1.028
1 449 1.028
1 836 1.026
1 776 1.026
1 465 1.026
1 653 1.026
1 896 1.026
1 677 1.026
1 41 1.026
1 369 1.026
1 844 1.026
1 180 1.026
1 502 1.026
1 922 1.026
1 619 1.026
1 412 1.026
1 902 1.026
1 553 1.026
1 79 1.026
1 503 1.026
1 904 1.026
1 927 1.026
1 478 1.026
1 341 1.026
1 507 1.026
1 772 1.026
1 175 1.026
1 616 1.026
1 359 1.026
1 868 1.024
1 937 1.024
1 915 1.024
1 592 1.024
1 347 1.024
1 219 1.024
1 918 1.024
1 23 1.024
1 546 1.024
1 798 1.024
1 944 1.024
1 575 1.024
1 846 1.024
1 801 1.024
1 473 1.024
1 659 1.024
1 880 1.024
1 501 1.024
1 530 1.024
1 973 1.024
1 732 1.024
1 686 1.024
1 337 1.024
1 558 1.024
1 275 1.024
1 854 1.024
1 650 1.024
1 348 1.024
1 375 1.024
1 610 1.024
1 713 1.024
1 511 1.024
1 980 1.024
1 889 1.024
1 791 1.024
1 1002 1.024
1 353 1.022
1 305 1.022
1 938 1.022
1 961 1.022
1 595 1.022
1 281 1.022
1 676 1.022
1 445 1.022
1 965 1.022
1 597 1.022
1 572 1.022
1 920 1.022
1 598 1.022
1 522 1.022
1 549 1.022
1 657 1.022
1 877 1.022
1 498 1.022
1 681 1.022
1 73 1.022
1 924 1.022
1 947 1.022
1 970 1.022
1 416 1.022
1 705 1.022
1 682 1.022
1 427 1.022
1 524 1.022
1 25 1.022
1 561 1.022
1 531 1.022
1 852 1.022
1 374 1.022
1 689 1.022
1 932 1.022
1 448 1.022
1 748 1.022
1 458 1.022
1 485 1.022
1 865 1.022
1 587 1.022
1 513 1.022
1 47 1.022
1 514 1.022
1 982 1.022
1 671 1.022
1 461 1.022
1 672 1.02
1 792 1.02
1 869 1.02
1 354 1.02
1 10 1.02
1 841 1.02
1 699 1.02
1 919 1.02
1 638 1.02
1 211 1.02
1 655 1.02
1 898 1.02
1 656 1.02
1 945 1.02
1 472 1.02
1 878 1.02
1 728 1.02
1 474 1.02
1 763 1.02
1 729 1.02
1 825 1.02
1 926 1.02
1 804 1.02
1 826 1.02
1 782 1.02
1 292 1.02
1 580 1.02
1 806 1.02
1 506 1.02
1 373 1.02
1 863 1.02
1 628 1.02
1 979 1.02
1 512 1.02
1 740 1.02
1 995 1.02
1 563 1.02
1 866 1.02
1 867 1.02
1 694 1.02
1 389 1.02
1 451 1.02
1 891 1.018
1 634 1.018
1 816 1.018
1 939 1.018
1 674 1.018
1 720 1.018
1 406 1.018
1 652 1.018
1 795 1.018
1 872 1.018
1 1005 1.018
1 311 1.018
1 407 1.018
1 571 1.018
1 942 1.018
1 700 1.018
1 759 1.018
1 967 1.018
1 424 1.018
1 876 1.018
1 574 1.018
1 968 1.018
1 641 1.018
1 550 1.018
1 822 1.018
1 74 1.018
1 603 1.018
1 414 1.018
1 824 1.018
1 925 1.018
1 948 1.018
1 462 1.018
1 300 1.018
1 855 1.018
1 805 1.018
1 301 1.018
1 906 1.018
1 664 1.018
1 976 1.018
1 746 1.018
1 830 1.018
1 666 1.018
1 809 1.018
1 535 1.018
1 584 1.018
1 738 1.018
1 667 1.018
1 910 1.018
1 956 1.018
1 668 1.018
1 834 1.018
1 935 1.018
1 890 1.018
1 564 1.018
1 774 1.018
1 813 1.018
1 304 1.018
1 141 1.018
1 297 1.018
1 775 1.016
1 815 1.016
1 837 1.016
1 870 1.016
1 817 1.016
1 518 1.016
1 12 1.016
1 895 1.016
1 114 1.016
1 321 1.016
1 843 1.016
1 410 1.016
1 639 1.016
1 390 1.016
1 226 1.016
1 496 1.016
1 323 1.016
1 5 1.016
1 378 1.016
1 821 1.016
1 923 1.016
1 18 1.016
1 658 1.016
1 704 1.016
1 901 1.016
1 620 1.016
1 251 1.016
1 780 1.016
1 849 1.016
1 972 1.016
1 622 1.016
1 645 1.016
1 554 1.016
1 430 1.016
1 255 1.016
1 708 1.016
1 731 1.016
1 882 1.016
1 905 1.016
1 734 1.016
1 607 1.016
1 608 1.016
1 930 1.016
1 861 1.016
1 885 1.016
1 534 1.016
1 908 1.016
1 931 1.016
1 453 1.016
1 170 1.016
1 864 1.016
1 629 1.016
1 691 1.016
1 957 1.016
1 789 1.016
1 773 1.016
1 631 1.016
1 790 1.016
1 58 1.016
1 589 1.016
1 48 1.016
1 717 1.016
1 985 1.016
1 489 1.014
1 543 1.014
1 174 1.014
1 319 1.014
1 963 1.014
1 51 1.014
1 519 1.014
1 360 1.014
1 570 1.014
1 320 1.014
1 819 1.014
1 363 1.014
1 495 1.014
1 213 1.014
1 322 1.014
1 966 1.014
1 470 1.014
1 725 1.014
1 6 1.014
1 800 1.014
1 601 1.014
1 576 1.014
1 552 1.014
1 779 1.014
1 879 1.014
1 949 1.014
1 765 1.014
1 742 1.014
1 850 1.014
1 709 1.014
1 883 1.014
1 88 1.014
1 952 1.014
1 557 1.014
1 857 1.014
1 745 1.014
1 829 1.014
1 953 1.014
1 626 1.014
1 649 1.014
1 583 1.014
1 954 1.014
1 712 1.014
1 859 1.014
1 280 1.014
1 833 1.014
1 302 1.014
1 614 1.014
1 913 1.014
1 814 1.014
1 62 1.014
1 336 1.014
1 315 1.012
1 633 1.012
1 591 1.012
1 333 1.012
1 962 1.012
1 635 1.012
1 794 1.012
1 917 1.012
1 940 1.012
1 721 1.012
1 818 1.012
1 756 1.012
1 342 1.012
1 723 1.012
1 547 1.012
1 820 1.012
1 521 1.012
1 678 1.012
1 599 1.012
1 845 1.012
1 726 1.012
1 72 1.012
1 526 1.012
1 240 1.012
1 499 1.012
1 802 1.012
1 327 1.012
1 706 1.012
1 661 1.012
1 476 1.012
1 371 1.012
1 951 1.012
1 974 1.012
1 372 1.012
1 744 1.012
1 65 1.012
1 768 1.012
1 807 1.012
1 54 1.012
1 688 1.012
1 134 1.012
1 362 1.012
1 831 1.012
1 771 1.012
1 860 1.012
1 383 1.012
1 484 1.012
1 832 1.012
1 933 1.012
1 788 1.012
1 934 1.012
1 46 1.012
1 692 1.012
1 912 1.012
1 303 1.012
1 588 1.012
1 716 1.012
1 936 1.012
1 615 1.012
1 632 1.012
1 590 1.012
1 68 1.012
1 344 1.012
1 566 1.01
1 306 1.01
1 839 1.01
1 871 1.01
1 675 1.01
1 392 1.01
1 313 1.01
1 964 1.01
1 637 1.01
1 596 1.01
1 224 1.01
1 797 1.01
1 469 1.01
1 225 1.01
1 943 1.01
1 585 1.01
1 921 1.01
1 238 1.01
1 680 1.01
1 618 1.01
1 425 1.01
1 900 1.01
1 762 1.01
1 298 1.01
1 660 1.01
1 903 1.01
1 707 1.01
1 291 1.01
1 662 1.01
1 827 1.01
1 851 1.01
1 783 1.01
1 856 1.01
1 929 1.01
1 625 1.01
1 808 1.01
1 343 1.01
1 481 1.01
1 737 1.01
1 559 1.01
1 483 1.01
1 95 1.01
1 978 1.01
1 42 1.01
1 690 1.01
1 651 1.01
1 787 1.01
1 994 1.01
1 888 1.01
1 173 1.01
1 538 1.01
1 287 1.01
1 486 1.01
1 539 1.01
1 958 1.01
1 741 1.01
1 670 1.01
1 488 1.01
1 447 1.01
1 986 1.01
1 988 1.01
1 752 1.008
1 516 1.008
1 753 1.008
1 331 1.008
1 567 1.008
1 355 1.008
1 318 1.008
1 838 1.008
1 335 1.008
1 358 1.008
1 894 1.008
1 1004 1.008
1 636 1.008
1 545 1.008
1 467 1.008
1 408 1.008
1 842 1.008
1 34 1.008
1 210 1.008
1 364 1.008
1 897 1.008
1 411 1.008
1 702 1.008
1 679 1.008
1 231 1.008
1 245 1.008
1 525 1.008
1 324 1.008
1 181 1.008
1 413 1.008
1 777 1.008
1 402 1.008
1 642 1.008
1 426 1.008
1 643 1.008
1 21 1.008
1 621 1.008
1 644 1.008
1 429 1.008
1 764 1.008
1 781 1.008
1 881 1.008
1 950 1.008
1 49 1.008
1 733 1.008
1 685 1.008
1 623 1.008
1 477 1.008
1 663 1.008
1 647 1.008
1 975 1.008
1 735 1.008
1 582 1.008
1 769 1.008
1 609 1.008
1 510 1.008
1 955 1.008
1 810 1.008
1 44 1.008
1 384 1.008
1 38 1.008
1 750 1.008
1 981 1.008
1 996 1.008
1 352 1.008
1 52 1.008
1 541 1.008
1 61 1.008
1 288 1.008
1 329 1.008
1 334 1.008
1 421 1.008
1 444 1.008
1 960 1.006
1 165 1.006
1 617 1.006
1 673 1.006
1 754 1.006
1 404 1.006
1 1003 1.006
1 697 1.006
1 244 1.006
1 840 1.006
1 339 1.006
1 796 1.006
1 4 1.006
1 701 1.006
1 551 1.006
1 778 1.006
1 20 1.006
1 848 1.006
1 803 1.006
1 370 1.006
1 646 1.006
1 87 1.006
1 928 1.006
1 63 1.006
1 648 1.006
1 69 1.006
1 858 1.006
1 909 1.006
1 887 1.006
1 611 1.006
1 739 1.006
1 562 1.006
1 350 1.006
1 811 1.006
1 749 1.006
1 669 1.006
1 630 1.006
1 289 1.006
1 751 1.006
1 365 1.006
1 914 1.004
1 264 1.004
1 793 1.004
1 893 1.004
1 283 1.004
1 755 1.004
1 312 1.004
1 873 1.004
1 757 1.004
1 654 1.004
1 368 1.004
1 423 1.004
1 799 1.004
1 703 1.004
1 761 1.004
1 946 1.004
1 415 1.004
1 459 1.004
1 328 1.004
1 579 1.004
1 767 1.004
1 828 1.004
1 784 1.004
1 533 1.004
1 785 1.004
1 862 1.004
1 627 1.004
1 770 1.004
1 156 1.004
1 537 1.004
1 586 1.004
1 714 1.004
1 286 1.004
1 812 1.004
1 386 1.004
1 835 1.004
1 60 1.004
1 695 1.002
1 718 1.002
1 310 1.002
1 464 1.002
1 2 1.002
1 916 1.002
1 340 1.002
1 874 1.002
1 758 1.002
1 760 1.002
1 684 1.002
1 605 1.002
1 555 1.002
1 743 1.002
1 624 1.002
1 710 1.002
1 480 1.002
1 736 1.002
1 977 1.002
1 55 1.002
1 786 1.002
1 992 1.002
1 715 1.002
1 693 1.002
1 330 1.002
1 892 1.0
1 517 1.0
1 497 1.0
1 236 1.0
1 969 1.0
1 727 1.0
1 241 1.0
1 299 1.0
1 687 1.0
1 911 1.0
1 176 1.0
2 3 2.476
2 33 1.25
2 24 1.164
2 28 1.132
2 45 1.096
2 1 1.088
2 22 1.058
2 187 1.046
2 181 1.04
2 98 1.04
2 243 1.04
2 37 1.038
2 20 1.038
2 13 1.036
2 376 1.034
2 176 1.034
2 191 1.032
2 264 1.032
2 255 1.032
2 158 1.03
2 307 1.03
2 90 1.03
2 114 1.028
2 257 1.028
2 17 1.028
2 272 1.028
2 87 1.028
2 120 1.028
2 39 1.028
2 166 1.028
2 210 1.028
2 70 1.026
2 137 1.026
2 170 1.026
2 171 1.026
2 119 1.026
2 197 1.026
2 10 1.026
2 144 1.026
2 199 1.026
2 256 1.026
2 202 1.024
2 258 1.024
2 105 1.024
2 138 1.024
2 204 1.024
2 5 1.024
2 248 1.024
2 172 1.024
2 173 1.024
2 152 1.024
2 27 1.024
2 44 1.024
2 124 1.024
2 245 1.024
2 81 1.022
2 180 1.022
2 224 1.022
2 93 1.022
2 94 1.022
2 116 1.022
2 160 1.022
2 150 1.022
2 161 1.022
2 271 1.022
2 367 1.022
2 151 1.022
2 75 1.022
2 217 1.022
2 7 1.022
2 108 1.022
2 142 1.022
2 241 1.022
2 422 1.022
2 188 1.022
2 134 1.022
2 222 1.022
2 233 1.022
2 71 1.02
2 16 1.02
2 128 1.02
2 332 1.02
2 184 1.02
2 261 1.02
2 141 1.02
2 174 1.02
2 451 1.02
2 11 1.02
2 254 1.02
2 280 1.02
2 201 1.02
2 65 1.02
2 125 1.018
2 72 1.018
2 270 1.018
2 196 1.018
2 19 1.018
2 273 1.018
2 131 1.018
2 219 1.018
2 143 1.018
2 438 1.018
2 29 1.018
2 275 1.018
2 79 1.018
2 446 1.018
2 276 1.018
2 211 1.018
2 440 1.018
2 102 1.018
2 135 1.018
2 212 1.018
2 66 1.018
2 444 1.018
2 92 1.016
2 136 1.016
2 147 1.016
2 169 1.016
2 82 1.016
2 268 1.016
2 23 1.016
2 115 1.016
2 127 1.016
2 84 1.016
2 183 1.016
2 205 1.016
2 6 1.016
2 86 1.016
2 378 1.016
2 186 1.016
2 263 1.016
2 198 1.016
2 78 1.016
2 133 1.016
2 244 1.016
2 279 1.016
2 179 1.016
2 384 1.016
2 42 1.014
2 95 1.014
2 139 1.014
2 377 1.014
2 96 1.014
2 129 1.014
2 239 1.014
2 394 1.014
2 436 1.014
2 8 1.014
2 274 1.014
2 165 1.014
2 55 1.014
2 242 1.014
2 397 1.014
2 112 1.014
2 145 1.014
2 278 1.014
2 167 1.014
2 178 1.014
2 69 1.014
2 91 1.014
2 266 1.014
2 989 1.014
2 289 1.014
2 302 1.014
2 67 1.014
2 390 1.014
2 246 1.012
2 148 1.012
2 331 1.012
2 225 1.012
2 247 1.012
2 149 1.012
2 226 1.012
2 117 1.012
2 392 1.012
2 260 1.012
2 993 1.012
2 118 1.012
2 195 1.012
2 206 1.012
2 228 1.012
2 449 1.012
2 240 1.012
2 389 1.012
2 164 1.012
2 77 1.012
2 21 1.012
2 89 1.012
2 155 1.012
2 177 1.012
2 25 1.012
2 380 1.012
2 291 1.012
2 80 1.012
2 190 1.012
2 441 1.012
2 296 1.012
2 56 1.012
2 311 1.012
2 998 1.012
2 1002 1.012
2 41 1.01
2 301 1.01
2 269 1.01
2 308 1.01
2 284 1.01
2 215 1.01
2 259 1.01
2 458 1.01
2 216 1.01
2 434 1.01
2 249 1.01
2 36 1.01
2 425 1.01
2 251 1.01
2 230 1.01
2 252 1.01
2 132 1.01
2 253 1.01
2 122 1.01
2 452 1.01
2 986 1.01
2 429 1.01
2 232 1.01
2 101 1.01
2 156 1.01
2 987 1.01
2 113 1.01
2 40 1.01
2 313 1.01
2 335 1.01
2 420 1.01
2 213 1.008
2 14 1.008
2 303 1.008
2 333 1.008
2 214 1.008
2 4 1.008
2 443 1.008
2 26 1.008
2 73 1.008
2 433 1.008
2 855 1.008
2 106 1.008
2 387 1.008
2 194 1.008
2 424 1.008
2 227 1.008
2 85 1.008
2 46 1.008
2 162 1.008
2 393 1.008
2 435 1.008
2 281 1.008
2 109 1.008
2 631 1.008
2 428 1.008
2 100 1.008
2 445 1.008
2 221 1.008
2 189 1.008
2 398 1.008
2 381 1.008
2 299 1.008
2 267 1.008
2 382 1.008
2 312 1.008
2 346 1.008
2 405 1.008
2 417 1.008
2 990 1.008
2 1004 1.006
2 203 1.006
2 418 1.006
2 347 1.006
2 423 1.006
2 43 1.006
2 361 1.006
2 293 1.006
2 74 1.006
2 238 1.006
2 388 1.006
2 463 1.006
2 343 1.006
2 18 1.006
2 97 1.006
2 250 1.006
2 163 1.006
2 426 1.006
2 262 1.006
2 38 1.006
2 35 1.006
2 395 1.006
2 52 1.006
2 121 1.006
2 154 1.006
2 209 1.006
2 231 1.006
2 111 1.006
2 63 1.006
2 439 1.006
2 51 1.006
2 430 1.006
2 12 1.006
2 292 1.006
2 168 1.006
2 300 1.006
2 356 1.006
2 992 1.006
2 997 1.006
2 103 1.004
2 401 1.004
2 2 1.004
2 235 1.004
2 159 1.004
2 432 1.004
2 15 1.004
2 236 1.004
2 366 1.004
2 314 1.004
2 47 1.004
2 34 1.004
2 363 1.004
2 175 1.004
2 9 1.004
2 88 1.004
2 379 1.004
2 123 1.004
2 146 1.004
2 157 1.004
2 399 1.004
2 223 1.004
2 442 1.004
2 991 1.004
2 999 1.004
2 1000 1.004
2 126 1.002
2 456 1.002
2 193 1.002
2 237 1.002
2 140 1.002
2 130 1.002
2 185 1.002
2 76 1.002
2 229 1.002
2 153 1.002
2 437 1.002
2 53 1.002
2 277 1.002
2 265 1.002
2 453 1.002
2 200 1.002
2 64 1.002
2 431 1.002
2 455 1.002
2 317 1.002
2 309 1.002
2 310 1.002
2 357 1.002
2 419 1.002
2 1001 1.002
2 104 1.0
2 192 1.0
2 83 1.0
2 457 1.0
2 182 1.0
2 107 1.0
2 207 1.0
2 218 1.0
2 48 1.0
2 450 1.0
2 208 1.0
2 427 1.0
2 99 1.0
2 110 1.0
2 396 1.0
2 220 1.0
2 454 1.0
2 234 1.0
2 400 1.0
3 1 2.58
3 22 2.312
3 28 2.246
3 316 1.778
3 31 1.756
3 32 1.71
3 30 1.696
3 58 1.584
3 33 1.58
3 45 1.536
3 295 1.472
3 19 1.446
3 492 1.446
3 11 1.444
3 293 1.442
3 388 1.436
3 294 1.412
3 128 1.398
3 285 1.396
3 284 1.388
3 12 1.374
3 279 1.374
3 50 1.374
3 3 1.36
3 48 1.29
3 289 1.29
3 59 1.268
3 47 1.262
3 407 1.214
3 4 1.204
3 342 1.204
3 448 1.178
3 39 1.178
3 57 1.152
4 28 2.856
4 45 2.364
4 48 2.332
4 3 2.312
4 47 2.28
4 46 1.712
4 55 1.708
4 20 1.664
4 290 1.644
4 33 1.626
4 291 1.592
4 289 1.578
4 95 1.55
4 983 1.528
4 984 1.516
4 23 1.444
4 387 1.304
4 51 1.304
4 22 1.302
4 277 1.296
4 24 1.28
