1 17 2.266
1 16 2.266
1 4 2.08
1 13 2.072
1 35 2.066
1 12 2.044
1 38 2.022
1 28 2.01
1 49 1.978
1 26 1.972
1 30 1.948
1 42 1.948
1 43 1.94
1 2 1.882
1 34 1.824
1 31 1.82
1 11 1.81
1 22 1.798
1 24 1.706
1 27 1.7
1 21 1.686
1 29 1.676
1 14 1.666
1 40 1.624
1 39 1.6
1 9 1.596
1 32 1.572
1 61 1.556
1 25 1.54
1 45 1.538
1 51 1.53
1 20 1.524
1 60 1.512
1 36 1.51
1 10 1.49
1 8 1.488
1 46 1.484
1 58 1.478
1 57 1.472
1 15 1.466
1 59 1.442
1 70 1.44
1 54 1.424
1 1 1.42
1 41 1.416
1 56 1.4
1 52 1.388
1 53 1.384
1 5 1.372
1 44 1.37
1 50 1.354
1 3 1.352
1 6 1.35
1 47 1.346
1 19 1.308
1 48 1.298
1 23 1.292
1 7 1.264
1 18 1.244
1 68 1.234
1 66 1.232
1 63 1.226
1 37 1.212
1 69 1.194
1 64 1.18
1 33 1.178
1 71 1.134
1 67 1.11
1 62 1.048
1 55 1.022
1 65 1.02
2 26 2.202
2 41 2.086
2 13 2.084
2 65 2.038
2 12 1.988
2 24 1.924
2 56 1.904
2 28 1.864
2 66 1.858
2 22 1.854
2 27 1.846
2 52 1.812
2 19 1.8
2 11 1.776
2 55 1.77
2 31 1.758
2 42 1.752
2 51 1.746
2 54 1.744
2 15 1.724
2 64 1.718
2 20 1.714
2 30 1.708
2 4 1.702
2 21 1.676
2 33 1.652
2 5 1.648
2 1 1.646
2 40 1.64
2 57 1.636
2 39 1.628
2 29 1.604
2 35 1.59
2 36 1.58
2 67 1.58
2 38 1.576
2 50 1.568
2 71 1.564
2 43 1.56
2 58 1.558
2 48 1.556
2 34 1.552
2 23 1.546
2 49 1.542
2 60 1.51
2 45 1.508
2 17 1.498
2 16 1.462
2 32 1.456
2 69 1.452
2 70 1.438
2 62 1.436
2 3 1.43
2 68 1.426
2 6 1.424
2 8 1.424
2 46 1.42
2 9 1.414
2 14 1.396
2 2 1.362
2 10 1.354
2 25 1.348
2 63 1.338
2 18 1.334
2 59 1.314
2 7 1.248
2 61 1.184
2 37 1.166
2 53 1.164
2 44 1.146
2 47 1.132
3 22 2.338
3 26 2.31
3 16 2.3
3 17 2.218
3 4 2.046
3 19 2.026
3 32 1.996
3 24 1.926
3 31 1.922
3 28 1.92
3 15 1.908
3 12 1.862
3 29 1.83
3 38 1.778
3 13 1.774
3 40 1.764
3 5 1.706
3 43 1.694
3 18 1.676
3 41 1.674
3 39 1.652
3 2 1.632
3 63 1.624
3 55 1.624
3 62 1.604
3 11 1.596
3 6 1.592
3 49 1.584
3 65 1.564
3 54 1.554
3 35 1.546
3 61 1.544
3 51 1.538
3 27 1.51
3 45 1.502
3 33 1.494
3 36 1.478
3 23 1.476
3 59 1.468
3 50 1.464
3 14 1.462
3 46 1.458
3 58 1.456
3 34 1.45
3 42 1.444
3 66 1.442
3 30 1.434
3 56 1.432
3 48 1.422
3 60 1.42
3 10 1.42
3 52 1.418
3 70 1.406
3 57 1.394
3 68 1.38
3 44 1.358
3 25 1.358
3 21 1.354
3 1 1.332
3 64 1.33
3 9 1.322
3 53 1.314
3 69 1.294
3 20 1.29
3 37 1.254
3 67 1.248
3 71 1.222
3 7 1.212
3 47 1.202
3 3 1.176
