1 639 3.914
1 816 1.676
1 1412 1.562
1 1158 1.46
1 1587 1.292
1 293 1.27
1 1293 1.236
1 432 1.222
1 719 1.088
1 169 1.084
1 1542 1.082
1 1331 1.078
1 22 1.078
1 1341 1.078
1 1409 1.074
1 394 1.072
1 1736 1.07
1 542 1.068
1 1235 1.066
1 502 1.066
1 259 1.066
1 2262 1.066
1 35 1.066
1 1738 1.066
1 14 1.064
1 382 1.064
1 276 1.064
1 567 1.064
1 1554 1.064
1 501 1.064
1 2155 1.064
1 679 1.064
1 1340 1.062
1 673 1.06
1 798 1.06
1 295 1.06
1 101 1.06
1 151 1.06
1 411 1.06
1 1212 1.06
1 629 1.058
1 38 1.058
1 1342 1.056
1 1628 1.056
1 220 1.056
1 1178 1.056
1 383 1.054
1 106 1.052
1 1423 1.052
1 925 1.052
1 1639 1.052
1 2085 1.052
1 76 1.05
1 519 1.05
1 757 1.05
1 715 1.05
1 691 1.048
1 1319 1.048
1 599 1.048
1 934 1.048
1 2109 1.048
1 905 1.048
1 979 1.048
1 2064 1.048
1 290 1.048
1 2322 1.048
1 258 1.048
1 222 1.048
1 904 1.048
1 2033 1.046
1 1350 1.046
1 875 1.046
1 2110 1.046
1 1429 1.046
1 29 1.046
1 2266 1.046
1 931 1.046
1 623 1.046
1 976 1.046
1 2635 1.046
1 670 1.044
1 56 1.044
1 2254 1.044
1 766 1.044
1 2211 1.044
1 1075 1.044
1 666 1.044
1 1135 1.042
1 1842 1.042
1 754 1.042
1 2305 1.042
1 642 1.042
1 1001 1.042
1 538 1.042
1 25 1.042
1 663 1.042
1 2276 1.042
1 1221 1.042
1 366 1.042
1 1903 1.042
1 1855 1.04
1 786 1.04
1 796 1.04
1 149 1.04
1 2317 1.04
1 239 1.04
1 1632 1.04
1 2141 1.04
1 2332 1.04
1 2268 1.04
1 32 1.04
1 701 1.038
1 2293 1.038
1 1481 1.038
1 2234 1.038
1 2048 1.038
1 1861 1.038
1 435 1.038
1 1991 1.038
1 2189 1.038
1 880 1.038
1 1541 1.038
1 2077 1.038
1 89 1.038
1 180 1.038
1 2037 1.036
1 2235 1.036
1 1378 1.036
1 945 1.036
1 212 1.036
1 953 1.036
1 1206 1.036
1 712 1.036
1 73 1.036
1 1202 1.036
1 627 1.034
1 713 1.034
1 2097 1.034
1 1594 1.034
1 761 1.034
1 397 1.034
1 895 1.034
1 434 1.034
1 2239 1.034
1 903 1.034
1 2112 1.034
1 2113 1.034
1 494 1.034
1 2059 1.034
1 2063 1.034
1 1940 1.034
1 1092 1.034
1 2263 1.034
1 1949 1.034
1 1894 1.034
1 44 1.034
1 668 1.034
1 1589 1.032
1 682 1.032
1 2106 1.032
1 2304 1.032
1 196 1.032
1 1425 1.032
1 1866 1.032
1 942 1.032
1 2122 1.032
1 1159 1.032
1 1760 1.032
1 504 1.032
1 554 1.032
1 669 1.03
1 662 1.03
1 2226 1.03
1 1847 1.03
1 1974 1.03
1 1099 1.03
1 790 1.03
1 2231 1.03
1 888 1.03
1 1982 1.03
1 769 1.03
1 896 1.03
1 635 1.03
1 1436 1.03
1 2139 1.03
1 2315 1.03
1 1936 1.03
1 1405 1.03
1 1621 1.03
1 1939 1.03
1 528 1.03
1 2198 1.03
1 2071 1.03
1 2201 1.03
1 2144 1.03
1 2016 1.03
1 1081 1.03
1 2031 1.028
1 100 1.028
1 1312 1.028
1 509 1.028
1 102 1.028
1 104 1.028
1 2165 1.028
1 183 1.028
1 1849 1.028
1 2038 1.028
1 2042 1.028
1 2107 1.028
1 216 1.028
1 1602 1.028
1 1005 1.028
1 923 1.028
1 1461 1.028
1 148 1.028
1 1467 1.028
1 2121 1.028
1 1995 1.028
1 1871 1.028
1 61 1.028
1 2061 1.028
1 980 1.028
1 1513 1.028
1 1874 1.028
1 2002 1.028
1 1030 1.028
1 529 1.028
1 1100 1.028
1 31 1.028
1 1148 1.028
1 1890 1.028
1 2271 1.028
1 1039 1.028
1 625 1.028
1 1182 1.028
1 2021 1.028
1 1900 1.028
1 510 1.026
1 103 1.026
1 2164 1.026
1 109 1.026
1 2043 1.026
1 1917 1.026
1 1603 1.026
1 2111 1.026
1 2049 1.026
1 1926 1.026
1 2374 1.026
1 2313 1.026
1 2318 1.026
1 2253 1.026
1 1553 1.026
1 1877 1.026
1 1008 1.026
1 331 1.026
1 876 1.026
1 1878 1.026
1 1941 1.026
1 117 1.026
1 310 1.026
1 2011 1.026
1 1519 1.026
1 1712 1.026
1 1892 1.026
1 1895 1.026
1 499 1.026
1 1902 1.026
1 2157 1.026
1 2221 1.026
1 1972 1.024
1 6 1.024
1 1593 1.024
1 794 1.024
1 2170 1.024
1 8 1.024
1 685 1.024
1 407 1.024
1 512 1.024
1 897 1.024
1 1832 1.024
1 1428 1.024
1 2115 1.024
1 390 1.024
1 2246 1.024
1 2248 1.024
1 1931 1.024
1 946 1.024
1 2438 1.024
1 1873 1.024
1 1875 1.024
1 2255 1.024
1 1880 1.024
1 24 1.024
1 1881 1.024
1 1098 1.024
1 2134 1.024
1 1883 1.024
1 1884 1.024
1 1947 1.024
1 2330 1.024
1 1888 1.024
1 155 1.024
1 1653 1.024
1 2019 1.024
1 345 1.024
1 1898 1.024
1 1167 1.022
1 2095 1.022
1 2162 1.022
1 2163 1.022
1 764 1.022
1 1004 1.022
1 2166 1.022
1 1107 1.022
1 683 1.022
1 1598 1.022
1 1407 1.022
1 1116 1.022
1 1859 1.022
1 907 1.022
1 516 1.022
1 690 1.022
1 2052 1.022
1 13 1.022
1 1865 1.022
1 1867 1.022
1 1612 1.022
1 1996 1.022
1 2252 1.022
1 755 1.022
1 1000 1.022
1 2319 1.022
1 2320 1.022
1 2130 1.022
1 66 1.022
1 292 1.022
1 2327 1.022
1 2264 1.022
1 484 1.022
1 1948 1.022
1 678 1.022
1 1638 1.022
1 1891 1.022
1 1667 1.022
1 2148 1.022
1 879 1.022
1 576 1.022
1 1960 1.022
1 738 1.022
1 2282 1.022
1 1445 1.022
1 1765 1.022
1 708 1.022
1 1040 1.02
1 922 1.02
1 1786 1.02
1 735 1.02
1 2034 1.02
1 2035 1.02
1 1195 1.02
1 251 1.02
1 1911 1.02
1 1634 1.02
1 1577 1.02
1 1976 1.02
1 1851 1.02
1 933 1.02
1 1853 1.02
1 1365 1.02
1 2105 1.02
1 2233 1.02
1 404 1.02
1 1668 1.02
1 1414 1.02
1 1117 1.02
1 10 1.02
1 1607 1.02
1 1928 1.02
1 2055 1.02
1 1468 1.02
1 2120 1.02
1 2267 1.02
1 281 1.02
1 948 1.02
1 1500 1.02
1 1935 1.02
1 1489 1.02
1 287 1.02
1 1454 1.02
1 131 1.02
1 1944 1.02
1 1372 1.02
1 2135 1.02
1 1945 1.02
1 257 1.02
1 2328 1.02
1 2009 1.02
1 1154 1.02
1 2203 1.02
1 891 1.02
1 541 1.02
1 2205 1.02
1 1952 1.02
1 560 1.02
1 1735 1.02
1 1149 1.02
1 2207 1.02
1 2146 1.02
1 1106 1.02
1 2273 1.02
1 80 1.02
1 878 1.02
1 1713 1.02
1 1216 1.02
1 557 1.02
1 1962 1.02
1 906 1.02
1 1963 1.02
1 2028 1.02
1 2029 1.02
1 2562 1.02
1 1783 1.018
1 1309 1.018
1 1562 1.018
1 1741 1.018
1 1134 1.018
1 1318 1.018
1 1003 1.018
1 2099 1.018
1 1162 1.018
1 105 1.018
1 2100 1.018
1 2102 1.018
1 2039 1.018
1 2104 1.018
1 2297 1.018
1 405 1.018
1 2173 1.018
1 1397 1.018
1 2174 1.018
1 514 1.018
1 2178 1.018
1 1988 1.018
1 198 1.018
1 2433 1.018
1 1361 1.018
1 1868 1.018
1 291 1.018
1 621 1.018
1 2124 1.018
1 2575 1.018
1 1999 1.018
1 1007 1.018
1 526 1.018
1 466 1.018
1 64 1.018
1 1581 1.018
1 217 1.018
1 2261 1.018
1 1499 1.018
1 540 1.018
1 294 1.018
1 2508 1.018
1 1165 1.018
1 297 1.018
1 1633 1.018
1 1547 1.018
1 2074 1.018
1 1887 1.018
1 1170 1.018
1 342 1.018
1 1171 1.018
1 1177 1.018
1 340 1.018
1 1045 1.018
1 1648 1.018
1 2079 1.018
1 2017 1.018
1 1150 1.018
1 518 1.018
1 2275 1.018
1 2084 1.018
1 2150 1.018
1 549 1.018
1 1351 1.018
1 2151 1.018
1 1733 1.018
1 42 1.018
1 1143 1.018
1 626 1.018
1 245 1.018
1 1753 1.018
1 2469 1.018
1 371 1.018
1 709 1.016
1 2094 1.016
1 921 1.016
1 1079 1.016
1 1907 1.016
1 1344 1.016
1 1971 1.016
1 2036 1.016
1 2598 1.016
1 1588 1.016
1 2101 1.016
1 747 1.016
1 318 1.016
1 752 1.016
1 261 1.016
1 1854 1.016
1 753 1.016
1 936 1.016
1 1395 1.016
1 1385 1.016
1 1981 1.016
1 1401 1.016
1 2045 1.016
1 2046 1.016
1 2302 1.016
1 2175 1.016
1 437 1.016
1 1803 1.016
1 1380 1.016
1 1605 1.016
1 1606 1.016
1 430 1.016
1 872 1.016
1 2180 1.016
1 368 1.016
1 1432 1.016
1 2308 1.016
1 1990 1.016
1 1024 1.016
1 1435 1.016
1 139 1.016
1 2182 1.016
1 1610 1.016
1 443 1.016
1 2247 1.016
1 1930 1.016
1 1539 1.016
1 2249 1.016
1 2437 1.016
1 99 1.016
1 1139 1.016
1 282 1.016
1 2188 1.016
1 1032 1.016
1 710 1.016
1 62 1.016
1 2191 1.016
1 1147 1.016
1 2256 1.016
1 2193 1.016
1 1624 1.016
1 467 1.016
1 468 1.016
1 2007 1.016
1 27 1.016
1 1133 1.016
1 1946 1.016
1 2010 1.016
1 2265 1.016
1 1636 1.016
1 973 1.016
1 322 1.016
1 1950 1.016
1 1179 1.016
1 2123 1.016
1 244 1.016
1 1184 1.016
1 2149 1.016
1 1710 1.016
1 2397 1.016
1 1958 1.016
1 1729 1.016
1 1207 1.016
1 2025 1.016
1 2088 1.016
1 2402 1.016
1 622 1.016
1 1750 1.016
1 1303 1.016
1 1555 1.016
1 2219 1.016
1 2092 1.016
1 2573 1.016
1 451 1.014
1 2222 1.014
1 1843 1.014
1 2223 1.014
1 2594 1.014
1 2224 1.014
1 1970 1.014
1 1200 1.014
1 1006 1.014
1 2229 1.014
1 1912 1.014
1 2294 1.014
1 1368 1.014
1 1010 1.014
1 65 1.014
1 640 1.014
1 184 1.014
1 2296 1.014
1 7 1.014
1 935 1.014
1 256 1.014
1 511 1.014
1 893 1.014
1 717 1.014
1 2424 1.014
1 588 1.014
1 1169 1.014
1 941 1.014
1 2240 1.014
1 1119 1.014
1 944 1.014
1 803 1.014
1 1862 1.014
1 2179 1.014
1 1430 1.014
1 1863 1.014
1 2243 1.014
1 2481 1.014
1 2369 1.014
1 2615 1.014
1 2119 1.014
1 2184 1.014
1 1840 1.014
1 1770 1.014
1 57 1.014
1 956 1.014
1 92 1.014
1 1394 1.014
1 1478 1.014
1 958 1.014
1 2621 1.014
1 1482 1.014
1 146 1.014
1 2316 1.014
1 1140 1.014
1 1404 1.014
1 960 1.014
1 459 1.014
1 2126 1.014
1 150 1.014
1 2323 1.014
1 881 1.014
1 1666 1.014
1 2070 1.014
1 132 1.014
1 28 1.014
1 298 1.014
1 30 1.014
1 2075 1.014
1 332 1.014
1 2142 1.014
1 1174 1.014
1 416 1.014
1 2015 1.014
1 1343 1.014
1 471 1.014
1 1181 1.014
1 2018 1.014
1 231 1.014
1 497 1.014
1 1691 1.014
1 1348 1.014
1 2212 1.014
1 2213 1.014
1 1961 1.014
1 2026 1.014
1 1222 1.014
1 1166 1.014
1 2093 1.014
1 1967 1.014
1 2570 1.014
1 2546 1.012
1 122 1.012
1 1306 1.012
1 997 1.012
1 377 1.012
1 1906 1.012
1 1176 1.012
1 2096 1.012
1 698 1.012
1 1311 1.012
1 2225 1.012
1 589 1.012
1 1910 1.012
1 1325 1.012
1 676 1.012
1 774 1.012
1 680 1.012
1 2168 1.012
1 2602 1.012
1 751 1.012
1 1597 1.012
1 406 1.012
1 1384 1.012
1 1980 1.012
1 2298 1.012
1 1599 1.012
1 1918 1.012
1 1438 1.012
1 1601 1.012
1 513 1.012
1 192 1.012
1 414 1.012
1 2176 1.012
1 1604 1.012
1 415 1.012
1 2177 1.012
1 1923 1.012
1 2428 1.012
1 1864 1.012
1 575 1.012
1 1131 1.012
1 2183 1.012
1 1097 1.012
1 445 1.012
1 1226 1.012
1 1994 1.012
1 2057 1.012
1 1869 1.012
1 352 1.012
1 1310 1.012
1 1934 1.012
1 284 1.012
1 868 1.012
1 1034 1.012
1 1530 1.012
1 1938 1.012
1 1321 1.012
1 1151 1.012
1 638 1.012
1 1152 1.012
1 1734 1.012
1 53 1.012
1 787 1.012
1 1153 1.012
1 1043 1.012
1 1447 1.012
1 2005 1.012
1 1625 1.012
1 2006 1.012
1 882 1.012
1 714 1.012
1 2012 1.012
1 1637 1.012
1 974 1.012
1 2076 1.012
1 1502 1.012
1 597 1.012
1 1889 1.012
1 2270 1.012
1 894 1.012
1 1641 1.012
1 1180 1.012
1 1525 1.012
1 36 1.012
1 2310 1.012
1 2081 1.012
1 2274 1.012
1 2210 1.012
1 2082 1.012
1 2462 1.012
1 237 1.012
1 40 1.012
1 1516 1.012
1 1711 1.012
1 163 1.012
1 2277 1.012
1 2463 1.012
1 41 1.012
1 1897 1.012
1 2399 1.012
1 2023 1.012
1 595 1.012
1 168 1.012
1 2215 1.012
1 1534 1.012
1 2153 1.012
1 170 1.012
1 2281 1.012
1 1901 1.012
1 2591 1.012
1 2158 1.012
1 2572 1.012
1 2473 1.01
1 1561 1.01
1 1204 1.01
1 1844 1.01
1 1317 1.01
1 1276 1.01
1 387 1.01
1 1973 1.01
1 193 1.01
1 182 1.01
1 2292 1.01
1 2479 1.01
1 1975 1.01
1 389 1.01
1 2295 1.01
1 1422 1.01
1 1715 1.01
1 1282 1.01
1 572 1.01
1 2232 1.01
1 2169 1.01
1 1978 1.01
1 1160 1.01
1 1288 1.01
1 120 1.01
1 1437 1.01
1 1163 1.01
1 684 1.01
1 2172 1.01
1 2300 1.01
1 1114 1.01
1 2237 1.01
1 1617 1.01
1 133 1.01
1 1921 1.01
1 2303 1.01
1 2427 1.01
1 365 1.01
1 1860 1.01
1 1118 1.01
1 943 1.01
1 2242 1.01
1 811 1.01
1 440 1.01
1 1989 1.01
1 1645 1.01
1 2244 1.01
1 1383 1.01
1 2311 1.01
1 1611 1.01
1 2312 1.01
1 1392 1.01
1 1993 1.01
1 1027 1.01
1 699 1.01
1 1031 1.01
1 1615 1.01
1 1997 1.01
1 1814 1.01
1 2190 1.01
1 202 1.01
1 312 1.01
1 2001 1.01
1 1564 1.01
1 2257 1.01
1 23 1.01
1 2259 1.01
1 1448 1.01
1 2069 1.01
1 215 1.01
1 884 1.01
1 1684 1.01
1 969 1.01
1 716 1.01
1 2490 1.01
1 885 1.01
1 970 1.01
1 624 1.01
1 1780 1.01
1 1781 1.01
1 2140 1.01
1 2331 1.01
1 2498 1.01
1 890 1.01
1 1694 1.01
1 337 1.01
1 2506 1.01
1 1642 1.01
1 156 1.01
1 1566 1.01
1 610 1.01
1 1699 1.01
1 1650 1.01
1 1953 1.01
1 2370 1.01
1 1767 1.01
1 2208 1.01
1 1761 1.01
1 1522 1.01
1 1954 1.01
1 2393 1.01
1 1769 1.01
1 2389 1.01
1 546 1.01
1 232 1.01
1 339 1.01
1 2421 1.01
1 308 1.01
1 1155 1.01
1 2423 1.01
1 1349 1.01
1 733 1.01
1 2214 1.01
1 912 1.01
1 241 1.01
1 1353 1.01
1 2152 1.01
1 254 1.01
1 1899 1.01
1 914 1.01
1 2466 1.01
1 1302 1.01
1 909 1.01
1 45 1.01
1 1358 1.01
1 246 1.01
1 739 1.01
1 1763 1.01
1 47 1.01
1 2220 1.01
1 1966 1.01
1 48 1.01
1 1904 1.01
1 564 1.01
1 1205 1.01
1 49 1.008
1 1558 1.008
1 247 1.008
1 1273 1.008
1 2 1.008
1 2160 1.008
1 51 1.008
1 378 1.008
1 671 1.008
1 999 1.008
1 2579 1.008
1 2475 1.008
1 2409 1.008
1 1845 1.008
1 1002 1.008
1 1764 1.008
1 1567 1.008
1 758 1.008
1 1228 1.008
1 1571 1.008
1 2414 1.008
1 1702 1.008
1 2416 1.008
1 1914 1.008
1 1823 1.008
1 328 1.008
1 760 1.008
1 1287 1.008
1 1582 1.008
1 784 1.008
1 186 1.008
1 1284 1.008
1 1584 1.008
1 2606 1.008
1 2422 1.008
1 1396 1.008
1 2607 1.008
1 1175 1.008
1 1983 1.008
1 1377 1.008
1 770 1.008
1 1017 1.008
1 1629 1.008
1 2608 1.008
1 1785 1.008
1 2238 1.008
1 1631 1.008
1 1379 1.008
1 648 1.008
1 1640 1.008
1 419 1.008
1 1398 1.008
1 1643 1.008
1 1834 1.008
1 2306 1.008
1 791 1.008
1 1295 1.008
1 1382 1.008
1 1927 1.008
1 1518 1.008
1 442 1.008
1 2245 1.008
1 1025 1.008
1 1300 1.008
1 951 1.008
1 1132 1.008
1 1225 1.008
1 1136 1.008
1 2435 1.008
1 807 1.008
1 2185 1.008
1 1652 1.008
1 2619 1.008
1 616 1.008
1 653 1.008
1 2314 1.008
1 700 1.008
1 2186 1.008
1 2620 1.008
1 200 1.008
1 654 1.008
1 2379 1.008
1 1655 1.008
1 60 1.008
1 201 1.008
1 1402 1.008
1 2125 1.008
1 525 1.008
1 2062 1.008
1 195 1.008
1 2441 1.008
1 1708 1.008
1 461 1.008
1 711 1.008
1 18 1.008
1 2321 1.008
1 1595 1.008
1 2445 1.008
1 2499 1.008
1 2004 1.008
1 2629 1.008
1 1879 1.008
1 2132 1.008
1 2446 1.008
1 2068 1.008
1 1247 1.008
1 2447 1.008
1 2197 1.008
1 539 1.008
1 1882 1.008
1 1411 1.008
1 2491 1.008
1 1689 1.008
1 1544 1.008
1 2371 1.008
1 1885 1.008
1 2138 1.008
1 1886 1.008
1 1399 1.008
1 302 1.008
1 612 1.008
1 154 1.008
1 1697 1.008
1 975 1.008
1 2014 1.008
1 495 1.008
1 2457 1.008
1 1521 1.008
1 229 1.008
1 1258 1.008
1 2209 1.008
1 1523 1.008
1 1657 1.008
1 338 1.008
1 984 1.008
1 901 1.008
1 2083 1.008
1 234 1.008
1 548 1.008
1 1896 1.008
1 2398 1.008
1 2022 1.008
1 90 1.008
1 1959 1.008
1 988 1.008
1 2086 1.008
1 2464 1.008
1 989 1.008
1 1191 1.008
1 1356 1.008
1 614 1.008
1 736 1.008
1 2154 1.008
1 1737 1.008
1 1267 1.008
1 2089 1.008
1 95 1.008
1 2403 1.008
1 2350 1.008
1 2559 1.008
1 992 1.008
1 1197 1.008
1 2090 1.008
1 46 1.008
1 2404 1.008
1 2091 1.008
1 919 1.008
1 1549 1.008
1 1557 1.008
1 2636 1.008
1 2640 1.008
1 1272 1.006
1 1084 1.006
1 1968 1.006
1 566 1.006
1 998 1.006
1 2595 1.006
1 1214 1.006
1 1275 1.006
1 1313 1.006
1 1908 1.006
1 1565 1.006
1 1788 1.006
1 2596 1.006
1 2410 1.006
1 2411 1.006
1 675 1.006
1 768 1.006
1 2228 1.006
1 1570 1.006
1 1229 1.006
1 1364 1.006
1 1280 1.006
1 491 1.006
1 2334 1.006
1 1822 1.006
1 1572 1.006
1 1413 1.006
1 2601 1.006
1 2384 1.006
1 492 1.006
1 2040 1.006
1 68 1.006
1 1915 1.006
1 1012 1.006
1 185 1.006
1 574 1.006
1 1434 1.006
1 1014 1.006
1 1289 1.006
1 2420 1.006
1 1109 1.006
1 1290 1.006
1 1856 1.006
1 2108 1.006
1 69 1.006
1 1291 1.006
1 938 1.006
1 1857 1.006
1 939 1.006
1 2340 1.006
1 940 1.006
1 1726 1.006
1 134 1.006
1 687 1.006
1 2338 1.006
1 1444 1.006
1 1196 1.006
1 2611 1.006
1 1091 1.006
1 135 1.006
1 1471 1.006
1 2050 1.006
1 1924 1.006
1 591 1.006
1 1381 1.006
1 592 1.006
1 908 1.006
1 2307 1.006
1 1573 1.006
1 1023 1.006
1 1296 1.006
1 1608 1.006
1 915 1.006
1 2053 1.006
1 1831 1.006
1 1646 1.006
1 2432 1.006
1 1813 1.006
1 1390 1.006
1 2054 1.006
1 1026 1.006
1 551 1.006
1 1839 1.006
1 813 1.006
1 1651 1.006
1 2618 1.006
1 521 1.006
1 2378 1.006
1 1029 1.006
1 957 1.006
1 433 1.006
1 520 1.006
1 1426 1.006
1 1658 1.006
1 2622 1.006
1 283 1.006
1 1616 1.006
1 1239 1.006
1 814 1.006
1 1998 1.006
1 523 1.006
1 812 1.006
1 1618 1.006
1 705 1.006
1 870 1.006
1 961 1.006
1 871 1.006
1 962 1.006
1 1492 1.006
1 1596 1.006
1 289 1.006
1 963 1.006
1 1876 1.006
1 2443 1.006
1 1410 1.006
1 1322 1.006
1 463 1.006
1 2066 1.006
1 63 1.006
1 213 1.006
1 1623 1.006
1 1673 1.006
1 1661 1.006
1 1246 1.006
1 1703 1.006
1 1665 1.006
1 2260 1.006
1 615 1.006
1 1498 1.006
1 1590 1.006
1 968 1.006
1 2326 1.006
1 26 1.006
1 474 1.006
1 2503 1.006
1 2199 1.006
1 1501 1.006
1 1779 1.006
1 1333 1.006
1 2450 1.006
1 718 1.006
1 1680 1.006
1 2329 1.006
1 2451 1.006
1 2073 1.006
1 720 1.006
1 889 1.006
1 1682 1.006
1 1336 1.006
1 2453 1.006
1 221 1.006
1 1451 1.006
1 2454 1.006
1 815 1.006
1 226 1.006
1 2078 1.006
1 651 1.006
1 727 1.006
1 1656 1.006
1 983 1.006
1 2333 1.006
1 2511 1.006
1 1346 1.006
1 37 1.006
1 496 1.006
1 1260 1.006
1 1789 1.006
1 1347 1.006
1 1709 1.006
1 664 1.006
1 1957 1.006
1 986 1.006
1 987 1.006
1 1529 1.006
1 162 1.006
1 1190 1.006
1 2278 1.006
1 883 1.006
1 2400 1.006
1 438 1.006
1 2024 1.006
1 2586 1.006
1 1829 1.006
1 1731 1.006
1 1456 1.006
1 242 1.006
1 1203 1.006
1 2589 1.006
1 1359 1.006
1 918 1.006
1 1965 1.006
1 1687 1.006
1 563 1.006
1 1077 1.006
1 1298 1.006
1 995 1.006
1 2571 1.006
1 2580 1.006
1 2581 1.006
1 2638 1.006
1 977 1.004
1 1 1.004
1 1209 1.004
1 1969 1.004
1 2578 1.004
1 2408 1.004
1 744 1.004
1 1563 1.004
1 1787 1.004
1 924 1.004
1 249 1.004
1 672 1.004
1 1360 1.004
1 692 1.004
1 740 1.004
1 2098 1.004
1 2477 1.004
1 1220 1.004
1 2597 1.004
1 1367 1.004
1 2291 1.004
1 1227 1.004
1 253 1.004
1 1848 1.004
1 2413 1.004
1 1491 1.004
1 1329 1.004
1 490 1.004
1 1756 1.004
1 1009 1.004
1 2480 1.004
1 930 1.004
1 1231 1.004
1 2167 1.004
1 1757 1.004
1 1236 1.004
1 571 1.004
1 2103 1.004
1 1011 1.004
1 2391 1.004
1 493 1.004
1 1431 1.004
1 1574 1.004
1 2603 1.004
1 1283 1.004
1 1013 1.004
1 2604 1.004
1 2419 1.004
1 187 1.004
1 763 1.004
1 581 1.004
1 593 1.004
1 121 1.004
1 2236 1.004
1 2351 1.004
1 1439 1.004
1 1389 1.004
1 1441 1.004
1 191 1.004
1 583 1.004
1 686 1.004
1 1442 1.004
1 1504 1.004
1 2609 1.004
1 2426 1.004
1 773 1.004
1 1443 1.004
1 1090 1.004
1 688 1.004
1 2343 1.004
1 789 1.004
1 1020 1.004
1 1833 1.004
1 590 1.004
1 2241 1.004
1 1446 1.004
1 1021 1.004
1 2612 1.004
1 428 1.004
1 2364 1.004
1 1120 1.004
1 947 1.004
1 2613 1.004
1 2430 1.004
1 792 1.004
1 2614 1.004
1 1465 1.004
1 793 1.004
1 1299 1.004
1 1609 1.004
1 1455 1.004
1 458 1.004
1 1992 1.004
1 808 1.004
1 1649 1.004
1 607 1.004
1 145 1.004
1 2056 1.004
1 2375 1.004
1 1305 1.004
1 1219 1.004
1 1825 1.004
1 2376 1.004
1 553 1.004
1 1613 1.004
1 431 1.004
1 2380 1.004
1 2060 1.004
1 1314 1.004
1 1427 1.004
1 2381 1.004
1 1141 1.004
1 1488 1.004
1 1033 1.004
1 2440 1.004
1 1240 1.004
1 1406 1.004
1 2382 1.004
1 1142 1.004
1 2624 1.004
1 2127 1.004
1 524 1.004
1 1146 1.004
1 1490 1.004
1 1714 1.004
1 203 1.004
1 288 1.004
1 1505 1.004
1 2339 1.004
1 153 1.004
1 2390 1.004
1 873 1.004
1 206 1.004
1 2129 1.004
1 462 1.004
1 1622 1.004
1 1494 1.004
1 1578 1.004
1 2483 1.004
1 211 1.004
1 966 1.004
1 2324 1.004
1 2196 1.004
1 2487 1.004
1 1496 1.004
1 1792 1.004
1 967 1.004
1 2501 1.004
1 2639 1.004
1 2488 1.004
1 1626 1.004
1 2489 1.004
1 72 1.004
1 1678 1.004
1 1592 1.004
1 2632 1.004
1 1249 1.004
1 1233 1.004
1 2449 1.004
1 1630 1.004
1 2136 1.004
1 475 1.004
1 1250 1.004
1 2072 1.004
1 1506 1.004
1 971 1.004
1 87 1.004
1 285 1.004
1 1681 1.004
1 1335 1.004
1 1686 1.004
1 1332 1.004
1 1701 1.004
1 1693 1.004
1 1168 1.004
1 486 1.004
1 608 1.004
1 1510 1.004
1 1164 1.004
1 487 1.004
1 1038 1.004
1 330 1.004
1 1255 1.004
1 1035 1.004
1 2507 1.004
1 2456 1.004
1 1520 1.004
1 34 1.004
1 1172 1.004
1 1257 1.004
1 2145 1.004
1 652 1.004
1 899 1.004
1 2458 1.004
1 1543 1.004
1 1259 1.004
1 1183 1.004
1 728 1.004
1 900 1.004
1 1955 1.004
1 726 1.004
1 2394 1.004
1 81 1.004
1 1524 1.004
1 877 1.004
1 1188 1.004
1 159 1.004
1 910 1.004
1 1528 1.004
1 1791 1.004
1 346 1.004
1 1189 1.004
1 911 1.004
1 2584 1.004
1 1042 1.004
1 1264 1.004
1 2536 1.004
1 2585 1.004
1 1533 1.004
1 556 1.004
1 913 1.004
1 2087 1.004
1 2465 1.004
1 2401 1.004
1 2547 1.004
1 2587 1.004
1 94 1.004
1 1074 1.004
1 1357 1.004
1 991 1.004
1 737 1.004
1 2551 1.004
1 558 1.004
1 916 1.004
1 1545 1.004
1 1268 1.004
1 561 1.004
1 96 1.004
1 1269 1.004
1 993 1.004
1 562 1.004
1 1201 1.004
1 2590 1.004
1 1548 1.004
1 1759 1.004
1 994 1.004
1 1526 1.004
1 223 1.004
1 175 1.004
1 1768 1.004
1 920 1.004
1 2592 1.004
1 996 1.004
1 2472 1.004
1 2576 1.004
1 746 1.002
1 1782 1.002
1 2593 1.002
1 2407 1.002
1 1210 1.002
1 1690 1.002
1 2558 1.002
1 386 1.002
1 353 1.002
1 1909 1.002
1 1362 1.002
1 314 1.002
1 181 1.002
1 1277 1.002
1 1161 1.002
1 4 1.002
1 2478 1.002
1 928 1.002
1 2412 1.002
1 388 1.002
1 1278 1.002
1 1363 1.002
1 851 1.002
1 1094 1.002
1 2599 1.002
1 1279 1.002
1 1224 1.002
1 1095 1.002
1 1234 1.002
1 788 1.002
1 1585 1.002
1 932 1.002
1 1281 1.002
1 1337 1.002
1 1369 1.002
1 759 1.002
1 2417 1.002
1 398 1.002
1 1370 1.002
1 260 1.002
1 402 1.002
1 582 1.002
1 573 1.002
1 1374 1.002
1 762 1.002
1 1285 1.002
1 1732 1.002
1 2634 1.002
1 1015 1.002
1 1388 1.002
1 1600 1.002
1 233 1.002
1 1376 1.002
1 1016 1.002
1 2515 1.002
1 1292 1.002
1 2425 1.002
1 771 1.002
1 1018 1.002
1 2541 1.002
1 1985 1.002
1 1019 1.002
1 1635 1.002
1 52 1.002
1 2344 1.002
1 1762 1.002
1 58 1.002
1 280 1.002
1 439 1.002
1 2337 1.002
1 1835 1.002
1 1130 1.002
1 1830 1.002
1 2431 1.002
1 594 1.002
1 693 1.002
1 950 1.002
1 1837 1.002
1 696 1.002
1 1647 1.002
1 2616 1.002
1 550 1.002
1 649 1.002
1 1391 1.002
1 1122 1.002
1 277 1.002
1 1304 1.002
1 952 1.002
1 2617 1.002
1 2434 1.002
1 955 1.002
1 552 1.002
1 1463 1.002
1 469 1.002
1 1137 1.002
1 1307 1.002
1 1393 1.002
1 158 1.002
1 1477 1.002
1 1480 1.002
1 620 1.002
1 522 1.002
1 454 1.002
1 609 1.002
1 1487 1.002
1 959 1.002
1 1315 1.002
1 1660 1.002
1 1316 1.002
1 1128 1.002
1 460 1.002
1 1241 1.002
1 2386 1.002
1 865 1.002
1 1320 1.002
1 2442 1.002
1 2128 1.002
1 1242 1.002
1 527 1.002
1 866 1.002
1 2626 1.002
1 1243 1.002
1 2392 1.002
1 874 1.002
1 1828 1.002
1 207 1.002
1 964 1.002
1 1244 1.002
1 2482 1.002
1 1672 1.002
1 1323 1.002
1 965 1.002
1 2628 1.002
1 1324 1.002
1 1472 1.002
1 1676 1.002
1 1327 1.002
1 2630 1.002
1 1677 1.002
1 1328 1.002
1 1248 1.002
1 2502 1.002
1 1230 1.002
1 1627 1.002
1 707 1.002
1 886 1.002
1 74 1.002
1 296 1.002
1 1301 1.002
1 485 1.002
1 1251 1.002
1 2524 1.002
1 2495 1.002
1 1326 1.002
1 972 1.002
1 489 1.002
1 2452 1.002
1 2497 1.002
1 152 1.002
1 721 1.002
1 677 1.002
1 1037 1.002
1 1338 1.002
1 319 1.002
1 1254 1.002
1 722 1.002
1 2505 1.002
1 1339 1.002
1 488 1.002
1 1145 1.002
1 2455 1.002
1 892 1.002
1 1698 1.002
1 978 1.002
1 1256 1.002
1 725 1.002
1 898 1.002
1 336 1.002
1 1700 1.002
1 982 1.002
1 2510 1.002
1 1345 1.002
1 477 1.002
1 2395 1.002
1 2459 1.002
1 1707 1.002
1 1185 1.002
1 729 1.002
1 2514 1.002
1 2460 1.002
1 2396 1.002
1 1261 1.002
1 985 1.002
1 1186 1.002
1 2527 1.002
1 2461 1.002
1 1527 1.002
1 1790 1.002
1 39 1.002
1 1262 1.002
1 1187 1.002
1 2528 1.002
1 1263 1.002
1 2534 1.002
1 240 1.002
1 347 1.002
1 665 1.002
1 601 1.002
1 1044 1.002
1 2543 1.002
1 43 1.002
1 1144 1.002
1 508 1.002
1 990 1.002
1 1192 1.002
1 2588 1.002
1 2467 1.002
1 351 1.002
1 917 1.002
1 1546 1.002
1 2468 1.002
1 1964 1.002
1 611 1.002
1 954 1.002
1 1076 1.002
1 1297 1.002
1 2405 1.002
1 1082 1.002
1 1270 1.002
1 741 1.002
1 2561 1.002
1 1706 1.002
1 98 1.002
1 2470 1.002
1 1083 1.002
1 1271 1.002
1 742 1.002
1 1078 1.002
1 2569 1.002
1 1208 1.002
1 2574 1.002
1 2577 1.002
1 127 1.002
1 2583 1.002
1 2529 1.002
1 2637 1.002
1 565 1.0
1 2159 1.0
1 1905 1.0
1 2286 1.0
1 1354 1.0
1 50 1.0
1 2032 1.0
1 2287 1.0
1 1355 1.0
1 2474 1.0
1 248 1.0
1 1274 1.0
1 2161 1.0
1 2288 1.0
1 385 1.0
1 1238 1.0
1 2289 1.0
1 1080 1.0
1 926 1.0
1 2476 1.0
1 1846 1.0
1 3 1.0
1 2290 1.0
1 927 1.0
1 77 1.0
1 1568 1.0
1 2227 1.0
1 577 1.0
1 1811 1.0
1 1569 1.0
1 765 1.0
1 533 1.0
1 929 1.0
1 1815 1.0
1 2600 1.0
1 1850 1.0
1 2230 1.0
1 1913 1.0
1 681 1.0
1 1977 1.0
1 1286 1.0
1 1852 1.0
1 2041 1.0
1 1824 1.0
1 2418 1.0
1 1979 1.0
1 1371 1.0
1 1841 1.0
1 1916 1.0
1 1108 1.0
1 2171 1.0
1 1111 1.0
1 1583 1.0
1 2605 1.0
1 2299 1.0
1 1375 1.0
1 2044 1.0
1 937 1.0
1 1919 1.0
1 128 1.0
1 2301 1.0
1 1115 1.0
1 1920 1.0
1 1858 1.0
1 436 1.0
1 2540 1.0
1 1984 1.0
1 2047 1.0
1 1922 1.0
1 1126 1.0
1 2610 1.0
1 1470 1.0
1 1986 1.0
1 11 1.0
1 689 1.0
1 1987 1.0
1 1294 1.0
1 2429 1.0
1 2114 1.0
1 2051 1.0
1 1925 1.0
1 1022 1.0
1 1644 1.0
1 12 1.0
1 137 1.0
1 949 1.0
1 1836 1.0
1 441 1.0
1 2116 1.0
1 138 1.0
1 2181 1.0
1 2117 1.0
1 2309 1.0
1 1503 1.0
1 1838 1.0
1 598 1.0
1 2118 1.0
1 85 1.0
1 1929 1.0
1 697 1.0
1 1469 1.0
1 1028 1.0
1 2436 1.0
1 2058 1.0
1 1138 1.0
1 1932 1.0
1 1654 1.0
1 1308 1.0
1 1223 1.0
1 1614 1.0
1 1870 1.0
1 2250 1.0
1 1424 1.0
1 2187 1.0
1 1933 1.0
1 2251 1.0
1 2439 1.0
1 1872 1.0
1 455 1.0
1 1659 1.0
1 1749 1.0
1 2623 1.0
1 1509 1.0
1 1619 1.0
1 2000 1.0
1 1937 1.0
1 2625 1.0
1 1620 1.0
1 2192 1.0
1 1739 1.0
1 1746 1.0
1 2065 1.0
1 1493 1.0
1 867 1.0
1 2627 1.0
1 19 1.0
1 2444 1.0
1 2003 1.0
1 2194 1.0
1 209 1.0
1 2131 1.0
1 1245 1.0
1 2258 1.0
1 2195 1.0
1 2067 1.0
1 1495 1.0
1 2500 1.0
1 1156 1.0
1 1942 1.0
1 1586 1.0
1 2133 1.0
1 2325 1.0
1 869 1.0
1 1943 1.0
1 71 1.0
1 2631 1.0
1 2448 1.0
1 1157 1.0
1 1330 1.0
1 2008 1.0
1 1679 1.0
1 2200 1.0
1 801 1.0
1 1334 1.0
1 2137 1.0
1 887 1.0
1 1507 1.0
1 75 1.0
1 1252 1.0
1 354 1.0
1 2202 1.0
1 1508 1.0
1 1253 1.0
1 2013 1.0
1 2204 1.0
1 1400 1.0
1 1517 1.0
1 641 1.0
1 723 1.0
1 2269 1.0
1 1951 1.0
1 333 1.0
1 33 1.0
1 2143 1.0
1 650 1.0
1 724 1.0
1 2206 1.0
1 1036 1.0
1 457 1.0
1 981 1.0
1 2509 1.0
1 2272 1.0
1 2080 1.0
1 1704 1.0
1 1893 1.0
1 2147 1.0
1 2415 1.0
1 1956 1.0
1 160 1.0
1 2020 1.0
1 730 1.0
1 547 1.0
1 902 1.0
1 535 1.0
1 731 1.0
1 1722 1.0
1 500 1.0
1 732 1.0
1 91 1.0
1 348 1.0
1 1720 1.0
1 1265 1.0
1 734 1.0
1 2279 1.0
1 93 1.0
1 349 1.0
1 1266 1.0
1 2280 1.0
1 2216 1.0
1 350 1.0
1 2217 1.0
1 660 1.0
1 2027 1.0
1 2218 1.0
1 2156 1.0
1 1758 1.0
1 2560 1.0
1 2283 1.0
1 97 1.0
1 1580 1.0
1 2284 1.0
1 2406 1.0
1 2030 1.0
1 2285 1.0
1 2471 1.0
1 1352 1.0
1 1771 1.0
1 2582 1.0
2 542 7.622
2 757 2.474
2 196 2.464
2 639 2.416
2 1722 2.248
2 222 2.228
2 1158 2.18
2 1454 2.178
2 371 2.148
2 1717 2.144
2 295 2.134
2 44 2.128
2 180 2.044
2 626 2.032
2 211 2.006
2 1723 1.964
2 182 1.946
2 193 1.944
2 178 1.944
2 139 1.936
2 216 1.926
2 2352 1.926
2 106 1.924
2 148 1.884
2 342 1.88
2 1803 1.868
2 857 1.824
2 820 1.806
2 817 1.79
2 161 1.788
2 825 1.78
2 836 1.772
2 1421 1.762
2 1047 1.756
2 1198 1.75
2 861 1.75
2 829 1.748
2 880 1.748
2 839 1.746
2 847 1.744
2 73 1.732
2 56 1.732
2 819 1.728
2 852 1.724
2 160 1.718
2 411 1.702
2 1050 1.698
2 849 1.696
2 854 1.696
2 1061 1.69
2 76 1.684
2 1072 1.684
2 835 1.68
2 1058 1.676
2 382 1.67
2 1725 1.67
2 828 1.67
2 344 1.666
2 1062 1.658
2 826 1.658
2 383 1.658
2 212 1.646
2 1052 1.646
2 823 1.644
2 1064 1.642
2 1060 1.636
2 855 1.636
2 1069 1.63
2 352 1.63
2 864 1.618
2 841 1.616
2 853 1.614
2 846 1.61
2 1371 1.608
2 195 1.606
2 1051 1.604
2 848 1.602
2 52 1.602
2 445 1.598
2 844 1.594
2 845 1.594
2 862 1.594
2 833 1.594
2 1073 1.59
2 209 1.586
2 851 1.586
2 1063 1.584
2 827 1.582
2 858 1.582
2 859 1.582
2 1066 1.578
2 1054 1.576
2 6 1.576
2 451 1.574
2 1048 1.572
2 1049 1.564
2 863 1.562
2 484 1.56
2 313 1.558
2 1059 1.554
2 1070 1.554
2 1729 1.554
2 840 1.548
2 834 1.54
2 1107 1.536
2 582 1.536
2 1046 1.534
2 1056 1.53
2 850 1.526
2 1068 1.526
2 145 1.524
2 818 1.522
2 554 1.522
2 838 1.518
2 173 1.506
2 842 1.504
2 1145 1.504
2 856 1.498
2 1212 1.496
2 1067 1.494
2 860 1.494
2 1065 1.488
2 837 1.488
2 808 1.486
2 629 1.476
2 810 1.472
2 132 1.47
2 390 1.468
2 1096 1.462
2 832 1.456
2 822 1.454
2 394 1.452
2 368 1.45
2 843 1.446
2 149 1.446
2 46 1.446
2 1071 1.442
2 803 1.44
2 424 1.44
2 1055 1.438
2 78 1.438
2 128 1.436
2 821 1.434
2 830 1.428
2 2489 1.418
2 809 1.416
2 1053 1.412
2 1162 1.41
2 367 1.408
2 824 1.406
2 585 1.406
2 751 1.404
2 2562 1.404
2 754 1.4
2 814 1.4
2 625 1.398
2 144 1.396
2 169 1.392
2 627 1.39
2 538 1.384
2 1057 1.382
2 831 1.382
2 53 1.378
2 297 1.378
2 307 1.378
2 289 1.376
2 1726 1.376
2 200 1.376
2 807 1.374
2 2498 1.368
2 194 1.366
2 528 1.366
2 57 1.364
2 515 1.362
2 763 1.36
2 312 1.356
2 1744 1.354
2 369 1.352
2 1569 1.352
2 1968 1.348
2 465 1.348
2 1705 1.346
2 655 1.344
2 61 1.342
2 1479 1.338
2 213 1.338
2 715 1.336
2 2496 1.336
2 1102 1.332
2 504 1.33
2 37 1.33
2 442 1.33
2 314 1.328
2 1720 1.326
2 35 1.324
2 130 1.322
2 416 1.32
2 345 1.316
2 1216 1.314
2 645 1.314
2 1721 1.312
2 259 1.312
2 1464 1.312
2 1540 1.31
2 1719 1.306
2 1372 1.302
2 2548 1.302
2 360 1.3
2 417 1.3
2 1695 1.292
2 198 1.292
2 285 1.29
2 1101 1.29
2 1581 1.288
2 1780 1.286
2 2549 1.284
2 123 1.282
2 558 1.276
2 181 1.276
2 1196 1.274
2 134 1.27
2 1782 1.27
2 894 1.268
2 298 1.268
2 85 1.268
2 471 1.266
2 29 1.264
2 661 1.264
2 290 1.264
2 122 1.264
2 1165 1.262
2 1748 1.262
2 2534 1.26
2 712 1.26
2 593 1.26
2 2377 1.258
2 1103 1.258
2 811 1.256
2 1667 1.254
2 706 1.25
2 455 1.25
2 1415 1.248
2 2345 1.248
2 2568 1.248
2 398 1.246
2 502 1.246
2 1742 1.244
2 174 1.244
2 1509 1.242
2 1040 1.24
2 434 1.24
2 223 1.238
2 635 1.238
2 507 1.238
2 251 1.238
2 543 1.238
2 801 1.236
2 1691 1.236
2 323 1.234
2 405 1.232
2 217 1.232
2 642 1.232
2 1733 1.23
2 1035 1.228
2 1121 1.226
2 1727 1.226
2 308 1.226
2 438 1.226
2 786 1.224
2 2552 1.224
2 580 1.222
2 1718 1.222
2 666 1.222
2 1753 1.22
2 581 1.22
2 468 1.218
2 782 1.216
2 776 1.214
2 103 1.214
2 105 1.214
2 121 1.214
2 100 1.212
2 208 1.212
2 176 1.212
2 2537 1.212
2 142 1.21
2 1195 1.208
2 483 1.208
2 452 1.208
2 1728 1.208
2 1177 1.204
2 269 1.204
2 631 1.204
2 1411 1.204
2 197 1.204
2 1361 1.204
2 310 1.204
2 1174 1.204
2 257 1.202
2 101 1.2
2 597 1.2
2 2531 1.2
2 1445 1.2
2 529 1.2
2 404 1.198
2 663 1.198
2 157 1.196
2 570 1.196
2 1574 1.196
2 1684 1.196
2 640 1.196
2 1575 1.194
2 799 1.194
2 1596 1.194
2 630 1.192
2 183 1.192
2 425 1.192
2 278 1.192
2 401 1.19
2 1010 1.19
2 1079 1.19
2 265 1.19
2 58 1.188
2 179 1.188
2 1433 1.188
2 376 1.188
2 143 1.188
2 744 1.188
2 2563 1.188
2 628 1.186
2 1403 1.186
2 781 1.184
2 1765 1.182
2 1579 1.182
2 660 1.182
2 146 1.182
2 693 1.18
2 499 1.18
2 569 1.18
2 331 1.18
2 802 1.18
2 141 1.18
2 812 1.18
2 649 1.18
2 1716 1.18
2 2566 1.18
2 210 1.178
2 1763 1.178
2 1588 1.178
2 140 1.178
2 1809 1.178
2 341 1.178
2 1097 1.178
2 407 1.176
2 2387 1.176
2 1235 1.176
2 1510 1.176
2 1440 1.176
2 263 1.176
2 2361 1.176
2 2567 1.176
2 225 1.174
2 636 1.174
2 2490 1.174
2 1746 1.174
2 189 1.172
2 227 1.172
2 135 1.172
2 2295 1.172
2 1802 1.172
2 432 1.172
2 526 1.172
2 679 1.172
2 131 1.17
2 365 1.17
2 10 1.17
2 1365 1.17
2 294 1.17
2 21 1.17
2 621 1.17
2 1793 1.168
2 1673 1.168
2 779 1.168
2 703 1.168
2 419 1.168
2 2358 1.168
2 2521 1.166
2 775 1.166
2 1360 1.166
2 466 1.166
2 276 1.166
2 1747 1.166
2 1811 1.166
2 1812 1.166
2 315 1.166
2 1676 1.164
2 1126 1.164
2 1387 1.164
2 719 1.164
2 2580 1.164
2 1670 1.162
2 1703 1.162
2 381 1.162
2 299 1.162
2 525 1.162
2 1457 1.162
2 1458 1.162
2 1541 1.162
2 1461 1.162
2 1683 1.162
2 1672 1.16
2 1764 1.16
2 229 1.16
2 771 1.16
2 806 1.16
2 748 1.16
2 682 1.158
2 1556 1.158
2 408 1.156
2 1128 1.156
2 2522 1.154
2 8 1.154
2 1795 1.154
2 1801 1.154
2 333 1.154
2 796 1.154
2 1808 1.154
2 84 1.154
2 2631 1.154
2 2362 1.152
2 2364 1.152
2 337 1.152
2 789 1.152
2 120 1.152
2 2356 1.152
2 1688 1.152
2 1669 1.15
2 328 1.15
2 1800 1.15
2 2353 1.15
2 262 1.15
2 568 1.148
2 1799 1.148
2 2530 1.148
2 1231 1.148
2 459 1.148
2 2492 1.148
2 1087 1.148
2 364 1.148
2 698 1.146
2 1773 1.146
2 2337 1.146
2 340 1.146
2 2359 1.146
2 2360 1.146
2 778 1.144
2 2206 1.144
2 1779 1.144
2 896 1.144
2 1514 1.144
2 1139 1.142
2 1199 1.142
2 780 1.142
2 2550 1.142
2 267 1.14
2 871 1.14
2 155 1.138
2 1409 1.138
2 271 1.138
2 454 1.138
2 805 1.138
2 1005 1.138
2 1149 1.138
2 266 1.136
2 756 1.136
2 272 1.136
2 1807 1.136
2 2357 1.136
2 977 1.134
2 1234 1.134
2 2386 1.134
2 356 1.134
2 2348 1.132
2 647 1.132
2 2385 1.132
2 1591 1.132
2 440 1.132
2 1665 1.132
2 1810 1.132
2 555 1.13
2 1109 1.128
2 1797 1.128
2 5 1.126
2 531 1.126
2 777 1.126
2 270 1.126
2 634 1.126
2 372 1.126
2 656 1.126
2 1459 1.126
2 348 1.126
2 159 1.124
2 1108 1.124
2 1211 1.124
2 613 1.124
2 1805 1.124
2 2517 1.124
2 530 1.124
2 456 1.122
2 1456 1.122
2 1804 1.122
2 355 1.122
2 1213 1.12
2 389 1.12
2 659 1.12
2 1816 1.12
2 753 1.118
2 1671 1.118
2 1432 1.118
2 1039 1.118
2 804 1.118
2 516 1.118
2 518 1.118
2 2579 1.118
2 362 1.118
2 363 1.118
2 125 1.118
2 396 1.118
2 55 1.116
2 224 1.116
2 488 1.116
2 1794 1.116
2 1798 1.116
2 2533 1.116
2 2354 1.116
2 469 1.116
2 541 1.116
2 1386 1.116
2 268 1.114
2 1480 1.114
2 2342 1.114
2 2532 1.114
2 1590 1.114
2 81 1.114
2 1091 1.114
2 479 1.114
2 1080 1.114
2 750 1.112
2 2363 1.112
2 1696 1.112
2 2555 1.112
2 324 1.112
2 1417 1.112
2 1230 1.112
2 460 1.112
2 1677 1.11
2 1300 1.11
2 658 1.11
2 551 1.11
2 264 1.11
2 480 1.11
2 2565 1.11
2 317 1.108
2 226 1.108
2 1704 1.108
2 1112 1.108
2 767 1.108
2 1623 1.108
2 1455 1.108
2 1515 1.108
2 292 1.108
2 147 1.108
2 2518 1.108
2 736 1.106
2 1755 1.106
2 136 1.106
2 104 1.106
2 1194 1.106
2 1148 1.106
2 1689 1.106
2 956 1.106
2 1098 1.106
2 1466 1.106
2 2519 1.104
2 357 1.104
2 400 1.104
2 450 1.104
2 624 1.104
2 1113 1.104
2 1776 1.104
2 214 1.104
2 1724 1.104
2 1237 1.104
2 713 1.104
2 2355 1.104
2 275 1.104
2 201 1.104
2 2504 1.104
2 537 1.102
2 633 1.102
2 166 1.102
2 643 1.102
2 114 1.102
2 1232 1.102
2 300 1.102
2 1129 1.102
2 1362 1.102
2 550 1.102
2 934 1.102
2 557 1.1
2 1202 1.1
2 228 1.1
2 1495 1.1
2 2341 1.1
2 1467 1.1
2 361 1.1
2 654 1.1
2 66 1.1
2 2493 1.1
2 219 1.1
2 470 1.1
2 184 1.1
2 86 1.1
2 188 1.1
2 1402 1.1
2 2582 1.1
2 399 1.098
2 487 1.098
2 632 1.098
2 133 1.098
2 1796 1.098
2 503 1.098
2 1558 1.098
2 375 1.098
2 413 1.098
2 384 1.098
2 343 1.098
2 221 1.098
2 393 1.098
2 1686 1.098
2 1462 1.098
2 472 1.098
2 749 1.098
2 482 1.096
2 386 1.096
2 359 1.096
2 48 1.096
2 1110 1.096
2 1675 1.096
2 370 1.096
2 577 1.096
2 506 1.096
2 1484 1.096
2 171 1.096
2 1127 1.096
2 391 1.096
2 437 1.096
2 604 1.096
2 309 1.096
2 311 1.096
2 207 1.096
2 1404 1.094
2 1552 1.094
2 1418 1.094
2 2335 1.094
2 615 1.094
2 1157 1.094
2 1639 1.094
2 457 1.094
2 336 1.094
2 1085 1.094
2 258 1.094
2 576 1.094
2 1518 1.094
2 392 1.094
2 1739 1.094
2 124 1.094
2 1376 1.094
2 1751 1.094
2 1200 1.094
2 481 1.092
2 102 1.092
2 358 1.092
2 2365 1.092
2 1759 1.092
2 338 1.092
2 2188 1.092
2 1416 1.092
2 505 1.092
2 409 1.092
2 578 1.092
2 1431 1.092
2 2388 1.092
2 1119 1.092
2 511 1.092
2 708 1.092
2 252 1.092
2 334 1.092
2 255 1.092
2 1583 1.092
2 1288 1.092
2 68 1.092
2 1089 1.092
2 306 1.092
2 478 1.092
2 97 1.092
2 2526 1.092
2 1473 1.09
2 536 1.09
2 2553 1.09
2 2554 1.09
2 9 1.09
2 163 1.09
2 406 1.09
2 1214 1.09
2 1116 1.09
2 1215 1.09
2 427 1.09
2 707 1.09
2 1508 1.09
2 2484 1.09
2 1449 1.09
2 117 1.09
2 335 1.09
2 118 1.09
2 218 1.09
2 1286 1.09
2 464 1.09
2 2494 1.09
2 745 1.09
2 1538 1.09
2 1193 1.088
2 446 1.088
2 162 1.088
2 111 1.088
2 329 1.088
2 330 1.088
2 250 1.088
2 115 1.088
2 2336 1.088
2 1233 1.088
2 711 1.088
2 1582 1.088
2 2578 1.088
2 1712 1.088
2 1525 1.088
2 429 1.088
2 79 1.088
2 1244 1.088
2 599 1.088
2 1806 1.088
2 2506 1.088
2 2508 1.088
2 665 1.088
2 815 1.088
2 32 1.088
2 2538 1.088
2 279 1.086
2 280 1.086
2 1106 1.086
2 1548 1.086
2 158 1.086
2 447 1.086
2 1674 1.086
2 2556 1.086
2 325 1.086
2 1485 1.086
2 1553 1.086
2 2383 1.086
2 13 1.086
2 772 1.086
2 579 1.086
2 773 1.086
2 1122 1.086
2 1535 1.086
2 17 1.086
2 1777 1.086
2 790 1.086
2 199 1.086
2 418 1.086
2 800 1.086
2 1533 1.086
2 1685 1.086
2 473 1.086
2 2514 1.086
2 2523 1.086
2 1568 1.084
2 449 1.084
2 695 1.084
2 137 1.084
2 1551 1.084
2 498 1.084
2 326 1.084
2 1151 1.084
2 637 1.084
2 1503 1.084
2 69 1.084
2 1662 1.084
2 332 1.084
2 1576 1.084
2 1125 1.084
2 420 1.084
2 1778 1.084
2 2375 1.084
2 743 1.084
2 657 1.084
2 439 1.084
2 1766 1.084
2 1150 1.084
2 1534 1.084
2 277 1.084
2 254 1.084
2 2564 1.084
2 2574 1.084
2 477 1.082
2 190 1.082
2 559 1.082
2 1550 1.082
2 1483 1.082
2 1486 1.082
2 11 1.082
2 903 1.082
2 641 1.082
2 167 1.082
2 1038 1.082
2 1131 1.082
2 402 1.082
2 20 1.082
2 116 1.082
2 215 1.082
2 119 1.082
2 600 1.082
2 795 1.082
2 1732 1.082
2 354 1.082
2 444 1.082
2 816 1.082
2 1401 1.082
2 2539 1.082
2 2545 1.082
2 54 1.08
2 2520 1.08
2 321 1.08
2 366 1.08
2 2367 1.08
2 59 1.08
2 2368 1.08
2 2634 1.08
2 1384 1.08
2 230 1.08
2 501 1.08
2 1585 1.08
2 18 1.08
2 1450 1.08
2 1512 1.08
2 256 1.08
2 2349 1.08
2 220 1.08
2 67 1.08
2 1740 1.08
2 1531 1.08
2 83 1.08
2 553 1.08
2 441 1.08
2 1750 1.08
2 206 1.08
2 244 1.08
2 2544 1.08
2 616 1.08
2 397 1.078
2 539 1.078
2 699 1.078
2 109 1.078
2 236 1.078
2 410 1.078
2 112 1.078
2 1775 1.078
2 644 1.078
2 1123 1.078
2 1453 1.078
2 1783 1.078
2 301 1.078
2 878 1.078
2 1730 1.078
2 1460 1.078
2 674 1.078
2 1536 1.078
2 127 1.078
2 1826 1.076
2 129 1.076
2 1694 1.076
2 7 1.076
2 2366 1.076
2 560 1.076
2 327 1.076
2 165 1.076
2 704 1.076
2 15 1.076
2 1774 1.076
2 453 1.076
2 70 1.076
2 374 1.076
2 784 1.076
2 1041 1.076
2 646 1.076
2 1045 1.076
2 1452 1.076
2 2491 1.076
2 596 1.076
2 1088 1.076
2 305 1.076
2 353 1.076
2 605 1.076
2 395 1.076
2 1745 1.076
2 126 1.076
2 1474 1.074
2 1429 1.074
2 1549 1.074
2 702 1.074
2 2391 1.074
2 783 1.074
2 1124 1.074
2 785 1.074
2 2542 1.074
2 1784 1.074
2 567 1.074
2 797 1.074
2 2509 1.074
2 1172 1.074
2 1173 1.074
2 1537 1.074
2 2529 1.074
2 2581 1.074
2 1425 1.072
2 286 1.072
2 1167 1.072
2 373 1.072
2 1511 1.072
2 2346 1.072
2 1287 1.072
2 1584 1.072
2 595 1.072
2 1086 1.072
2 1356 1.072
2 739 1.072
2 1373 1.072
2 2505 1.072
2 1664 1.072
2 443 1.072
2 380 1.072
2 2535 1.072
2 316 1.07
2 320 1.07
2 1754 1.07
2 63 1.07
2 1570 1.07
2 2392 1.07
2 113 1.07
2 412 1.07
2 303 1.07
2 82 1.07
2 1104 1.07
2 532 1.068
2 110 1.068
2 12 1.068
2 64 1.068
2 249 1.068
2 172 1.068
2 709 1.068
2 1560 1.068
2 701 1.068
2 544 1.068
2 274 1.068
2 476 1.068
2 1693 1.066
2 62 1.066
2 694 1.066
2 448 1.066
2 164 1.066
2 245 1.066
2 1735 1.066
2 517 1.066
2 430 1.066
2 1663 1.066
2 545 1.066
2 1465 1.066
2 1752 1.066
2 1105 1.064
2 1827 1.064
2 1406 1.064
2 16 1.064
2 273 1.064
2 1482 1.062
2 520 1.062
2 524 1.062
2 304 1.062
2 1532 1.062
2 2512 1.062
2 2513 1.062
2 1772 1.06
2 1496 1.06
2 177 1.06
2 700 1.056
2 1743 1.056
2 1099 1.056
2 2525 1.056
2 514 1.052
2 546 1.052
2 519 1.05
2 322 1.0
2 379 1.0
2 2340 1.0
2 1634 1.0
2 1530 1.0
2 1692 1.0
2 2557 1.0
3 335 5.334
3 606 3.708
3 666 2.802
3 1195 2.754
3 559 2.726
3 613 2.69
3 616 2.688
3 611 2.628
3 445 2.606
3 1204 2.602
3 607 2.582
3 617 2.556
3 593 2.554
3 615 2.482
3 612 2.394
3 610 2.344
3 608 2.336
3 614 2.312
3 1817 2.286
3 609 2.252
3 295 2.08
3 1200 1.994
3 1181 1.944
3 753 1.89
3 237 1.878
3 1344 1.86
3 10 1.832
3 791 1.794
3 1081 1.788
3 1184 1.754
3 239 1.686
3 1297 1.654
3 1302 1.652
3 403 1.636
3 1813 1.63
3 104 1.626
3 1143 1.622
3 1303 1.596
3 2534 1.592
3 1819 1.582
3 422 1.58
3 404 1.576
3 1469 1.566
3 421 1.562
3 42 1.554
3 423 1.55
3 427 1.55
3 65 1.536
3 533 1.534
3 37 1.532
3 180 1.532
3 1820 1.524
3 1821 1.522
3 1668 1.518
3 1206 1.516
3 147 1.51
3 440 1.508
3 1818 1.504
3 405 1.502
3 1217 1.494
3 514 1.49
3 640 1.482
3 1205 1.476
3 719 1.468
3 235 1.452
3 293 1.45
3 1157 1.444
3 1216 1.444
3 793 1.414
3 691 1.406
3 511 1.4
3 1196 1.39
3 182 1.388
3 792 1.38
3 528 1.356
3 705 1.348
3 1361 1.348
3 725 1.346
3 560 1.342
3 139 1.336
3 1586 1.33
3 1475 1.33
3 238 1.32
3 739 1.316
3 1476 1.308
3 390 1.306
3 535 1.304
3 534 1.29
3 1550 1.29
3 430 1.288
3 641 1.286
3 1109 1.286
3 698 1.286
3 331 1.284
3 648 1.284
3 1366 1.282
3 618 1.28
3 700 1.28
3 2535 1.28
3 667 1.276
3 539 1.276
3 1419 1.276
3 103 1.274
3 601 1.274
3 1497 1.274
3 649 1.274
3 87 1.272
3 366 1.272
3 619 1.272
3 1107 1.27
3 624 1.27
3 108 1.268
3 338 1.266
3 933 1.266
3 1218 1.266
3 2536 1.266
3 548 1.264
3 459 1.262
3 576 1.262
3 1736 1.262
3 2537 1.262
3 106 1.26
3 1684 1.26
3 89 1.26
3 2538 1.26
3 88 1.258
3 581 1.258
3 2516 1.258
3 1445 1.256
3 639 1.256
3 588 1.256
3 1551 1.256
3 934 1.252
3 699 1.252
3 674 1.248
3 1408 1.248
3 2372 1.248
3 1496 1.246
3 1420 1.246
3 32 1.244
3 1407 1.242
3 1201 1.236
3 254 1.236
3 2373 1.236
3 1139 1.232
3 107 1.23
3 216 1.23
3 1495 1.228
3 330 1.226
4 145 4.0
4 455 4.0
4 212 4.0
4 146 4.0
4 175 3.0
4 36 3.0
4 35 3.0
4 585 3.0
4 502 3.0
4 1387 3.0
4 769 3.0
4 770 3.0
4 1093 3.0
4 1482 3.0
4 757 3.0
4 10 2.0
4 237 2.0
4 189 2.0
4 188 2.0
4 205 2.0
4 204 2.0
4 243 2.0
4 227 2.0
4 542 2.0
4 1421 2.0
4 1091 2.0
4 200 2.0
4 1449 2.0
4 1365 2.0
4 2206 2.0
4 1450 2.0
4 2485 2.0
4 2486 2.0
4 2536 2.0
4 1761 2.0
4 2633 2.0
4 209 1.0
4 257 1.0
4 1559 1.0
5 135 3.456
5 428 3.242
5 426 3.22
5 427 3.208
5 1405 1.86
5 419 1.85
5 420 1.84
5 1406 1.84
6 584 4.0
6 585 4.0
6 586 3.0
6 587 3.0
6 640 3.0
6 641 3.0
6 486 2.0
6 484 2.0
6 602 2.0
6 603 2.0
6 642 2.0
6 1844 2.0
6 2347 2.0
6 2391 2.0
6 1571 2.0
