1 54 7.89
1 55 6.83
1 57 6.22
1 56 4.83
1 169 4.48
1 152 4.11
1 179 4.1
1 259 4.1
1 158 3.92
1 168 3.91
1 175 3.81
1 101 3.67
1 246 3.6
1 35 3.54
1 92 3.5
1 176 3.49
1 243 3.44
1 247 3.43
1 96 3.41
1 34 3.4
1 69 3.37
1 210 3.37
1 87 3.27
1 151 3.27
1 28 3.25
1 70 3.24
1 241 3.22
1 31 3.19
1 88 3.06
1 33 3.06
1 163 3.02
1 67 2.98
1 99 2.97
1 172 2.96
1 100 2.96
1 91 2.95
1 90 2.91
1 242 2.89
1 252 2.89
1 29 2.87
1 98 2.82
1 14 2.8
1 249 2.79
1 217 2.79
1 248 2.76
1 109 2.75
1 13 2.73
1 36 2.7
1 245 2.67
1 260 2.67
1 254 2.66
1 178 2.65
1 159 2.64
1 61 2.62
1 111 2.61
1 250 2.61
1 206 2.53
1 38 2.52
1 251 2.5
1 208 2.48
1 183 2.47
1 261 2.46
1 102 2.38
1 235 2.36
1 256 2.35
1 244 2.34
1 134 2.33
1 191 2.33
1 60 2.31
1 267 2.3
1 103 2.28
1 253 2.28
1 240 2.27
1 170 2.26
1 133 2.24
1 237 2.22
1 257 2.22
1 37 2.2
1 268 2.19
1 132 2.18
1 219 2.17
1 135 2.16
1 195 2.15
1 128 2.14
1 198 2.13
1 238 2.1
1 94 2.1
1 276 2.1
1 93 2.09
1 112 2.09
1 226 2.09
1 220 2.06
1 239 2.05
1 1 2.03
1 161 2.01
1 223 2.01
1 225 2.01
1 190 2.0
1 222 2.0
1 255 1.99
1 45 1.98
1 258 1.98
1 44 1.96
1 207 1.96
1 236 1.9
1 177 1.9
1 2 1.86
1 199 1.85
1 97 1.85
1 185 1.84
1 89 1.84
1 19 1.82
1 51 1.82
1 59 1.81
1 218 1.8
1 116 1.77
1 184 1.75
1 139 1.73
1 17 1.71
1 130 1.71
1 7 1.7
1 79 1.7
1 58 1.68
1 65 1.68
1 171 1.67
1 22 1.66
1 186 1.66
1 110 1.65
1 95 1.65
1 162 1.64
1 12 1.63
1 76 1.63
1 117 1.61
1 120 1.61
1 224 1.6
1 53 1.59
1 187 1.59
1 141 1.59
1 160 1.57
1 265 1.57
1 192 1.57
1 269 1.57
1 216 1.56
1 63 1.56
1 131 1.56
1 106 1.55
1 264 1.55
1 193 1.55
1 146 1.54
1 145 1.51
1 74 1.5
1 270 1.5
1 23 1.49
1 50 1.49
1 62 1.49
1 21 1.47
1 72 1.47
1 71 1.47
1 231 1.46
1 3 1.45
1 4 1.45
1 137 1.45
1 80 1.45
1 6 1.44
1 274 1.44
1 147 1.44
1 232 1.44
1 262 1.44
1 66 1.43
1 52 1.42
1 125 1.42
1 73 1.41
1 30 1.4
1 85 1.4
1 104 1.4
1 138 1.4
1 200 1.4
1 11 1.39
1 47 1.39
1 156 1.39
1 173 1.39
1 155 1.39
1 83 1.39
1 144 1.39
1 84 1.38
1 118 1.38
1 86 1.37
1 212 1.37
1 204 1.37
1 113 1.36
1 68 1.36
1 263 1.36
1 10 1.35
1 18 1.35
1 75 1.35
1 271 1.35
1 9 1.34
1 42 1.34
1 5 1.33
1 20 1.33
1 129 1.32
1 121 1.31
1 275 1.31
1 266 1.31
1 150 1.3
1 234 1.29
1 205 1.29
1 105 1.28
1 189 1.28
1 115 1.27
1 119 1.27
1 211 1.27
1 215 1.26
1 46 1.25
1 43 1.25
1 24 1.25
1 233 1.25
1 8 1.24
1 64 1.24
1 143 1.23
1 164 1.23
1 49 1.22
1 182 1.21
1 213 1.21
1 188 1.21
1 273 1.2
1 15 1.19
1 272 1.19
1 26 1.17
1 279 1.17
1 214 1.17
1 203 1.17
1 124 1.16
1 39 1.15
1 174 1.15
1 107 1.15
1 114 1.14
1 194 1.14
1 165 1.13
1 180 1.13
1 196 1.13
1 209 1.13
1 25 1.12
1 136 1.12
1 201 1.12
1 202 1.12
1 221 1.12
1 157 1.11
1 142 1.11
1 32 1.1
1 48 1.1
1 181 1.1
1 140 1.09
2 55 7.63
2 54 7.3
2 151 5.93
2 56 5.81
2 57 5.29
2 61 4.9
2 152 4.8
2 98 4.45
2 60 4.3
2 31 4.15
2 59 4.12
2 264 4.12
2 166 4.05
2 89 3.95
2 109 3.94
2 68 3.93
2 88 3.91
2 263 3.8
2 58 3.77
2 64 3.76
2 32 3.71
2 33 3.67
2 4 3.63
2 90 3.59
2 115 3.57
2 240 3.49
2 13 3.39
2 167 3.39
2 262 3.37
2 29 3.29
2 246 3.27
2 243 3.22
2 104 3.19
2 28 3.15
2 244 3.15
2 271 3.14
2 169 3.13
2 34 3.09
2 242 3.08
2 241 3.07
2 168 3.04
2 97 3.04
2 8 3.02
2 103 3.02
2 247 3.02
2 91 3.0
2 112 2.95
2 268 2.93
2 3 2.88
2 162 2.88
2 92 2.85
2 35 2.78
2 179 2.72
2 157 2.72
2 75 2.68
2 72 2.67
2 269 2.66
2 188 2.6
2 45 2.57
2 272 2.57
2 63 2.55
2 30 2.51
2 71 2.5
2 79 2.5
2 22 2.48
2 99 2.48
2 82 2.46
2 87 2.46
2 139 2.46
2 40 2.44
2 67 2.43
2 83 2.43
2 113 2.41
2 270 2.4
2 250 2.4
2 80 2.38
2 158 2.38
2 156 2.38
2 163 2.38
2 105 2.38
2 175 2.37
2 226 2.36
2 176 2.36
2 12 2.36
2 233 2.35
2 53 2.33
2 37 2.32
2 2 2.29
2 36 2.27
2 1 2.24
2 77 2.24
2 252 2.24
2 131 2.23
2 172 2.23
2 21 2.22
2 231 2.22
2 267 2.21
2 258 2.21
2 11 2.2
2 130 2.18
2 128 2.18
2 41 2.16
2 62 2.15
2 206 2.15
2 261 2.15
2 256 2.15
2 251 2.14
2 279 2.13
2 95 2.13
2 189 2.12
2 150 2.09
2 101 2.09
2 234 2.08
2 100 2.08
2 155 2.07
2 69 2.06
2 7 2.04
2 182 2.03
2 209 2.03
2 266 2.02
2 170 1.99
2 14 1.99
2 186 1.99
2 96 1.98
2 177 1.97
2 198 1.96
2 84 1.95
2 6 1.95
2 19 1.95
2 111 1.95
2 260 1.95
2 183 1.94
2 159 1.94
2 185 1.94
2 52 1.93
2 203 1.92
2 65 1.92
2 204 1.89
2 106 1.89
2 161 1.88
2 94 1.88
2 224 1.88
2 225 1.86
2 191 1.84
2 86 1.82
2 254 1.8
2 102 1.79
2 114 1.78
2 24 1.77
2 245 1.76
2 147 1.75
2 277 1.74
2 190 1.74
2 154 1.73
2 205 1.72
2 255 1.72
2 207 1.71
2 265 1.7
2 223 1.68
2 249 1.68
2 187 1.67
2 171 1.67
2 132 1.67
2 138 1.66
2 46 1.65
2 15 1.64
2 107 1.64
2 5 1.61
2 219 1.61
2 239 1.6
2 38 1.59
2 210 1.59
2 85 1.59
2 253 1.59
2 81 1.58
2 199 1.58
2 17 1.57
2 20 1.57
2 273 1.56
2 160 1.54
2 25 1.54
2 125 1.53
2 178 1.53
2 221 1.53
2 73 1.52
2 47 1.52
2 181 1.52
2 23 1.51
2 43 1.51
2 39 1.51
2 78 1.48
2 9 1.47
2 202 1.47
2 66 1.46
2 248 1.45
2 174 1.45
2 44 1.43
2 16 1.42
2 70 1.42
2 232 1.41
2 133 1.41
2 74 1.4
2 275 1.4
2 276 1.4
2 257 1.39
2 108 1.38
2 278 1.37
2 134 1.36
2 127 1.35
2 110 1.33
2 184 1.33
2 124 1.32
2 27 1.31
2 137 1.3
2 122 1.29
2 259 1.29
2 195 1.29
2 50 1.28
2 18 1.27
2 141 1.27
2 144 1.26
2 274 1.26
2 116 1.25
2 180 1.25
2 235 1.25
2 49 1.24
2 135 1.24
2 51 1.23
2 121 1.23
2 145 1.23
2 153 1.23
2 140 1.22
2 201 1.22
2 222 1.22
2 76 1.21
2 10 1.21
2 119 1.2
2 236 1.16
2 196 1.15
2 42 1.14
2 136 1.14
2 117 1.14
2 120 1.14
2 129 1.14
2 211 1.13
2 146 1.13
2 148 1.13
2 165 1.12
2 238 1.12
2 220 1.11
2 237 1.11
2 48 1.1
2 118 1.1
2 197 1.1
2 227 1.09
2 213 1.08
2 126 1.07
2 149 1.07
2 212 1.06
2 193 1.06
3 54 7.97
3 55 7.21
3 56 5.9
3 152 5.38
3 57 5.33
3 151 5.03
3 61 4.99
3 109 4.8
3 60 4.76
3 59 4.63
3 58 4.53
3 68 4.48
3 1 4.23
3 166 3.89
3 14 3.87
3 13 3.86
3 179 3.77
3 2 3.68
3 4 3.67
3 7 3.63
3 168 3.6
3 67 3.57
3 177 3.56
3 158 3.51
3 113 3.47
3 178 3.45
3 112 3.4
3 167 3.4
3 72 3.39
3 3 3.37
3 87 3.37
3 198 3.36
3 170 3.26
3 159 3.24
3 28 3.21
3 157 3.2
3 183 3.14
3 156 3.13
3 80 3.11
3 44 3.09
3 115 3.09
3 66 3.08
3 111 3.06
3 22 3.05
3 114 3.03
3 21 3.02
3 64 2.96
3 162 2.89
3 45 2.86
3 174 2.86
3 143 2.86
3 62 2.83
3 163 2.81
3 12 2.8
3 171 2.77
3 189 2.74
3 31 2.73
3 8 2.7
3 95 2.7
3 65 2.69
3 233 2.69
3 188 2.65
3 91 2.63
3 124 2.6
3 199 2.59
3 84 2.58
3 175 2.57
3 41 2.54
3 209 2.54
3 242 2.52
3 206 2.51
3 69 2.5
3 161 2.5
3 85 2.49
3 176 2.48
3 169 2.46
3 147 2.46
3 173 2.43
3 131 2.43
3 129 2.41
3 5 2.4
3 182 2.4
3 24 2.39
3 98 2.39
3 11 2.38
3 223 2.38
3 86 2.38
3 154 2.36
3 63 2.35
3 207 2.35
3 224 2.34
3 250 2.34
3 88 2.34
3 203 2.32
3 172 2.31
3 119 2.29
3 210 2.28
3 139 2.28
3 79 2.27
3 82 2.27
3 185 2.26
3 90 2.25
3 150 2.24
3 249 2.22
3 241 2.22
3 240 2.2
3 71 2.19
3 89 2.18
3 15 2.17
3 144 2.16
3 83 2.16
3 6 2.15
3 33 2.15
3 39 2.15
3 142 2.15
3 248 2.14
3 194 2.14
3 76 2.12
3 225 2.08
3 190 2.08
3 92 2.08
3 77 2.06
3 138 2.06
3 126 2.06
3 186 2.03
3 20 2.01
3 196 2.01
3 53 2.0
3 40 2.0
3 220 1.99
3 234 1.99
3 180 1.98
3 128 1.98
3 244 1.98
3 134 1.97
3 19 1.97
3 238 1.97
3 187 1.97
3 181 1.95
3 78 1.95
3 202 1.95
3 103 1.95
3 81 1.94
3 118 1.94
3 104 1.94
3 18 1.93
3 251 1.92
3 279 1.92
3 130 1.91
3 264 1.91
3 70 1.9
3 204 1.89
3 52 1.88
3 101 1.88
3 94 1.87
3 165 1.87
3 153 1.86
3 205 1.85
3 263 1.85
3 246 1.84
3 191 1.84
3 97 1.84
3 16 1.83
3 38 1.83
3 239 1.83
3 267 1.83
3 232 1.82
3 271 1.82
3 237 1.8
3 140 1.8
3 269 1.79
3 74 1.78
3 32 1.78
3 268 1.77
3 219 1.76
3 262 1.76
3 120 1.76
3 121 1.76
3 127 1.76
3 195 1.76
3 43 1.72
3 35 1.72
3 236 1.72
3 47 1.71
3 42 1.7
3 243 1.7
3 100 1.7
3 184 1.69
3 231 1.69
3 197 1.69
3 29 1.68
3 135 1.68
3 50 1.67
3 201 1.67
3 164 1.67
3 23 1.66
3 93 1.66
3 105 1.66
3 208 1.65
3 125 1.64
3 160 1.64
3 30 1.64
3 36 1.64
3 261 1.63
3 75 1.6
3 221 1.6
3 258 1.6
3 200 1.59
3 226 1.57
3 141 1.56
3 116 1.56
3 145 1.55
3 270 1.55
3 133 1.54
3 252 1.54
3 99 1.53
3 193 1.53
3 235 1.52
3 108 1.52
3 216 1.5
3 272 1.5
3 17 1.49
3 230 1.49
3 247 1.48
3 214 1.48
3 51 1.47
3 123 1.47
3 10 1.46
3 34 1.46
3 265 1.46
3 117 1.46
3 26 1.45
3 217 1.44
3 256 1.44
3 213 1.43
3 73 1.42
3 211 1.42
3 27 1.42
3 96 1.42
3 228 1.41
3 229 1.39
3 136 1.38
3 110 1.38
3 192 1.37
3 218 1.37
3 49 1.36
3 132 1.36
3 106 1.36
3 48 1.35
3 222 1.34
3 155 1.33
3 37 1.31
3 278 1.31
3 227 1.31
3 122 1.31
3 212 1.3
3 102 1.3
3 9 1.27
3 254 1.27
3 260 1.26
3 253 1.23
3 149 1.21
3 25 1.2
3 255 1.2
3 273 1.19
3 259 1.16
3 46 1.15
3 107 1.15
3 257 1.14
3 274 1.13
3 275 1.11
3 276 1.11
3 245 1.08
3 266 1.08
3 215 1.07
3 277 1.07
3 137 1.05
3 148 1.05
