1 25 4.88
1 44 4.48
1 51 4.08
1 34 4.01
1 35 3.78
1 24 3.7
1 27 3.66
1 52 3.6
1 31 3.6
1 23 3.49
1 17 3.44
1 33 3.41
1 18 3.24
1 46 3.23
1 32 3.13
1 29 3.03
1 28 2.97
1 4 2.81
1 13 2.76
1 36 2.75
1 21 2.73
1 57 2.72
1 7 2.65
1 9 2.65
1 56 2.59
1 49 2.52
1 3 2.51
1 40 2.47
1 30 2.45
1 43 2.45
1 15 2.42
1 58 2.4
1 47 2.38
1 20 2.34
1 59 2.34
1 19 2.32
1 8 2.32
1 12 2.31
1 26 2.3
1 50 2.3
1 54 2.27
1 45 2.23
1 6 2.2
1 11 2.18
1 14 2.15
1 10 2.14
1 55 2.11
1 16 2.0
1 41 1.99
1 42 1.91
1 48 1.8
1 38 1.74
1 5 1.74
1 61 1.69
1 53 1.59
1 39 1.58
1 37 1.54
1 22 1.49
1 1 1.44
1 2 1.1
2 34 4.03
2 13 3.64
2 46 3.63
2 7 3.56
2 51 3.47
2 23 3.38
2 44 3.36
2 39 3.29
2 26 3.25
2 19 3.13
2 33 2.98
2 30 2.9
2 8 2.69
2 28 2.63
2 29 2.63
2 31 2.63
2 21 2.57
2 47 2.5
2 24 2.36
2 5 2.31
2 56 2.15
2 17 2.08
2 37 2.05
2 12 2.01
2 4 1.94
2 50 1.82
2 15 1.76
2 27 1.66
2 58 1.57
2 9 1.54
2 53 1.22
2 16 1.16
3 26 5.0
3 46 4.98
3 30 4.5
3 28 4.4
3 33 4.26
3 36 4.26
3 27 4.16
3 49 4.09
3 23 4.05
3 18 3.83
3 48 3.49
3 52 2.66
3 6 2.47
3 4 2.19
3 11 1.82
3 12 1.81
3 10 1.78
3 13 1.78
3 54 1.77
3 8 1.77
3 39 1.76
3 38 1.75
3 55 1.74
3 14 1.7
3 37 1.67
4 23 5.7
4 35 4.72
4 31 4.47
4 25 4.45
4 46 4.02
4 45 3.42
4 20 3.34
4 48 3.34
4 34 3.26
4 56 3.21
4 50 3.2
4 37 3.08
4 33 3.06
4 19 3.0
4 52 2.89
4 24 2.75
4 17 2.74
4 5 2.62
4 47 2.61
4 40 2.59
4 42 2.47
4 15 2.41
4 39 2.3
4 8 2.27
4 36 2.18
4 12 2.1
4 28 2.02
4 29 1.98
4 9 1.91
4 41 1.84
4 49 1.77
4 13 1.65
4 43 1.64
4 16 1.6
4 51 1.53
4 32 1.52
4 58 1.5
4 55 1.48
4 10 1.46
4 4 1.46
4 14 1.45
4 6 1.45
4 38 1.44
4 30 1.25
4 44 1.23
4 61 1.22
4 11 1.2
5 7 4.49
5 11 4.16
5 21 3.99
5 44 3.99
5 46 3.95
5 51 3.59
5 26 3.48
5 18 3.31
5 13 3.22
5 8 3.14
5 2 3.07
5 34 2.84
5 40 2.76
5 3 2.75
5 6 2.61
5 45 2.53
5 31 2.53
5 57 2.41
5 37 2.37
5 23 2.31
5 20 2.3
5 41 2.26
5 10 2.24
5 16 2.21
5 32 2.21
5 5 2.14
5 4 2.13
5 36 2.12
5 52 2.05
5 19 1.97
5 33 1.94
5 39 1.9
5 60 1.86
5 47 1.82
5 35 1.79
5 48 1.77
5 28 1.77
5 15 1.72
5 30 1.66
5 24 1.65
5 38 1.65
5 12 1.63
5 42 1.63
5 58 1.6
5 50 1.58
5 9 1.55
5 27 1.53
5 54 1.53
5 55 1.52
5 17 1.51
5 53 1.5
5 25 1.47
5 59 1.47
5 56 1.46
5 49 1.4
5 61 1.4
5 14 1.37
5 43 1.26
5 22 1.2
5 29 1.2
