1 39 4.6
1 22 3.33
1 24 2.73
1 3 2.37
1 1 2.21
1 37 2.1
1 28 1.82
1 45 1.81
1 33 1.38
1 492 1.28
1 282 1.25
1 405 1.23
1 540 1.22
1 551 1.21
1 872 1.2
1 493 1.2
1 71 1.19
1 585 1.19
1 839 1.19
1 284 1.18
1 667 1.18
1 133 1.18
1 197 1.18
1 219 1.18
1 537 1.18
1 547 1.18
1 387 1.17
1 947 1.17
1 970 1.17
1 504 1.17
1 496 1.17
1 522 1.16
1 574 1.16
1 524 1.15
1 468 1.15
1 557 1.15
1 18 1.14
1 479 1.14
1 509 1.14
1 568 1.14
1 932 1.14
1 239 1.14
1 448 1.14
1 464 1.14
1 507 1.14
1 531 1.14
1 571 1.14
1 593 1.14
1 604 1.14
1 617 1.14
1 773 1.13
1 886 1.13
1 523 1.13
1 686 1.13
1 470 1.13
1 510 1.13
1 548 1.13
1 553 1.13
1 580 1.13
1 599 1.13
1 602 1.13
1 844 1.13
1 218 1.12
1 290 1.12
1 875 1.12
1 957 1.12
1 716 1.12
1 502 1.12
1 175 1.12
1 473 1.12
1 518 1.12
1 567 1.12
1 576 1.12
1 583 1.12
1 343 1.11
1 180 1.11
1 561 1.11
1 890 1.11
1 114 1.11
1 337 1.11
1 663 1.11
1 726 1.11
1 796 1.11
1 134 1.11
1 262 1.11
1 275 1.11
1 454 1.11
1 461 1.11
1 466 1.11
1 530 1.11
1 566 1.11
1 586 1.11
1 612 1.11
1 736 1.11
1 291 1.1
1 292 1.1
1 354 1.1
1 760 1.1
1 280 1.1
1 23 1.1
1 34 1.1
1 935 1.1
1 959 1.1
1 482 1.1
1 710 1.1
1 289 1.1
1 620 1.1
1 628 1.1
1 642 1.1
1 788 1.1
1 252 1.1
1 465 1.1
1 498 1.1
1 545 1.1
1 555 1.1
1 562 1.1
1 573 1.1
1 581 1.1
1 615 1.1
1 285 1.09
1 293 1.09
1 20 1.09
1 25 1.09
1 95 1.09
1 323 1.09
1 600 1.09
1 885 1.09
1 905 1.09
1 911 1.09
1 929 1.09
1 931 1.09
1 660 1.09
1 661 1.09
1 718 1.09
1 724 1.09
1 644 1.09
1 474 1.09
1 488 1.09
1 500 1.09
1 526 1.09
1 565 1.09
1 570 1.09
1 578 1.09
1 582 1.09
1 607 1.09
1 849 1.09
1 349 1.08
1 352 1.08
1 353 1.08
1 1004 1.08
1 5 1.08
1 403 1.08
1 877 1.08
1 914 1.08
1 938 1.08
1 939 1.08
1 942 1.08
1 945 1.08
1 948 1.08
1 955 1.08
1 968 1.08
1 981 1.08
1 659 1.08
1 697 1.08
1 715 1.08
1 338 1.08
1 636 1.08
1 651 1.08
1 409 1.08
1 813 1.08
1 196 1.08
1 469 1.08
1 484 1.08
1 513 1.08
1 532 1.08
1 542 1.08
1 549 1.08
1 556 1.08
1 591 1.08
1 592 1.08
1 606 1.08
1 852 1.08
1 47 1.08
1 297 1.08
1 360 1.07
1 363 1.07
1 742 1.07
1 758 1.07
1 764 1.07
1 370 1.07
1 372 1.07
1 374 1.07
1 862 1.07
1 871 1.07
1 881 1.07
1 893 1.07
1 898 1.07
1 916 1.07
1 922 1.07
1 924 1.07
1 936 1.07
1 964 1.07
1 210 1.07
1 653 1.07
1 672 1.07
1 692 1.07
1 698 1.07
1 706 1.07
1 709 1.07
1 719 1.07
1 55 1.07
1 296 1.07
1 450 1.07
1 637 1.07
1 423 1.07
1 778 1.07
1 803 1.07
1 806 1.07
1 223 1.07
1 460 1.07
1 471 1.07
1 476 1.07
1 477 1.07
1 514 1.07
1 517 1.07
1 535 1.07
1 330 1.07
1 364 1.06
1 414 1.06
1 757 1.06
1 762 1.06
1 772 1.06
1 321 1.06
1 326 1.06
1 375 1.06
1 445 1.06
1 824 1.06
1 836 1.06
1 391 1.06
1 884 1.06
1 892 1.06
1 897 1.06
1 902 1.06
1 907 1.06
1 913 1.06
1 921 1.06
1 925 1.06
1 941 1.06
1 973 1.06
1 979 1.06
1 298 1.06
1 536 1.06
1 674 1.06
1 702 1.06
1 730 1.06
1 645 1.06
1 407 1.06
1 311 1.06
1 799 1.06
1 807 1.06
1 817 1.06
1 72 1.06
1 73 1.06
1 236 1.06
1 243 1.06
1 480 1.06
1 494 1.06
1 501 1.06
1 503 1.06
1 521 1.06
1 550 1.06
1 588 1.06
1 609 1.06
1 850 1.06
1 46 1.06
1 444 1.06
1 12 1.05
1 213 1.05
1 756 1.05
1 49 1.05
1 63 1.05
1 324 1.05
1 821 1.05
1 827 1.05
1 876 1.05
1 879 1.05
1 920 1.05
1 933 1.05
1 951 1.05
1 965 1.05
1 966 1.05
1 982 1.05
1 652 1.05
1 662 1.05
1 666 1.05
1 676 1.05
1 680 1.05
1 682 1.05
1 707 1.05
1 717 1.05
1 729 1.05
1 54 1.05
1 340 1.05
1 624 1.05
1 347 1.05
1 392 1.05
1 789 1.05
1 811 1.05
1 812 1.05
1 8 1.05
1 169 1.05
1 559 1.05
1 590 1.05
1 611 1.05
1 842 1.05
1 845 1.05
1 854 1.05
1 342 1.05
1 1002 1.05
1 341 1.04
1 358 1.04
1 745 1.04
1 747 1.04
1 748 1.04
1 751 1.04
1 759 1.04
1 761 1.04
1 768 1.04
1 4 1.04
1 6 1.04
1 303 1.04
1 306 1.04
1 320 1.04
1 325 1.04
1 385 1.04
1 826 1.04
1 828 1.04
1 834 1.04
1 869 1.04
1 891 1.04
1 894 1.04
1 896 1.04
1 899 1.04
1 909 1.04
1 919 1.04
1 923 1.04
1 927 1.04
1 954 1.04
1 958 1.04
1 977 1.04
1 300 1.04
1 458 1.04
1 656 1.04
1 664 1.04
1 668 1.04
1 691 1.04
1 695 1.04
1 701 1.04
1 704 1.04
1 705 1.04
1 713 1.04
1 723 1.04
1 728 1.04
1 287 1.04
1 625 1.04
1 627 1.04
1 630 1.04
1 856 1.04
1 792 1.04
1 793 1.04
1 802 1.04
1 176 1.04
1 226 1.04
1 481 1.04
1 490 1.04
1 491 1.04
1 499 1.04
1 506 1.04
1 511 1.04
1 529 1.04
1 543 1.04
1 546 1.04
1 552 1.04
1 596 1.04
1 597 1.04
1 603 1.04
1 846 1.04
1 848 1.04
1 411 1.04
1 413 1.04
1 66 1.04
1 389 1.04
1 421 1.04
1 447 1.04
1 2 1.03
1 355 1.03
1 378 1.03
1 402 1.03
1 743 1.03
1 765 1.03
1 770 1.03
1 1003 1.03
1 65 1.03
1 302 1.03
1 318 1.03
1 830 1.03
1 831 1.03
1 832 1.03
1 833 1.03
1 838 1.03
1 41 1.03
1 181 1.03
1 428 1.03
1 863 1.03
1 865 1.03
1 882 1.03
1 901 1.03
1 903 1.03
1 930 1.03
1 934 1.03
1 949 1.03
1 969 1.03
1 972 1.03
1 975 1.03
1 51 1.03
1 240 1.03
1 241 1.03
1 361 1.03
1 453 1.03
1 613 1.03
1 657 1.03
1 678 1.03
1 683 1.03
1 684 1.03
1 687 1.03
1 688 1.03
1 689 1.03
1 693 1.03
1 699 1.03
1 703 1.03
1 722 1.03
1 727 1.03
1 731 1.03
1 618 1.03
1 619 1.03
1 621 1.03
1 622 1.03
1 626 1.03
1 632 1.03
1 641 1.03
1 995 1.03
1 424 1.03
1 855 1.03
1 174 1.03
1 790 1.03
1 791 1.03
1 794 1.03
1 795 1.03
1 815 1.03
1 79 1.03
1 173 1.03
1 231 1.03
1 251 1.03
1 274 1.03
1 478 1.03
1 489 1.03
1 505 1.03
1 508 1.03
1 520 1.03
1 539 1.03
1 563 1.03
1 572 1.03
1 575 1.03
1 584 1.03
1 601 1.03
1 608 1.03
1 847 1.03
1 416 1.03
1 733 1.03
1 735 1.03
1 739 1.03
1 52 1.03
1 334 1.03
1 336 1.03
1 344 1.03
1 351 1.02
1 412 1.02
1 746 1.02
1 752 1.02
1 754 1.02
1 774 1.02
1 408 1.02
1 825 1.02
1 829 1.02
1 864 1.02
1 867 1.02
1 874 1.02
1 883 1.02
1 887 1.02
1 889 1.02
1 895 1.02
1 904 1.02
1 912 1.02
1 917 1.02
1 926 1.02
1 937 1.02
1 943 1.02
1 946 1.02
1 974 1.02
1 976 1.02
1 238 1.02
1 362 1.02
1 654 1.02
1 655 1.02
1 658 1.02
1 665 1.02
1 670 1.02
1 675 1.02
1 677 1.02
1 679 1.02
1 700 1.02
1 720 1.02
1 725 1.02
1 732 1.02
1 333 1.02
1 623 1.02
1 633 1.02
1 634 1.02
1 640 1.02
1 646 1.02
1 647 1.02
1 648 1.02
1 650 1.02
1 994 1.02
1 60 1.02
1 425 1.02
1 427 1.02
1 858 1.02
1 859 1.02
1 992 1.02
1 141 1.02
1 165 1.02
1 345 1.02
1 777 1.02
1 779 1.02
1 780 1.02
1 781 1.02
1 783 1.02
1 784 1.02
1 801 1.02
1 808 1.02
1 809 1.02
1 814 1.02
1 819 1.02
1 820 1.02
1 224 1.02
1 495 1.02
1 528 1.02
1 534 1.02
1 541 1.02
1 560 1.02
1 594 1.02
1 605 1.02
1 42 1.02
1 48 1.02
1 56 1.02
1 283 1.02
1 312 1.02
1 410 1.02
1 415 1.02
1 459 1.02
1 734 1.02
1 738 1.02
1 741 1.02
1 61 1.02
1 62 1.02
1 68 1.02
1 288 1.02
1 329 1.02
1 365 1.02
1 988 1.02
1 128 1.01
1 350 1.01
1 750 1.01
1 753 1.01
1 769 1.01
1 775 1.01
1 1005 1.01
1 69 1.01
1 371 1.01
1 837 1.01
1 918 1.01
1 669 1.01
1 673 1.01
1 685 1.01
1 170 1.01
1 315 1.01
1 339 1.01
1 629 1.01
1 631 1.01
1 638 1.01
1 639 1.01
1 996 1.01
1 310 1.01
1 331 1.01
1 38 1.01
1 58 1.01
1 281 1.01
1 805 1.01
1 816 1.01
1 84 1.01
1 186 1.01
1 483 1.01
1 533 1.01
1 44 1.01
1 313 1.01
1 740 1.01
1 10 1.0
1 245 1.0
1 348 1.0
1 369 1.0
1 744 1.0
1 749 1.0
1 755 1.0
1 763 1.0
1 766 1.0
1 767 1.0
1 771 1.0
1 776 1.0
1 21 1.0
1 304 1.0
1 305 1.0
1 319 1.0
1 322 1.0
1 327 1.0
1 328 1.0
1 373 1.0
1 383 1.0
1 384 1.0
1 386 1.0
1 404 1.0
1 406 1.0
1 822 1.0
1 823 1.0
1 835 1.0
1 861 1.0
1 866 1.0
1 868 1.0
1 870 1.0
1 873 1.0
1 878 1.0
1 880 1.0
1 888 1.0
1 900 1.0
1 906 1.0
1 908 1.0
1 910 1.0
1 915 1.0
1 928 1.0
1 940 1.0
1 944 1.0
1 950 1.0
1 952 1.0
1 953 1.0
1 956 1.0
1 960 1.0
1 961 1.0
1 962 1.0
1 963 1.0
1 967 1.0
1 971 1.0
1 978 1.0
1 980 1.0
1 211 1.0
1 299 1.0
1 301 1.0
1 595 1.0
1 671 1.0
1 681 1.0
1 690 1.0
1 694 1.0
1 696 1.0
1 708 1.0
1 711 1.0
1 712 1.0
1 714 1.0
1 721 1.0
1 286 1.0
1 335 1.0
1 368 1.0
1 635 1.0
1 643 1.0
1 649 1.0
1 426 1.0
1 429 1.0
1 430 1.0
1 857 1.0
1 860 1.0
1 244 1.0
1 390 1.0
1 782 1.0
1 785 1.0
1 786 1.0
1 787 1.0
1 797 1.0
1 798 1.0
1 800 1.0
1 804 1.0
1 810 1.0
1 818 1.0
1 74 1.0
1 87 1.0
1 88 1.0
1 156 1.0
1 225 1.0
1 255 1.0
1 256 1.0
1 456 1.0
1 467 1.0
1 472 1.0
1 475 1.0
1 485 1.0
1 486 1.0
1 487 1.0
1 497 1.0
1 512 1.0
1 515 1.0
1 516 1.0
1 519 1.0
1 525 1.0
1 527 1.0
1 538 1.0
1 544 1.0
1 554 1.0
1 558 1.0
1 564 1.0
1 569 1.0
1 577 1.0
1 579 1.0
1 587 1.0
1 589 1.0
1 598 1.0
1 610 1.0
1 614 1.0
1 616 1.0
1 840 1.0
1 841 1.0
1 843 1.0
1 851 1.0
1 853 1.0
1 264 1.0
1 462 1.0
1 737 1.0
1 359 1.0
1 449 1.0
1 451 1.0
1 985 1.0
1 986 1.0
2 3 4.1
2 33 1.6
2 28 1.3
2 106 1.28
2 24 1.26
2 45 1.23
2 121 1.22
2 239 1.22
2 269 1.22
2 83 1.21
2 153 1.16
2 14 1.15
2 189 1.15
2 143 1.14
2 220 1.14
2 96 1.13
2 129 1.13
2 172 1.13
2 177 1.13
2 198 1.13
2 210 1.13
2 95 1.12
2 179 1.12
2 227 1.12
2 232 1.11
2 254 1.11
2 71 1.1
2 76 1.1
2 86 1.1
2 98 1.1
2 166 1.1
2 207 1.1
2 213 1.1
2 218 1.1
2 225 1.1
2 273 1.1
2 302 1.1
2 1 1.09
2 105 1.09
2 154 1.09
2 173 1.09
2 183 1.09
2 184 1.09
2 195 1.09
2 228 1.09
2 37 1.09
2 13 1.08
2 21 1.08
2 142 1.08
2 186 1.08
2 194 1.08
2 200 1.08
2 202 1.08
2 211 1.08
2 221 1.08
2 235 1.08
2 256 1.08
2 266 1.08
2 435 1.08
2 384 1.08
2 88 1.07
2 99 1.07
2 107 1.07
2 110 1.07
2 122 1.07
2 158 1.07
2 161 1.07
2 188 1.07
2 192 1.07
2 197 1.07
2 237 1.07
2 261 1.07
2 389 1.07
2 22 1.07
2 23 1.07
2 279 1.07
2 16 1.06
2 80 1.06
2 82 1.06
2 89 1.06
2 102 1.06
2 103 1.06
2 104 1.06
2 126 1.06
2 135 1.06
2 140 1.06
2 144 1.06
2 150 1.06
2 152 1.06
2 155 1.06
2 159 1.06
2 170 1.06
2 175 1.06
2 181 1.06
2 201 1.06
2 212 1.06
2 215 1.06
2 234 1.06
2 240 1.06
2 265 1.06
2 268 1.06
2 271 1.06
2 274 1.06
2 27 1.06
2 347 1.06
2 56 1.06
2 66 1.06
2 133 1.05
2 147 1.05
2 163 1.05
2 191 1.05
2 196 1.05
2 206 1.05
2 238 1.05
2 248 1.05
2 262 1.05
2 270 1.05
2 446 1.05
2 377 1.05
2 440 1.05
2 39 1.05
2 42 1.05
2 48 1.05
2 6 1.04
2 12 1.04
2 15 1.04
2 19 1.04
2 79 1.04
2 81 1.04
2 92 1.04
2 108 1.04
2 117 1.04
2 119 1.04
2 124 1.04
2 132 1.04
2 137 1.04
2 145 1.04
2 149 1.04
2 164 1.04
2 165 1.04
2 171 1.04
2 180 1.04
2 190 1.04
2 203 1.04
2 280 1.04
2 296 1.04
2 439 1.04
2 442 1.04
2 292 1.04
2 444 1.04
2 1004 1.03
2 10 1.03
2 72 1.03
2 93 1.03
2 101 1.03
2 113 1.03
2 118 1.03
2 128 1.03
2 130 1.03
2 156 1.03
2 168 1.03
2 178 1.03
2 182 1.03
2 205 1.03
2 209 1.03
2 257 1.03
2 259 1.03
2 376 1.03
2 300 1.03
2 454 1.03
2 458 1.03
2 463 1.03
2 317 1.03
2 392 1.03
2 429 1.03
2 441 1.03
2 312 1.03
2 311 1.03
2 997 1.03
2 2 1.02
2 8 1.02
2 20 1.02
2 70 1.02
2 100 1.02
2 131 1.02
2 185 1.02
2 199 1.02
2 214 1.02
2 229 1.02
2 231 1.02
2 243 1.02
2 247 1.02
2 249 1.02
2 250 1.02
2 307 1.02
2 314 1.02
2 29 1.02
2 301 1.02
2 449 1.02
2 455 1.02
2 457 1.02
2 55 1.02
2 289 1.02
2 388 1.02
2 34 1.02
2 35 1.02
2 395 1.02
2 400 1.02
2 401 1.02
2 423 1.02
2 427 1.02
2 430 1.02
2 432 1.02
2 434 1.02
2 443 1.02
2 36 1.02
2 281 1.02
2 380 1.02
2 381 1.02
2 310 1.02
2 405 1.02
2 417 1.02
2 992 1.02
2 1001 1.02
2 1002 1.02
2 293 1.01
2 378 1.01
2 986 1.01
2 987 1.01
2 138 1.01
2 160 1.01
2 242 1.01
2 26 1.01
2 387 1.01
2 993 1.01
2 51 1.01
2 299 1.01
2 361 1.01
2 367 1.01
2 450 1.01
2 451 1.01
2 63 1.01
2 333 1.01
2 366 1.01
2 331 1.01
2 397 1.01
2 399 1.01
2 418 1.01
2 424 1.01
2 431 1.01
2 436 1.01
2 38 1.01
2 382 1.01
2 41 1.01
2 43 1.01
2 46 1.01
2 335 1.01
2 420 1.01
2 991 1.01
2 999 1.01
2 1000 1.01
2 284 1.0
2 343 1.0
2 363 1.0
2 631 1.0
2 4 1.0
2 5 1.0
2 7 1.0
2 9 1.0
2 11 1.0
2 17 1.0
2 18 1.0
2 25 1.0
2 69 1.0
2 73 1.0
2 74 1.0
2 75 1.0
2 77 1.0
2 78 1.0
2 84 1.0
2 85 1.0
2 87 1.0
2 90 1.0
2 91 1.0
2 94 1.0
2 97 1.0
2 109 1.0
2 111 1.0
2 112 1.0
2 114 1.0
2 115 1.0
2 116 1.0
2 120 1.0
2 123 1.0
2 125 1.0
2 127 1.0
2 134 1.0
2 136 1.0
2 139 1.0
2 141 1.0
2 146 1.0
2 148 1.0
2 151 1.0
2 157 1.0
2 162 1.0
2 167 1.0
2 169 1.0
2 174 1.0
2 176 1.0
2 187 1.0
2 193 1.0
2 204 1.0
2 208 1.0
2 216 1.0
2 217 1.0
2 219 1.0
2 222 1.0
2 223 1.0
2 224 1.0
2 226 1.0
2 230 1.0
2 233 1.0
2 236 1.0
2 241 1.0
2 244 1.0
2 245 1.0
2 246 1.0
2 251 1.0
2 252 1.0
2 253 1.0
2 255 1.0
2 258 1.0
2 260 1.0
2 263 1.0
2 264 1.0
2 267 1.0
2 272 1.0
2 275 1.0
2 276 1.0
2 303 1.0
2 332 1.0
2 422 1.0
2 445 1.0
2 989 1.0
2 308 1.0
2 452 1.0
2 453 1.0
2 456 1.0
2 64 1.0
2 44 1.0
2 277 1.0
2 278 1.0
2 393 1.0
2 394 1.0
2 396 1.0
2 398 1.0
2 425 1.0
2 426 1.0
2 428 1.0
2 433 1.0
2 437 1.0
2 438 1.0
2 855 1.0
2 379 1.0
2 40 1.0
2 47 1.0
2 52 1.0
2 53 1.0
2 291 1.0
2 313 1.0
2 65 1.0
2 67 1.0
2 309 1.0
2 346 1.0
2 356 1.0
2 357 1.0
2 390 1.0
2 419 1.0
2 990 1.0
2 998 1.0
3 1 4.23
3 22 3.9
3 28 3.32
3 31 3.32
3 32 3.24
3 316 3.18
3 30 3.1
3 12 2.75
3 58 2.74
3 295 2.64
3 284 2.6
3 279 2.38
3 11 2.36
3 293 2.36
3 285 2.29
3 128 2.25
3 492 2.14
3 294 2.11
3 45 2.08
3 33 2.07
3 19 2.02
3 289 2.01
3 50 1.92
3 388 1.9
3 3 1.68
3 57 1.65
3 47 1.62
3 48 1.62
3 342 1.54
3 4 1.48
3 59 1.43
3 39 1.42
3 448 1.39
3 407 1.38
4 48 4.61
4 28 4.58
4 47 4.55
4 45 4.39
4 3 3.33
4 46 3.26
4 289 2.92
4 55 2.81
4 20 2.76
4 291 2.61
4 290 2.58
4 984 2.33
4 95 2.27
4 983 2.27
4 33 2.24
4 23 1.89
4 51 1.66
4 277 1.66
4 24 1.57
4 22 1.54
4 387 1.51
