1 54 7.866
1 55 7.31
1 57 6.252
1 56 5.396
1 169 4.628
1 168 4.594
1 246 4.518
1 259 4.472
1 152 4.068
1 158 3.958
1 175 3.944
1 69 3.928
1 35 3.818
1 179 3.722
1 247 3.69
1 34 3.684
1 252 3.44
1 176 3.432
1 28 3.42
1 96 3.418
1 210 3.38
1 91 3.306
1 151 3.262
1 14 3.184
1 70 3.162
1 183 3.142
1 29 3.138
1 99 3.132
1 88 3.116
1 101 3.068
1 87 3.03
1 90 2.96
1 241 2.956
1 67 2.948
1 111 2.922
1 33 2.898
1 109 2.874
1 163 2.868
1 260 2.864
1 172 2.86
1 258 2.812
1 254 2.808
1 100 2.8
1 98 2.8
1 36 2.79
1 242 2.726
1 244 2.712
1 61 2.676
1 243 2.666
1 92 2.664
1 31 2.658
1 178 2.654
1 248 2.638
1 217 2.632
1 208 2.624
1 245 2.602
1 37 2.58
1 38 2.564
1 128 2.548
1 13 2.516
1 219 2.48
1 251 2.47
1 159 2.46
1 267 2.432
1 261 2.428
1 256 2.414
1 240 2.408
1 249 2.404
1 206 2.376
1 238 2.36
1 134 2.336
1 257 2.336
1 250 2.33
1 60 2.328
1 133 2.29
1 235 2.288
1 97 2.278
1 112 2.276
1 102 2.274
1 191 2.274
1 237 2.244
1 132 2.228
1 195 2.22
1 103 2.214
1 253 2.198
1 236 2.196
1 276 2.142
1 220 2.116
1 45 2.104
1 198 2.062
1 190 2.062
1 226 2.026
1 93 2.008
1 268 1.998
1 170 1.998
1 2 1.98
1 44 1.978
1 239 1.972
1 255 1.97
1 225 1.954
1 1 1.94
1 135 1.916
1 223 1.916
1 207 1.908
1 222 1.9
1 94 1.888
1 199 1.884
1 185 1.85
1 161 1.822
1 89 1.816
1 184 1.792
1 218 1.788
1 7 1.776
1 177 1.77
1 269 1.766
1 59 1.762
1 95 1.748
1 156 1.748
1 186 1.716
1 51 1.714
1 17 1.71
1 264 1.688
1 117 1.682
1 116 1.676
1 3 1.664
1 162 1.662
1 187 1.656
1 63 1.652
1 110 1.642
1 130 1.64
1 270 1.63
1 62 1.626
1 224 1.626
1 144 1.624
1 171 1.618
1 80 1.618
1 22 1.616
1 20 1.616
1 192 1.612
1 58 1.606
1 65 1.602
1 76 1.598
1 79 1.598
1 139 1.59
1 131 1.578
1 12 1.562
1 138 1.552
1 147 1.542
1 145 1.534
1 146 1.53
1 10 1.528
1 160 1.524
1 193 1.514
1 216 1.51
1 19 1.498
1 113 1.49
1 68 1.484
1 18 1.478
1 125 1.474
1 50 1.47
1 9 1.47
1 71 1.468
1 4 1.466
1 215 1.466
1 21 1.464
1 265 1.458
1 75 1.454
1 11 1.444
1 155 1.444
1 53 1.43
1 106 1.43
1 262 1.428
1 52 1.426
1 104 1.418
1 72 1.416
1 85 1.416
1 86 1.416
1 121 1.414
1 232 1.414
1 141 1.408
1 205 1.406
1 66 1.404
1 120 1.398
1 6 1.392
1 271 1.388
1 74 1.384
1 188 1.372
1 83 1.368
1 137 1.368
1 231 1.362
1 118 1.362
1 24 1.362
1 274 1.362
1 73 1.356
1 200 1.352
1 279 1.344
1 84 1.34
1 263 1.338
1 213 1.332
1 266 1.332
1 43 1.326
1 30 1.324
1 211 1.32
1 173 1.312
1 150 1.31
1 23 1.306
1 119 1.306
1 143 1.306
1 204 1.304
1 46 1.302
1 273 1.3
1 105 1.298
1 129 1.286
1 272 1.278
1 234 1.272
1 42 1.268
1 64 1.268
1 182 1.258
1 214 1.256
1 275 1.254
1 194 1.25
1 115 1.238
1 5 1.236
1 47 1.234
1 15 1.208
1 212 1.206
1 124 1.204
1 201 1.198
1 189 1.196
1 233 1.194
1 164 1.184
1 165 1.182
1 26 1.174
1 203 1.172
1 174 1.168
1 39 1.16
1 209 1.16
1 114 1.156
1 49 1.148
1 196 1.146
1 8 1.144
1 140 1.142
1 142 1.14
1 180 1.136
1 32 1.134
1 157 1.132
1 25 1.13
1 136 1.128
1 202 1.122
1 48 1.12
1 181 1.116
1 221 1.114
1 107 1.112
2 54 7.49
2 55 7.216
2 56 5.828
2 151 5.774
2 57 5.168
2 152 4.918
2 60 4.444
2 61 4.38
2 59 4.322
2 264 4.124
2 33 4.01
2 263 3.842
2 88 3.834
2 98 3.774
2 31 3.764
2 89 3.668
2 241 3.666
2 166 3.604
2 32 3.572
2 58 3.542
2 109 3.498
2 240 3.456
2 115 3.452
2 247 3.436
2 64 3.372
2 13 3.36
2 90 3.346
2 91 3.332
2 167 3.306
2 157 3.23
2 8 3.192
2 4 3.182
2 28 3.158
2 262 3.152
2 29 3.148
2 68 3.034
2 104 3.016
2 243 2.994
2 242 2.984
2 92 2.97
2 87 2.966
2 103 2.946
2 169 2.894
2 112 2.87
2 158 2.868
2 269 2.838
2 272 2.806
2 271 2.804
2 179 2.792
2 34 2.74
2 168 2.736
2 21 2.726
2 22 2.704
2 7 2.7
2 97 2.686
2 246 2.672
2 150 2.67
2 172 2.654
2 30 2.654
2 71 2.638
2 162 2.634
2 3 2.628
2 83 2.608
2 244 2.596
2 279 2.584
2 250 2.568
2 100 2.56
2 75 2.524
2 252 2.502
2 188 2.498
2 79 2.496
2 268 2.494
2 175 2.478
2 270 2.464
2 37 2.454
2 99 2.432
2 101 2.402
2 113 2.396
2 72 2.384
2 82 2.38
2 14 2.378
2 176 2.374
2 131 2.348
2 41 2.348
2 63 2.316
2 35 2.308
2 62 2.302
2 267 2.292
2 260 2.29
2 163 2.284
2 11 2.282
2 95 2.276
2 12 2.264
2 45 2.264
2 251 2.23
2 69 2.224
2 1 2.22
2 258 2.214
2 177 2.202
2 105 2.194
2 156 2.188
2 67 2.18
2 256 2.174
2 38 2.172
2 96 2.168
2 203 2.164
2 80 2.162
2 266 2.156
2 77 2.146
2 53 2.134
2 52 2.122
2 198 2.12
2 233 2.11
2 24 2.1
2 205 2.086
2 111 2.068
2 182 2.062
2 265 2.054
2 224 2.04
2 84 2.038
2 226 2.036
2 234 2.034
2 36 2.034
2 40 2.026
2 114 2.024
2 147 2.014
2 254 2.0
2 130 1.998
2 170 1.994
2 277 1.956
2 225 1.948
2 19 1.938
2 159 1.934
2 189 1.92
2 231 1.92
2 94 1.914
2 6 1.908
2 139 1.904
2 155 1.89
2 245 1.884
2 183 1.884
2 161 1.84
2 106 1.836
2 138 1.83
2 125 1.814
2 191 1.796
2 185 1.792
2 261 1.786
2 2 1.772
2 249 1.77
2 255 1.768
2 102 1.752
2 5 1.746
2 273 1.746
2 186 1.742
2 187 1.738
2 171 1.738
2 65 1.732
2 210 1.72
2 248 1.716
2 46 1.714
2 81 1.7
2 86 1.7
2 223 1.694
2 78 1.686
2 154 1.682
2 20 1.68
2 25 1.678
2 206 1.672
2 178 1.662
2 107 1.662
2 124 1.66
2 190 1.652
2 44 1.65
2 132 1.642
2 85 1.634
2 74 1.622
2 202 1.622
2 174 1.61
2 253 1.592
2 128 1.588
2 209 1.568
2 181 1.544
2 204 1.544
2 47 1.542
2 15 1.538
2 73 1.51
2 108 1.502
2 43 1.5
2 160 1.496
2 9 1.494
2 221 1.472
2 199 1.47
2 141 1.466
2 66 1.456
2 110 1.448
2 76 1.444
2 133 1.434
2 134 1.432
2 27 1.42
2 17 1.418
2 16 1.416
2 39 1.412
2 70 1.41
2 232 1.408
2 257 1.408
2 278 1.406
2 23 1.404
2 239 1.388
2 219 1.382
2 207 1.38
2 275 1.374
2 276 1.364
2 195 1.34
2 184 1.332
2 235 1.332
2 135 1.328
2 49 1.312
2 259 1.31
2 127 1.306
2 121 1.29
2 180 1.278
2 212 1.268
2 10 1.266
2 119 1.264
2 51 1.258
2 18 1.254
2 274 1.244
2 50 1.236
2 144 1.232
2 137 1.22
2 122 1.218
2 153 1.216
2 222 1.196
2 140 1.194
2 116 1.192
2 197 1.192
2 201 1.188
2 236 1.174
2 145 1.162
2 237 1.156
2 165 1.15
2 211 1.146
2 196 1.144
2 129 1.14
2 42 1.136
2 136 1.13
2 213 1.124
2 120 1.12
2 148 1.118
2 48 1.114
2 193 1.11
2 227 1.106
2 238 1.1
2 220 1.092
2 146 1.09
2 149 1.086
2 126 1.084
2 118 1.076
2 117 1.076
3 55 7.942
3 54 7.77
3 56 5.394
3 57 5.382
3 60 5.27
3 61 5.228
3 59 5.18
3 151 5.116
3 152 4.984
3 109 4.902
3 58 4.706
3 14 4.36
3 113 4.13
3 68 4.066
3 1 4.062
3 178 3.932
3 3 3.866
3 179 3.832
3 67 3.764
3 13 3.616
3 28 3.614
3 2 3.588
3 7 3.53
3 157 3.466
3 167 3.464
3 115 3.462
3 44 3.398
3 4 3.396
3 168 3.38
3 166 3.364
3 199 3.292
3 112 3.224
3 177 3.214
3 158 3.208
3 159 3.198
3 174 3.008
3 114 3.008
3 45 3.006
3 111 2.994
3 156 2.984
3 170 2.976
3 22 2.974
3 65 2.962
3 183 2.952
3 66 2.908
3 64 2.862
3 162 2.862
3 198 2.832
3 171 2.78
3 21 2.75
3 63 2.724
3 224 2.722
3 175 2.702
3 189 2.7
3 250 2.692
3 87 2.672
3 128 2.668
3 182 2.666
3 62 2.654
3 143 2.63
3 241 2.63
3 233 2.624
3 188 2.594
3 8 2.57
3 72 2.566
3 169 2.56
3 147 2.552
3 90 2.522
3 69 2.516
3 163 2.506
3 86 2.5
3 12 2.488
3 91 2.48
3 173 2.416
3 79 2.414
3 84 2.404
3 15 2.404
3 161 2.4
3 206 2.394
3 234 2.372
3 209 2.37
3 124 2.362
3 220 2.358
3 142 2.358
3 207 2.352
3 83 2.35
3 210 2.336
3 223 2.326
3 41 2.324
3 52 2.322
3 129 2.32
3 85 2.316
3 80 2.31
3 191 2.308
3 238 2.296
3 119 2.288
3 89 2.286
3 249 2.276
3 6 2.276
3 77 2.268
3 71 2.266
3 186 2.266
3 11 2.252
3 203 2.216
3 39 2.21
3 240 2.206
3 30 2.198
3 103 2.196
3 225 2.178
3 40 2.164
3 150 2.162
3 23 2.15
3 5 2.146
3 131 2.144
3 53 2.142
3 82 2.132
3 251 2.126
3 154 2.122
3 94 2.122
3 244 2.118
3 70 2.114
3 180 2.11
3 176 2.108
3 33 2.094
3 219 2.088
3 190 2.078
3 185 2.072
3 76 2.07
3 242 2.068
3 98 2.064
3 194 2.058
3 92 2.056
3 153 2.052
3 88 2.044
3 24 2.04
3 95 2.04
3 74 2.038
3 202 2.034
3 196 2.022
3 187 2.01
3 104 2.008
3 204 2.004
3 19 2.0
3 181 2.0
3 172 1.98
3 263 1.974
3 205 1.974
3 243 1.966
3 29 1.954
3 16 1.944
3 20 1.932
3 81 1.926
3 237 1.91
3 100 1.9
3 267 1.9
3 138 1.896
3 226 1.896
3 130 1.89
3 32 1.886
3 144 1.884
3 139 1.884
3 269 1.868
3 18 1.866
3 264 1.866
3 31 1.85
3 50 1.842
3 118 1.842
3 38 1.836
3 246 1.824
3 208 1.816
3 165 1.814
3 271 1.814
3 78 1.806
3 197 1.796
3 75 1.794
3 127 1.772
3 134 1.77
3 140 1.768
3 248 1.766
3 232 1.764
3 236 1.754
3 279 1.748
3 195 1.728
3 135 1.724
3 247 1.724
3 121 1.72
3 116 1.716
3 120 1.7
3 268 1.692
3 105 1.692
3 126 1.69
3 164 1.686
3 184 1.682
3 201 1.652
3 160 1.65
3 235 1.634
3 93 1.628
3 133 1.628
3 125 1.62
3 270 1.616
3 231 1.606
3 221 1.606
3 200 1.602
3 272 1.602
3 123 1.588
3 101 1.582
3 145 1.58
3 97 1.57
3 99 1.568
3 262 1.562
3 239 1.558
3 193 1.558
3 108 1.556
3 261 1.522
3 42 1.518
3 117 1.518
3 10 1.512
3 110 1.506
3 102 1.504
3 141 1.504
3 51 1.504
3 227 1.496
3 222 1.494
3 155 1.484
3 254 1.484
3 47 1.482
3 228 1.482
3 122 1.482
3 35 1.466
3 132 1.458
3 34 1.452
3 278 1.446
3 258 1.442
3 106 1.44
3 217 1.436
3 43 1.436
3 252 1.43
3 256 1.426
3 213 1.406
3 230 1.394
3 73 1.392
3 212 1.384
3 37 1.37
3 96 1.368
3 218 1.368
3 27 1.362
3 192 1.36
3 136 1.356
3 26 1.356
3 214 1.352
3 229 1.35
3 48 1.348
3 36 1.34
3 265 1.334
3 46 1.326
3 17 1.318
3 260 1.31
3 216 1.306
3 49 1.296
3 211 1.288
3 253 1.27
3 273 1.258
3 25 1.194
3 257 1.184
3 9 1.18
3 259 1.174
3 245 1.17
3 255 1.164
3 107 1.144
3 275 1.124
3 148 1.11
3 274 1.102
3 215 1.092
3 276 1.088
3 149 1.084
3 277 1.064
3 266 1.06
3 137 1.054
