1 2295 14.672
1 2075 10.228
1 549 8.562
1 231 8.146
1 1943 8.034
1 469 7.958
1 555 7.876
1 716 6.572
1 112 6.384
1 46 6.324
1 1028 6.258
1 1199 6.21
1 7 5.552
1 1564 5.454
1 1841 5.382
1 3834 4.84
1 9 4.826
1 2648 4.638
1 8 4.55
1 204 4.422
1 543 4.252
1 40 4.036
1 693 3.99
1 1351 3.976
1 2631 3.902
1 1425 3.9
1 495 3.87
1 175 3.85
1 456 3.844
1 872 3.728
1 123 3.636
1 1143 3.608
1 753 3.584
1 226 3.516
1 81 3.452
1 951 3.438
1 351 3.388
1 2340 3.362
1 49 3.358
1 3661 3.354
1 1836 3.348
1 3685 3.31
1 242 3.294
1 179 3.202
1 1868 3.194
1 348 3.194
1 1165 3.1
1 79 3.068
1 288 3.058
1 201 3.014
1 107 2.996
1 789 2.996
1 2229 2.968
1 203 2.966
1 1571 2.936
1 3830 2.922
1 252 2.912
1 31 2.908
1 467 2.894
1 194 2.884
1 248 2.884
1 38 2.882
1 2607 2.878
1 1245 2.844
1 935 2.838
1 1548 2.836
1 1605 2.826
1 1162 2.814
1 621 2.81
1 1973 2.802
1 315 2.79
1 2197 2.784
1 62 2.778
1 45 2.768
1 1317 2.736
1 548 2.71
1 472 2.7
1 1058 2.684
1 3815 2.67
1 474 2.668
1 537 2.638
1 1925 2.63
1 1635 2.61
1 196 2.598
1 1896 2.582
1 2540 2.57
1 371 2.556
1 170 2.55
1 1541 2.55
1 349 2.55
1 13 2.508
1 981 2.508
1 421 2.498
1 722 2.49
1 243 2.474
1 126 2.456
1 3825 2.454
1 345 2.444
1 53 2.442
1 2348 2.44
1 1902 2.43
1 43 2.424
1 2174 2.418
1 1321 2.408
1 295 2.404
1 1035 2.396
1 1345 2.392
1 417 2.388
1 437 2.384
1 129 2.378
1 2439 2.378
1 457 2.372
1 1857 2.37
1 375 2.37
1 1810 2.37
1 1650 2.368
1 410 2.368
1 387 2.366
1 816 2.358
1 1223 2.354
1 675 2.354
1 697 2.33
1 596 2.326
1 152 2.322
1 1663 2.318
1 402 2.316
1 301 2.314
1 369 2.308
1 2023 2.306
1 2627 2.306
1 848 2.3
1 1178 2.29
1 1637 2.288
1 1697 2.288
1 18 2.282
1 378 2.282
1 700 2.278
1 2772 2.272
1 2762 2.268
1 35 2.264
1 95 2.26
1 529 2.246
1 1980 2.242
1 274 2.232
1 89 2.228
1 3702 2.226
1 3743 2.222
1 1713 2.218
1 408 2.218
1 2727 2.212
1 1847 2.202
1 613 2.202
1 10 2.196
1 1807 2.194
1 398 2.182
1 439 2.18
1 1385 2.178
1 1322 2.176
1 2447 2.17
1 305 2.168
1 970 2.158
1 2615 2.158
1 205 2.154
1 1806 2.152
1 751 2.148
1 473 2.138
1 235 2.136
1 395 2.122
1 296 2.112
1 915 2.106
1 366 2.104
1 1341 2.098
1 2164 2.096
1 475 2.096
1 2081 2.094
1 624 2.092
1 936 2.09
1 554 2.088
1 2746 2.086
1 373 2.084
1 2242 2.084
1 756 2.084
1 2408 2.076
1 309 2.072
1 109 2.058
1 1681 2.058
1 1410 2.052
1 1391 2.052
1 1138 2.048
1 940 2.042
1 322 2.036
1 78 2.034
1 34 2.032
1 539 2.03
1 846 2.024
1 372 2.02
1 498 2.016
1 1799 2.016
1 1846 2.014
1 922 2.008
1 1025 2.004
1 1128 1.994
1 1220 1.992
1 2355 1.992
1 834 1.984
1 2582 1.98
1 1095 1.98
1 1428 1.976
1 1818 1.976
1 805 1.972
1 3768 1.972
1 617 1.972
1 277 1.97
1 206 1.966
1 626 1.956
1 1297 1.954
1 1052 1.952
1 1899 1.952
1 944 1.946
1 611 1.944
1 344 1.938
1 1783 1.938
1 1972 1.934
1 1038 1.934
1 33 1.932
1 553 1.932
1 19 1.93
1 44 1.928
1 2655 1.926
1 1329 1.924
1 2389 1.922
1 26 1.92
1 3788 1.918
1 1707 1.916
1 262 1.912
1 489 1.912
1 182 1.908
1 401 1.908
1 1326 1.908
1 414 1.908
1 6 1.904
1 749 1.904
1 2225 1.902
1 2716 1.894
1 979 1.894
1 356 1.892
1 1441 1.892
1 3771 1.89
1 1373 1.884
1 1380 1.88
1 1319 1.876
1 3637 1.874
1 237 1.87
1 1509 1.868
1 1355 1.868
1 934 1.864
1 330 1.862
1 1160 1.862
1 550 1.862
1 2069 1.856
1 486 1.85
1 331 1.85
1 441 1.848
1 1033 1.846
1 1384 1.846
1 1996 1.844
1 923 1.842
1 91 1.842
1 3690 1.84
1 3568 1.838
1 213 1.836
1 2571 1.832
1 209 1.832
1 681 1.828
1 2280 1.826
1 910 1.826
1 510 1.82
1 1750 1.82
1 1465 1.82
1 39 1.818
1 1182 1.814
1 2008 1.808
1 2068 1.808
1 2278 1.802
1 1096 1.796
1 1183 1.796
1 657 1.794
1 3154 1.794
1 641 1.79
1 187 1.788
1 99 1.784
1 2427 1.78
1 760 1.776
1 3705 1.766
1 766 1.766
1 1736 1.762
1 720 1.76
1 692 1.756
1 3667 1.756
1 2682 1.754
1 614 1.752
1 1014 1.75
1 2416 1.748
1 1346 1.74
1 1732 1.74
1 247 1.74
1 1620 1.738
1 3668 1.734
1 1201 1.73
1 768 1.728
1 2588 1.728
1 3735 1.726
1 1774 1.724
1 108 1.722
1 74 1.722
1 481 1.72
1 487 1.72
1 184 1.72
1 1037 1.714
1 985 1.71
1 607 1.71
1 55 1.708
1 3619 1.708
1 1011 1.708
1 838 1.704
1 885 1.702
1 104 1.7
1 763 1.698
1 30 1.694
1 451 1.69
1 1887 1.688
1 271 1.684
1 603 1.684
1 2030 1.684
1 745 1.682
1 2672 1.68
1 1131 1.678
1 1358 1.678
1 897 1.676
1 291 1.676
1 3869 1.674
1 360 1.674
1 517 1.672
1 4 1.67
1 2017 1.668
1 208 1.666
1 1849 1.666
1 117 1.666
1 140 1.664
1 321 1.662
1 65 1.66
1 492 1.656
1 2418 1.654
1 1129 1.652
1 1533 1.652
1 1082 1.65
1 891 1.646
1 508 1.644
1 186 1.642
1 1644 1.64
1 995 1.64
1 516 1.638
1 2597 1.636
1 200 1.636
1 2618 1.636
1 3692 1.634
1 815 1.634
1 1376 1.63
1 233 1.628
1 1969 1.628
1 746 1.624
1 605 1.624
1 3689 1.622
1 551 1.622
1 68 1.622
1 899 1.622
1 214 1.622
1 148 1.62
1 1148 1.62
1 1596 1.618
1 1589 1.618
1 223 1.618
1 3248 1.616
1 1156 1.616
1 1303 1.616
1 1395 1.614
1 2087 1.608
1 770 1.606
1 358 1.606
1 1121 1.606
1 804 1.604
1 1347 1.604
1 111 1.604
1 28 1.604
1 1936 1.604
1 2436 1.604
1 2583 1.602
1 139 1.602
1 1179 1.602
1 1967 1.6
1 654 1.6
1 2076 1.6
1 429 1.598
1 757 1.598
1 953 1.598
1 1204 1.596
1 343 1.594
1 2115 1.594
1 764 1.594
1 1120 1.594
1 290 1.592
1 1266 1.592
1 1099 1.592
1 1623 1.592
1 917 1.59
1 832 1.59
1 336 1.59
1 2258 1.59
1 496 1.59
1 244 1.588
1 2109 1.586
1 625 1.582
1 1480 1.582
1 1914 1.58
1 157 1.578
1 389 1.576
1 1029 1.574
1 2724 1.574
1 642 1.568
1 1045 1.568
1 2421 1.568
1 1661 1.564
1 2264 1.562
1 2461 1.562
1 310 1.562
1 365 1.562
1 2532 1.56
1 2743 1.56
1 3554 1.558
1 3785 1.558
1 2382 1.556
1 1411 1.556
1 302 1.554
1 1386 1.554
1 2127 1.552
1 485 1.55
1 1415 1.55
1 1931 1.548
1 1375 1.546
1 2150 1.546
1 2591 1.544
1 1152 1.542
1 771 1.542
1 1454 1.542
1 180 1.54
1 259 1.538
1 662 1.538
1 1009 1.538
1 287 1.538
1 2270 1.538
1 1390 1.538
1 1353 1.536
1 1017 1.536
1 1459 1.536
1 632 1.536
1 3684 1.534
1 1202 1.534
1 106 1.534
1 1537 1.534
1 793 1.534
1 470 1.532
1 281 1.532
1 533 1.53
1 2277 1.528
1 249 1.528
1 527 1.528
1 256 1.526
1 1078 1.526
1 2243 1.526
1 1254 1.526
1 1501 1.524
1 710 1.524
1 1813 1.522
1 1372 1.52
1 1479 1.518
1 924 1.516
1 156 1.512
1 1304 1.512
1 2260 1.51
1 2641 1.508
1 713 1.506
1 1708 1.504
1 318 1.504
1 1170 1.504
1 2271 1.504
1 88 1.504
1 1034 1.502
1 458 1.502
1 21 1.5
1 949 1.5
1 3823 1.5
1 2276 1.5
1 547 1.496
1 1865 1.494
1 1230 1.492
1 245 1.492
1 3752 1.492
1 1393 1.492
1 726 1.49
1 386 1.49
1 1500 1.486
1 176 1.486
1 2265 1.486
1 2474 1.486
1 645 1.484
1 2128 1.484
1 2022 1.484
1 131 1.484
1 1118 1.484
1 1298 1.482
1 1343 1.482
1 379 1.478
1 1338 1.478
1 1920 1.476
1 3854 1.476
1 754 1.474
1 1747 1.474
1 2259 1.474
1 2262 1.474
1 497 1.474
1 515 1.474
1 1270 1.472
1 341 1.472
1 1817 1.472
1 874 1.472
1 2275 1.472
1 1314 1.472
1 1474 1.47
1 263 1.47
1 896 1.47
1 761 1.468
1 875 1.468
1 827 1.466
1 1960 1.466
1 2267 1.466
1 353 1.466
1 784 1.466
1 269 1.462
1 15 1.462
1 333 1.462
1 69 1.46
1 956 1.46
1 509 1.46
1 2596 1.458
1 460 1.458
1 1418 1.458
1 1678 1.458
1 946 1.458
1 1854 1.456
1 27 1.456
1 293 1.456
1 128 1.456
1 2013 1.454
1 98 1.452
1 2664 1.452
1 1076 1.452
1 168 1.45
1 2082 1.45
1 283 1.45
1 560 1.45
1 873 1.45
1 2061 1.45
1 1153 1.45
1 920 1.45
1 918 1.45
1 3712 1.448
1 2663 1.446
1 270 1.446
1 311 1.442
1 1189 1.442
1 1513 1.44
1 2288 1.44
1 556 1.44
1 420 1.44
1 178 1.438
1 80 1.438
1 630 1.436
1 584 1.436
1 1392 1.436
1 221 1.436
1 1134 1.434
1 1248 1.434
1 619 1.432
1 627 1.432
1 1560 1.43
1 1349 1.428
1 2269 1.428
1 2756 1.428
1 777 1.428
1 3691 1.426
1 61 1.426
1 1655 1.424
1 377 1.424
1 1851 1.424
1 2268 1.424
1 3794 1.424
1 1600 1.424
1 818 1.424
1 628 1.424
1 738 1.422
1 1369 1.422
1 2599 1.422
1 1528 1.422
1 1995 1.42
1 1998 1.42
1 1032 1.42
1 2254 1.42
1 814 1.42
1 2221 1.418
1 957 1.418
1 2134 1.416
1 1786 1.416
1 2097 1.414
1 824 1.414
1 278 1.414
1 2070 1.414
1 1791 1.414
1 1618 1.412
1 3714 1.412
1 64 1.412
1 342 1.412
1 586 1.412
1 189 1.412
1 198 1.412
1 2945 1.41
1 2085 1.41
1 1336 1.41
1 2112 1.408
1 737 1.408
1 329 1.408
1 2257 1.408
1 2771 1.408
1 300 1.408
1 465 1.408
1 54 1.406
1 357 1.406
1 94 1.406
1 230 1.404
1 1859 1.404
1 1253 1.404
1 2251 1.404
1 812 1.404
1 2541 1.402
1 1761 1.402
1 2310 1.4
1 573 1.4
1 2255 1.4
1 905 1.4
1 835 1.4
1 2518 1.398
1 2535 1.398
1 466 1.398
1 96 1.396
1 1332 1.396
1 2645 1.396
1 267 1.394
1 1804 1.394
1 787 1.394
1 2273 1.394
1 314 1.392
1 1193 1.392
1 2252 1.392
1 2422 1.392
1 1683 1.392
1 1331 1.392
1 12 1.39
1 2071 1.39
1 2406 1.388
1 3687 1.388
1 1127 1.388
1 826 1.388
1 2224 1.386
1 2328 1.386
1 1378 1.386
1 707 1.386
1 1123 1.386
1 1950 1.384
1 1261 1.384
1 1704 1.382
1 1657 1.382
1 937 1.382
1 1519 1.382
1 1018 1.38
1 1330 1.38
1 3760 1.38
1 2256 1.38
1 471 1.38
1 2272 1.38
1 2690 1.378
1 1382 1.378
1 2155 1.378
1 1198 1.378
1 2302 1.378
1 1710 1.376
1 2526 1.376
1 2058 1.376
1 1675 1.376
1 3774 1.376
1 1852 1.376
1 190 1.376
1 2702 1.374
1 2253 1.374
1 1679 1.374
1 32 1.372
1 273 1.37
1 661 1.37
1 1396 1.37
1 2118 1.368
1 1698 1.368
1 2 1.366
1 1705 1.366
1 2333 1.366
1 719 1.364
1 1139 1.364
1 2111 1.364
1 2499 1.364
1 942 1.364
1 1377 1.364
1 808 1.364
1 2031 1.364
1 629 1.364
1 2099 1.362
1 2689 1.362
1 119 1.362
1 1699 1.362
1 1419 1.36
1 727 1.36
1 1158 1.36
1 687 1.36
1 1677 1.36
1 1030 1.358
1 530 1.358
1 1055 1.358
1 2203 1.358
1 445 1.356
1 2697 1.356
1 677 1.354
1 1485 1.354
1 2307 1.354
1 2263 1.354
1 1388 1.354
1 431 1.352
1 173 1.352
1 2083 1.352
1 803 1.35
1 440 1.35
1 3730 1.35
1 1181 1.35
1 1685 1.35
1 227 1.35
1 86 1.348
1 1700 1.348
1 1984 1.346
1 1724 1.346
1 2844 1.346
1 1496 1.346
1 1374 1.346
1 1423 1.346
1 1039 1.346
1 1907 1.346
1 134 1.346
1 135 1.346
1 261 1.344
1 11 1.344
1 564 1.344
1 1371 1.344
1 476 1.344
1 1379 1.344
1 1381 1.344
1 1680 1.344
1 1104 1.344
1 1278 1.342
1 1703 1.34
1 819 1.34
1 1579 1.34
1 60 1.34
1 1383 1.34
1 1626 1.34
1 1945 1.34
1 535 1.338
1 1712 1.338
1 2121 1.338
1 1691 1.338
1 22 1.336
1 559 1.336
1 2626 1.336
1 222 1.336
1 2117 1.334
1 1360 1.334
1 656 1.334
1 2737 1.334
1 2261 1.334
1 2122 1.334
1 1335 1.334
1 521 1.334
1 133 1.334
1 199 1.334
1 1970 1.332
1 2113 1.332
1 3423 1.332
1 1432 1.332
1 2274 1.332
1 1394 1.332
1 225 1.332
1 2098 1.33
1 2003 1.33
1 724 1.33
1 950 1.33
1 3755 1.33
1 1687 1.33
1 1641 1.33
1 545 1.328
1 2189 1.328
1 403 1.328
1 1711 1.326
1 821 1.326
1 2126 1.326
1 399 1.326
1 1207 1.326
1 480 1.324
1 1246 1.324
1 1764 1.324
1 1693 1.324
1 524 1.324
1 228 1.324
1 1918 1.322
1 1405 1.322
1 36 1.322
1 1370 1.322
1 3802 1.322
1 1794 1.322
1 1684 1.322
1 1339 1.322
1 2119 1.32
1 2369 1.32
1 2148 1.32
1 2065 1.32
1 2452 1.32
1 616 1.32
1 2529 1.318
1 1313 1.316
1 1422 1.316
1 718 1.316
1 1060 1.314
1 23 1.314
1 1648 1.314
1 2066 1.314
1 2455 1.314
1 1689 1.314
1 1903 1.314
1 1709 1.312
1 652 1.312
1 2410 1.312
1 2079 1.312
1 705 1.312
1 633 1.308
1 1507 1.308
1 359 1.308
1 1497 1.306
1 1064 1.306
1 947 1.306
1 2161 1.306
1 1460 1.306
1 1344 1.306
1 188 1.304
1 526 1.304
1 2107 1.302
1 2001 1.302
1 2130 1.302
1 2678 1.3
1 1237 1.3
1 37 1.3
1 3826 1.3
1 3877 1.3
1 1389 1.3
1 2159 1.3
1 409 1.3
1 1133 1.298
1 1688 1.298
1 212 1.298
1 1694 1.298
1 801 1.296
1 2330 1.296
1 741 1.296
1 2156 1.296
1 2100 1.294
1 807 1.294
1 546 1.294
1 1361 1.294
1 1363 1.294
1 2210 1.294
1 2313 1.294
1 191 1.294
1 1884 1.294
1 1436 1.294
1 1561 1.294
1 1019 1.292
1 1714 1.292
1 1356 1.292
1 830 1.292
1 748 1.292
1 1084 1.292
1 42 1.292
1 1521 1.292
1 1091 1.292
1 2072 1.292
1 2025 1.292
1 215 1.292
1 2463 1.292
1 136 1.292
1 3666 1.29
1 236 1.29
1 2584 1.29
1 733 1.29
1 2787 1.29
1 2091 1.29
1 3754 1.29
1 286 1.29
1 1407 1.29
1 2283 1.29
1 2312 1.29
1 1185 1.29
1 608 1.288
1 16 1.288
1 3166 1.288
1 2067 1.288
1 1184 1.288
1 1057 1.286
1 1653 1.286
1 1514 1.286
1 1502 1.286
1 183 1.286
1 1633 1.286
1 1702 1.286
1 806 1.284
1 1886 1.284
1 2129 1.284
1 513 1.284
1 1682 1.284
1 2717 1.284
1 1054 1.282
1 1951 1.282
1 759 1.282
1 2906 1.282
1 2146 1.282
1 850 1.282
1 2074 1.282
1 1686 1.282
1 2009 1.28
1 833 1.28
1 2884 1.28
1 2519 1.278
1 1771 1.278
1 447 1.278
1 2317 1.278
1 2063 1.278
1 2201 1.278
1 2102 1.276
1 541 1.276
1 2106 1.276
1 2768 1.276
1 491 1.276
1 2141 1.276
1 2434 1.276
1 1787 1.276
1 2078 1.276
1 1692 1.276
1 1458 1.276
1 1999 1.274
1 894 1.274
1 1101 1.274
1 1551 1.274
1 220 1.274
1 1636 1.274
1 2515 1.274
1 667 1.272
1 839 1.272
1 1547 1.272
1 2453 1.272
1 251 1.272
1 1674 1.272
1 1027 1.27
1 162 1.27
1 1853 1.27
1 3386 1.27
1 1867 1.27
1 2055 1.27
1 1805 1.27
1 2084 1.27
1 674 1.27
1 3 1.268
1 717 1.268
1 1773 1.268
1 1570 1.268
1 752 1.268
1 1044 1.268
1 2306 1.268
1 1387 1.268
1 292 1.268
1 294 1.268
1 1119 1.268
1 3677 1.268
1 2485 1.266
1 1316 1.266
1 1715 1.266
1 436 1.266
1 2736 1.266
1 3583 1.266
1 977 1.266
1 505 1.266
1 2603 1.266
1 755 1.264
1 1640 1.264
1 2791 1.264
1 393 1.264
1 2435 1.264
1 297 1.264
1 1701 1.264
1 146 1.262
1 1493 1.262
1 103 1.262
1 2401 1.262
1 282 1.262
1 1737 1.262
1 1942 1.26
1 2621 1.26
1 2124 1.26
1 1975 1.26
1 2304 1.26
1 2738 1.26
1 735 1.258
1 2234 1.258
1 1252 1.258
1 856 1.258
1 1559 1.258
1 2080 1.258
1 1695 1.258
1 25 1.256
1 195 1.256
1 2090 1.256
1 1031 1.254
1 2733 1.254
1 1257 1.254
1 352 1.254
1 1135 1.254
1 2116 1.252
1 276 1.252
1 1047 1.252
1 20 1.252
1 1083 1.252
1 689 1.252
1 2329 1.252
1 1446 1.252
1 618 1.252
1 540 1.25
1 14 1.25
1 1848 1.25
1 17 1.25
1 1368 1.25
1 959 1.25
1 2096 1.25
1 1292 1.25
1 2332 1.248
1 2123 1.248
1 565 1.248
1 2586 1.248
1 968 1.248
1 2331 1.248
1 2073 1.248
1 275 1.246
1 1265 1.246
1 3696 1.246
1 729 1.244
1 2644 1.244
1 1531 1.244
1 143 1.244
1 1215 1.244
1 2534 1.242
1 734 1.242
1 961 1.242
1 2144 1.242
1 588 1.242
1 893 1.242
1 2064 1.242
1 1016 1.24
1 2492 1.24
1 1651 1.24
1 2505 1.24
1 2735 1.24
1 1163 1.24
1 2077 1.24
1 2630 1.24
1 2481 1.24
1 1137 1.238
1 3698 1.238
1 3765 1.238
1 499 1.238
1 3724 1.238
1 1295 1.238
1 2215 1.236
1 1997 1.236
1 1240 1.236
1 1071 1.236
1 1086 1.236
1 2056 1.236
1 2476 1.236
1 2034 1.236
1 1696 1.236
1 1050 1.234
1 2308 1.234
1 864 1.234
1 234 1.232
1 1475 1.232
1 2000 1.232
1 1490 1.232
1 2012 1.232
1 3742 1.232
1 1508 1.232
1 2142 1.232
1 1543 1.232
1 698 1.232
1 1798 1.232
1 1690 1.232
1 3833 1.232
1 788 1.232
1 2551 1.23
1 2042 1.23
1 506 1.23
1 1792 1.23
1 1621 1.23
1 861 1.23
1 914 1.23
1 2377 1.228
1 1706 1.228
1 1492 1.228
1 2120 1.228
1 740 1.228
1 2298 1.228
1 2190 1.228
1 2060 1.228
1 1098 1.228
1 2445 1.228
1 2173 1.228
1 1222 1.226
1 1921 1.226
1 2507 1.226
1 739 1.226
1 3725 1.226
1 1217 1.226
1 2812 1.226
1 424 1.224
1 50 1.224
1 2570 1.224
1 2311 1.224
1 1239 1.224
1 1558 1.224
1 219 1.224
1 1924 1.222
1 2184 1.222
1 1555 1.222
1 400 1.222
1 1450 1.222
1 732 1.22
1 2010 1.22
1 2011 1.22
1 2400 1.22
1 380 1.22
1 385 1.22
1 2305 1.22
1 772 1.22
1 1876 1.22
1 2062 1.22
1 1776 1.22
1 1122 1.22
1 2103 1.218
1 2500 1.218
1 2503 1.218
1 3717 1.218
1 2266 1.218
1 3553 1.218
1 426 1.216
1 51 1.216
1 2370 1.216
1 569 1.216
1 2188 1.216
1 585 1.216
1 876 1.216
1 3829 1.216
1 1188 1.216
1 913 1.216
1 653 1.216
1 1310 1.216
1 1145 1.214
1 339 1.214
1 2314 1.214
1 2324 1.214
1 1909 1.214
1 2381 1.212
1 2496 1.212
1 2504 1.212
1 933 1.212
1 3736 1.212
1 1869 1.212
1 973 1.212
1 849 1.212
1 3158 1.212
1 1187 1.212
1 723 1.21
1 367 1.21
1 1228 1.21
1 744 1.21
1 1063 1.21
1 2194 1.21
1 350 1.21
1 2316 1.21
1 778 1.21
1 1293 1.21
1 912 1.21
1 246 1.21
1 1630 1.21
1 1461 1.21
1 2110 1.208
1 3168 1.208
1 3715 1.208
1 888 1.208
1 177 1.208
1 862 1.208
1 1103 1.208
1 604 1.208
1 217 1.208
1 419 1.208
1 312 1.206
1 736 1.206
1 561 1.206
1 762 1.206
1 2284 1.206
1 468 1.206
1 2309 1.206
1 1755 1.206
1 2057 1.206
1 1285 1.206
1 2166 1.206
1 207 1.206
1 2517 1.206
1 1003 1.206
1 1827 1.204
1 725 1.204
1 999 1.204
1 29 1.204
1 63 1.204
1 2153 1.204
1 2327 1.204
1 2450 1.204
1 1002 1.204
1 1738 1.202
1 1977 1.202
1 2290 1.202
1 3803 1.202
1 694 1.202
1 2337 1.202
1 1629 1.202
1 1342 1.202
1 1308 1.202
1 3679 1.2
1 544 1.2
1 1928 1.2
1 59 1.2
1 2286 1.2
1 185 1.2
1 2315 1.2
1 3828 1.2
1 1435 1.2
1 863 1.2
1 1803 1.2
1 218 1.2
1 790 1.2
1 2488 1.198
1 2498 1.198
1 161 1.198
1 1842 1.198
1 825 1.198
1 1499 1.198
1 2367 1.198
1 1155 1.198
1 945 1.198
1 567 1.198
1 2192 1.198
1 2346 1.198
1 3643 1.198
1 1563 1.198
1 2466 1.198
1 224 1.198
1 1473 1.196
1 2239 1.196
1 2005 1.196
1 1669 1.196
1 47 1.196
1 493 1.196
1 887 1.196
1 3761 1.196
1 688 1.196
1 1518 1.194
1 2105 1.194
1 102 1.194
1 3172 1.194
1 1489 1.194
1 1231 1.194
1 2233 1.194
1 2301 1.194
1 2294 1.194
1 3871 1.194
1 855 1.194
1 1642 1.194
1 782 1.194
1 1645 1.192
1 1830 1.192
1 728 1.192
1 3289 1.192
1 742 1.192
1 2185 1.192
1 1593 1.192
1 2323 1.192
1 3625 1.192
1 2336 1.192
1 2728 1.192
1 2628 1.192
1 2199 1.192
1 2482 1.192
1 2487 1.19
1 2494 1.19
1 3103 1.19
1 1716 1.19
1 2006 1.19
1 1567 1.19
1 2300 1.19
1 41 1.19
1 2186 1.19
1 3599 1.19
1 769 1.19
1 974 1.19
1 2318 1.19
1 1603 1.19
1 77 1.19
1 623 1.19
1 1481 1.19
1 2114 1.188
1 2125 1.188
1 1568 1.188
1 338 1.188
1 67 1.188
1 72 1.188
1 3732 1.188
1 1442 1.188
1 2477 1.188
1 5 1.186
1 2402 1.186
1 1739 1.186
1 1597 1.186
1 2101 1.184
1 1892 1.184
1 2108 1.184
1 1953 1.184
1 659 1.184
1 2089 1.184
1 1402 1.184
1 1482 1.184
1 592 1.184
1 858 1.184
1 507 1.184
1 2334 1.184
1 1219 1.184
1 2489 1.182
1 721 1.182
1 2536 1.182
1 24 1.182
1 464 1.182
1 3584 1.182
1 2321 1.182
1 783 1.182
1 210 1.182
1 124 1.182
1 2855 1.182
1 3704 1.18
1 1488 1.18
1 1126 1.18
1 3375 1.18
1 396 1.18
1 3670 1.18
1 2147 1.18
1 2059 1.18
1 860 1.18
1 866 1.18
1 2004 1.178
1 1860 1.178
1 3777 1.178
1 1238 1.178
1 2181 1.178
1 1105 1.178
1 1588 1.178
1 845 1.178
1 699 1.178
1 82 1.178
1 2480 1.178
1 2490 1.176
1 2180 1.176
1 3585 1.176
1 1115 1.176
1 2007 1.174
1 2508 1.174
1 2695 1.174
1 3445 1.174
1 566 1.174
1 3556 1.174
1 2713 1.174
1 1524 1.174
1 2187 1.174
1 3586 1.174
1 2326 1.174
1 696 1.174
1 3626 1.174
1 2335 1.174
1 2343 1.174
1 703 1.174
1 3831 1.174
1 2495 1.172
1 435 1.172
1 317 1.172
1 2014 1.172
1 2734 1.172
1 870 1.172
1 2296 1.172
1 1166 1.172
1 972 1.172
1 690 1.172
1 1277 1.172
1 1609 1.172
1 1898 1.172
1 1107 1.172
1 211 1.172
1 216 1.172
1 2509 1.172
1 712 1.17
1 1291 1.17
1 2506 1.17
1 1068 1.17
1 289 1.17
1 2590 1.17
1 1756 1.17
1 2576 1.17
1 1797 1.17
1 494 1.17
1 1933 1.168
1 2002 1.168
1 1843 1.168
1 1964 1.168
1 3673 1.168
1 881 1.168
1 2319 1.168
1 986 1.168
1 2479 1.168
1 232 1.166
1 1175 1.166
1 731 1.166
1 2666 1.166
1 2501 1.166
1 2502 1.166
1 743 1.166
1 883 1.166
1 2704 1.166
1 1582 1.166
1 767 1.166
1 1594 1.166
1 479 1.166
1 1195 1.166
1 1793 1.166
1 2478 1.166
1 3739 1.166
1 1026 1.164
1 1042 1.164
1 2680 1.164
1 1959 1.164
1 1577 1.164
1 3527 1.164
1 1584 1.164
1 3655 1.164
1 3773 1.164
1 138 1.164
1 2725 1.164
1 1788 1.164
1 3632 1.164
1 1795 1.164
1 2612 1.164
1 418 1.164
1 2931 1.164
1 101 1.162
1 2497 1.162
1 1919 1.162
1 1850 1.162
1 1957 1.162
1 3723 1.162
1 747 1.162
1 1863 1.162
1 2473 1.162
1 1333 1.162
1 2649 1.16
1 438 1.16
1 1580 1.16
1 1409 1.16
1 2171 1.16
1 3587 1.16
1 971 1.16
1 3818 1.16
1 1302 1.16
1 364 1.16
1 1643 1.158
1 1318 1.158
1 100 1.158
1 155 1.158
1 1140 1.158
1 1968 1.158
1 2373 1.158
1 889 1.158
1 1251 1.158
1 1517 1.158
1 1590 1.158
1 1979 1.158
1 684 1.158
1 412 1.158
1 2341 1.158
1 2175 1.158
1 3662 1.158
1 2491 1.156
1 1840 1.156
1 2398 1.156
1 1510 1.156
1 2371 1.156
1 3770 1.156
1 1256 1.156
1 394 1.156
1 73 1.156
1 809 1.156
1 1879 1.156
1 2320 1.156
1 1607 1.156
1 857 1.156
1 407 1.156
1 867 1.156
1 1912 1.156
1 1174 1.154
1 730 1.154
1 822 1.154
1 1938 1.154
1 284 1.154
1 450 1.154
1 954 1.154
1 765 1.154
1 842 1.154
1 144 1.154
1 877 1.154
1 852 1.154
1 3613 1.154
1 984 1.154
1 1282 1.154
1 1782 1.154
1 1825 1.152
1 432 1.152
1 1364 1.152
1 2363 1.152
1 2376 1.152
1 462 1.152
1 463 1.152
1 477 1.152
1 975 1.152
1 2149 1.152
1 2325 1.152
1 1546 1.152
1 900 1.152
1 1762 1.152
1 3700 1.152
1 2347 1.152
1 2484 1.15
1 1916 1.15
1 3680 1.15
1 428 1.15
1 264 1.15
1 2241 1.15
1 3741 1.15
1 3708 1.15
1 1955 1.15
1 2299 1.15
1 71 1.15
1 853 1.15
1 2338 1.15
1 2722 1.15
1 2345 1.15
1 2782 1.15
1 1944 1.148
1 1937 1.148
1 2563 1.148
1 1963 1.148
1 678 1.148
1 70 1.148
1 844 1.148
1 1986 1.148
1 691 1.148
1 1612 1.148
1 602 1.148
1 1287 1.148
1 2344 1.148
1 3850 1.148
1 2783 1.148
1 1296 1.148
1 2104 1.146
1 483 1.146
1 1146 1.146
1 382 1.146
1 3790 1.146
1 865 1.146
1 1218 1.146
1 1453 1.146
1 2200 1.146
1 2513 1.146
1 1013 1.146
1 2486 1.144
1 1144 1.144
1 2362 1.144
1 1971 1.144
1 2297 1.144
1 3797 1.144
1 241 1.144
1 125 1.144
1 1814 1.144
1 3614 1.144
1 634 1.142
1 2944 1.142
1 1072 1.142
1 2339 1.142
1 240 1.142
1 798 1.142
1 799 1.142
1 2038 1.14
1 919 1.14
1 1946 1.14
1 1922 1.14
1 2595 1.14
1 750 1.14
1 3718 1.14
1 459 1.14
1 2424 1.14
1 1323 1.14
1 701 1.14
1 2686 1.14
1 1 1.138
1 3701 1.138
1 3726 1.138
1 1576 1.138
1 1976 1.138
1 1866 1.138
1 1591 1.138
1 1592 1.138
1 3075 1.138
1 2322 1.138
1 1608 1.138
1 2748 1.138
1 983 1.138
1 1327 1.138
1 1760 1.138
1 1000 1.138
1 639 1.136
1 542 1.136
1 1948 1.136
1 443 1.136
1 1956 1.136
1 1927 1.136
1 1962 1.136
1 3562 1.136
1 843 1.136
1 2291 1.136
1 1601 1.136
1 3595 1.136
1 3827 1.136
1 591 1.136
1 1790 1.136
1 113 1.136
1 1614 1.136
1 85 1.136
1 3875 1.136
1 2202 1.136
1 2483 1.136
1 2053 1.134
1 802 1.134
1 1838 1.134
1 3612 1.134
1 1506 1.134
1 1585 1.134
1 2289 1.134
1 1877 1.134
1 1089 1.134
1 589 1.134
1 854 1.134
1 3624 1.134
1 2560 1.134
1 1340 1.134
1 1008 1.134
1 3682 1.134
1 1926 1.132
1 1965 1.132
1 1572 1.132
1 1250 1.132
1 2131 1.132
1 841 1.132
1 2293 1.132
1 859 1.132
1 993 1.132
1 127 1.132
1 531 1.132
1 229 1.13
1 149 1.13
1 2993 1.13
1 1664 1.13
1 817 1.13
1 3215 1.13
1 3710 1.13
1 558 1.13
1 2086 1.13
1 1575 1.13
1 1581 1.13
1 2669 1.13
1 2191 1.13
1 2292 1.13
1 141 1.13
1 851 1.13
1 1540 1.13
1 3800 1.13
1 595 1.13
1 1789 1.13
1 1616 1.13
1 1324 1.13
1 1811 1.13
1 795 1.13
1 3868 1.13
1 1723 1.128
1 153 1.128
1 2386 1.128
1 3097 1.128
1 2397 1.128
1 673 1.128
1 2575 1.128
1 1874 1.128
1 1647 1.128
1 1438 1.128
1 1610 1.128
1 2016 1.128
1 599 1.128
1 2780 1.128
1 2512 1.128
1 3852 1.128
1 1720 1.126
1 3686 1.126
1 638 1.126
1 2530 1.126
1 1947 1.126
1 648 1.126
1 166 1.126
1 320 1.126
1 1665 1.126
1 3440 1.126
1 452 1.126
1 1578 1.126
1 2303 1.126
1 576 1.126
1 3859 1.126
1 503 1.126
1 1613 1.126
1 518 1.126
1 786 1.126
1 307 1.124
1 1023 1.124
1 2667 1.124
1 488 1.124
1 1191 1.124
1 1235 1.124
1 1961 1.124
1 1574 1.124
1 2721 1.124
1 2729 1.124
1 3671 1.124
1 1765 1.124
1 1615 1.124
1 868 1.124
1 1325 1.124
1 2781 1.124
1 2352 1.124
1 253 1.124
1 1309 1.124
1 1311 1.124
1 3841 1.124
1 1036 1.122
1 1845 1.122
1 171 1.122
1 2045 1.122
1 1434 1.122
1 1871 1.122
1 1264 1.122
1 969 1.122
1 1611 1.122
1 1200 1.122
1 1456 1.122
1 361 1.122
1 3651 1.122
1 2522 1.12
1 154 1.12
1 2658 1.12
1 1573 1.12
1 2581 1.12
1 2285 1.12
1 1881 1.12
1 1602 1.12
1 500 1.12
1 880 1.12
1 202 1.12
1 2018 1.12
1 990 1.12
1 1445 1.12
1 780 1.12
1 130 1.12
1 1722 1.118
1 811 1.118
1 1059 1.118
1 446 1.118
1 2365 1.118
1 3611 1.118
1 563 1.118
1 2279 1.118
1 2183 1.118
1 1587 1.118
1 1260 1.118
1 478 1.118
1 1535 1.118
1 1085 1.118
1 1275 1.118
1 601 1.118
1 514 1.118
1 2471 1.118
1 1186 1.118
1 2342 1.118
1 84 1.118
1 3836 1.118
1 3851 1.118
1 1823 1.116
1 1824 1.116
1 1212 1.116
1 3756 1.116
1 1966 1.116
1 56 1.116
1 1520 1.116
1 2741 1.116
1 346 1.116
1 2752 1.116
1 1800 1.116
1 1301 1.116
1 1639 1.114
1 2653 1.114
1 159 1.114
1 1227 1.114
1 2374 1.114
1 3791 1.114
1 347 1.114
1 1430 1.114
1 1276 1.114
1 1097 1.114
1 1320 1.114
1 2616 1.114
1 1617 1.114
1 781 1.114
1 2169 1.114
1 260 1.112
1 2493 1.112
1 158 1.112
1 1844 1.112
1 3518 1.112
1 448 1.112
1 2696 1.112
1 2567 1.112
1 1974 1.112
1 2093 1.112
1 869 1.112
1 2742 1.112
1 2193 1.112
1 1802 1.112
1 1628 1.112
1 2198 1.112
1 1826 1.11
1 1209 1.11
1 313 1.11
1 2531 1.11
1 1232 1.11
1 2403 1.11
1 58 1.11
1 2182 1.11
1 3731 1.11
1 1092 1.11
1 1885 1.11
1 879 1.11
1 1606 1.11
1 1777 1.11
1 1778 1.11
1 3814 1.11
1 987 1.11
1 1328 1.11
1 2633 1.11
1 2052 1.11
1 3842 1.11
1 97 1.108
1 636 1.108
1 1649 1.108
1 1658 1.108
1 2623 1.108
1 931 1.108
1 279 1.108
1 490 1.108
1 562 1.108
1 3506 1.108
1 1744 1.108
1 1598 1.108
1 3789 1.108
1 1987 1.108
1 593 1.108
1 3622 1.108
1 1421 1.108
1 1216 1.108
1 988 1.108
1 2470 1.108
1 1111 1.108
1 2819 1.108
1 2511 1.108
1 3848 1.108
1 316 1.106
1 1225 1.106
1 820 1.106
1 2395 1.106
1 172 1.106
1 663 1.106
1 1583 1.106
1 1586 1.106
1 3656 1.106
1 847 1.106
1 1177 1.106
1 989 1.106
1 1334 1.106
1 90 1.106
1 254 1.106
1 255 1.106
1 1816 1.106
1 1469 1.106
1 2357 1.106
1 1048 1.106
1 147 1.104
1 1130 1.104
1 1728 1.104
1 3780 1.104
1 163 1.104
1 1958 1.104
1 2372 1.104
1 66 1.104
1 840 1.104
1 193 1.104
1 2755 1.104
1 404 1.104
1 902 1.104
1 1457 1.104
1 1718 1.104
1 1206 1.102
1 1729 1.102
1 3729 1.102
1 3548 1.102
1 1949 1.102
1 2549 1.102
1 165 1.102
1 325 1.102
1 337 1.102
1 758 1.102
1 577 1.102
1 3716 1.102
1 76 1.102
1 118 1.102
1 2168 1.102
1 1337 1.102
1 2351 1.102
1 87 1.102
1 3582 1.102
1 3676 1.102
1 3738 1.102
1 2390 1.1
1 3549 1.1
1 1952 1.1
1 1954 1.1
1 167 1.1
1 1769 1.1
1 1923 1.1
1 2364 1.1
1 328 1.1
1 2687 1.1
1 886 1.1
1 943 1.1
1 2211 1.1
1 174 1.1
1 3555 1.1
1 3786 1.1
1 1875 1.1
1 1599 1.1
1 1087 1.1
1 890 1.1
1 405 1.1
1 1624 1.1
1 797 1.1
1 3844 1.1
1 2652 1.098
1 2384 1.098
1 160 1.098
1 164 1.098
1 1359 1.098
1 1362 1.098
1 169 1.098
1 1770 1.098
1 449 1.098
1 1241 1.098
1 2566 1.098
1 2786 1.098
1 570 1.098
1 2420 1.098
1 461 1.098
1 340 1.098
1 581 1.098
1 1604 1.098
1 1991 1.098
1 2152 1.098
1 1100 1.098
1 1443 1.098
1 1180 1.098
1 2469 1.098
1 3699 1.098
1 2350 1.098
1 2195 1.098
1 711 1.098
1 3840 1.098
1 1214 1.096
1 3694 1.096
1 3728 1.096
1 2240 1.096
1 2625 1.096
1 2555 1.096
1 2366 1.096
1 1504 1.096
1 2569 1.096
1 57 1.096
1 1740 1.096
1 574 1.096
1 2423 1.096
1 1595 1.096
1 1668 1.096
1 2160 1.096
1 1049 1.094
1 1822 1.094
1 1727 1.094
1 1834 1.094
1 444 1.094
1 3323 1.094
1 2561 1.094
1 2368 1.094
1 2220 1.094
1 2710 1.094
1 1870 1.094
1 1872 1.094
1 2432 1.094
1 978 1.094
1 197 1.094
1 2767 1.094
1 3688 1.094
1 1114 1.094
1 93 1.094
1 709 1.094
1 3838 1.094
1 2525 1.092
1 1348 1.092
1 651 1.092
1 376 1.092
1 2207 1.092
1 2208 1.092
1 3519 1.092
1 1161 1.092
1 3757 1.092
1 1073 1.092
1 575 1.092
1 1080 1.092
1 1437 1.092
1 406 1.092
1 413 1.092
1 2139 1.092
1 2792 1.092
1 2035 1.092
1 1913 1.092
1 1719 1.092
1 3846 1.092
1 258 1.09
1 1725 1.09
1 2688 1.09
1 1659 1.09
1 3733 1.09
1 3683 1.09
1 2711 1.09
1 391 1.09
1 1878 1.09
1 2601 1.09
1 1775 1.09
1 3159 1.09
1 1194 1.09
1 2442 1.09
1 3821 1.09
1 908 1.09
1 2629 1.09
1 911 1.09
1 3675 1.09
1 2749 1.09
1 1821 1.09
1 3843 1.09
1 1132 1.088
1 2785 1.088
1 1213 1.088
1 1632 1.088
1 2775 1.088
1 1366 1.088
1 1941 1.088
1 1929 1.088
1 2245 1.088
1 2375 1.088
1 2287 1.088
1 1748 1.088
1 1530 1.088
1 810 1.088
1 1427 1.088
1 354 1.088
1 695 1.088
1 3817 1.088
1 991 1.088
1 1763 1.088
1 92 1.088
1 1717 1.088
1 1819 1.088
1 2552 1.088
1 308 1.086
1 538 1.086
1 1478 1.086
1 442 1.086
1 2205 1.086
1 2046 1.086
1 2209 1.086
1 388 1.086
1 1255 1.086
1 2580 1.086
1 1258 1.086
1 1429 1.086
1 1988 1.086
1 3456 1.086
1 1562 1.086
1 83 1.086
1 2033 1.086
1 1300 1.086
1 702 1.086
1 1007 1.086
1 1470 1.086
1 303 1.084
1 3693 1.084
1 2227 1.084
1 1224 1.084
1 2546 1.084
1 1354 1.084
1 1939 1.084
1 658 1.084
1 1662 1.084
1 2572 1.084
1 2673 1.084
1 1416 1.084
1 1882 1.084
1 1767 1.084
1 3164 1.084
1 895 1.084
1 2764 1.084
1 2637 1.084
1 706 1.084
1 796 1.084
1 708 1.084
1 3678 1.084
1 2730 1.082
1 1056 1.082
1 2391 1.082
1 2460 1.082
1 650 1.082
1 1495 1.082
1 374 1.082
1 1772 1.082
1 2246 1.082
1 2250 1.082
1 2510 1.082
1 1873 1.082
1 1751 1.082
1 1883 1.082
1 982 1.082
1 1197 1.082
1 1897 1.082
1 1102 1.082
1 3747 1.082
1 3816 1.082
1 2472 1.082
1 996 1.082
1 2032 1.082
1 132 1.082
1 2639 1.082
1 1785 1.082
1 3837 1.082
1 1468 1.082
1 3839 1.082
1 3845 1.082
1 1917 1.08
1 1051 1.08
1 1357 1.08
1 3734 1.08
1 2550 1.08
1 1667 1.08
1 3397 1.08
1 1150 1.08
1 939 1.08
1 2094 1.08
1 2740 1.08
1 1413 1.08
1 580 1.08
1 1880 1.08
1 1271 1.08
1 2754 1.08
1 2608 1.08
1 1550 1.08
1 2468 1.08
1 1796 1.08
1 2165 1.08
1 1221 1.08
1 907 1.08
1 2214 1.08
1 997 1.08
1 1815 1.08
1 3857 1.08
1 622 1.08
1 2037 1.08
1 794 1.08
1 631 1.08
1 1638 1.08
1 2359 1.08
1 2360 1.08
1 3849 1.08
1 422 1.078
1 3148 1.078
1 423 1.078
1 425 1.078
1 3563 1.078
1 1226 1.078
1 2392 1.078
1 105 1.078
1 1147 1.078
1 2683 1.078
1 1856 1.078
1 831 1.078
1 2564 1.078
1 884 1.078
1 2095 1.078
1 1512 1.078
1 960 1.078
1 3573 1.078
1 966 1.078
1 1267 1.078
1 1985 1.078
1 1426 1.078
1 3749 1.078
1 1094 1.078
1 1433 1.078
1 597 1.078
1 2765 1.078
1 775 1.078
1 1784 1.078
1 609 1.078
1 1801 1.078
1 2029 1.078
1 2178 1.078
1 1631 1.078
1 3835 1.078
1 1646 1.076
1 3779 1.076
1 646 1.076
1 2396 1.076
1 938 1.076
1 660 1.076
1 2249 1.076
1 3219 1.076
1 1164 1.076
1 1515 1.076
1 2577 1.076
1 2712 1.076
1 2133 1.076
1 671 1.076
1 2041 1.076
1 3721 1.076
1 2661 1.076
1 1981 1.076
1 1420 1.076
1 1754 1.076
1 3784 1.076
1 1539 1.076
1 3796 1.076
1 2440 1.076
1 2444 1.076
1 615 1.076
1 2849 1.076
1 306 1.074
1 1832 1.074
1 434 1.074
1 2537 1.074
1 2548 1.074
1 2668 1.074
1 1671 1.074
1 1472 1.074
1 2409 1.074
1 381 1.074
1 1733 1.074
1 1157 1.074
1 3744 1.074
1 3121 1.074
1 1075 1.074
1 1412 1.074
1 3767 1.074
1 3720 1.074
1 2592 1.074
1 2437 1.074
1 2611 1.074
1 1554 1.074
1 2167 1.074
1 998 1.074
1 2638 1.074
1 2179 1.074
1 1006 1.074
1 1673 1.074
1 2694 1.074
1 1203 1.074
1 1820 1.074
1 3870 1.074
1 2647 1.072
1 1721 1.072
1 1828 1.072
1 1932 1.072
1 3740 1.072
1 2527 1.072
1 2226 1.072
1 2459 1.072
1 2698 1.072
1 453 1.072
1 2709 1.072
1 2574 1.072
1 2578 1.072
1 2137 1.072
1 2425 1.072
1 2676 1.072
1 2426 1.072
1 2585 1.072
1 1752 1.072
1 2428 1.072
1 1268 1.072
1 1990 1.072
1 2640 1.072
1 3629 1.072
1 2763 1.072
1 115 1.072
1 512 1.072
1 1552 1.072
1 2617 1.072
1 2026 1.072
1 2789 1.072
1 2559 1.072
1 2177 1.072
1 522 1.072
1 2685 1.072
1 704 1.072
1 2691 1.072
1 2636 1.072
1 2553 1.072
1 3847 1.072
1 1447 1.07
1 1829 1.07
1 2528 1.07
1 1837 1.07
1 370 1.07
1 1352 1.07
1 647 1.07
1 1494 1.07
1 1660 1.07
1 280 1.07
1 324 1.07
1 655 1.07
1 2562 1.07
1 2232 1.07
1 3648 1.07
1 1159 1.07
1 952 1.07
1 1069 1.07
1 1809 1.07
1 1259 1.07
1 2429 1.07
1 1534 1.07
1 3589 1.07
1 2433 1.07
1 3809 1.07
1 1759 1.07
1 3792 1.07
1 1272 1.07
1 1273 1.07
1 75 1.07
1 1768 1.07
1 1196 1.07
1 1283 1.07
1 2162 1.07
1 3636 1.07
1 239 1.07
1 2027 1.07
1 3646 1.07
1 3874 1.07
1 250 1.07
1 1305 1.07
1 2039 1.07
1 525 1.07
1 1307 1.07
1 3329 1.07
1 800 1.07
1 3878 1.07
1 1476 1.068
1 2732 1.068
1 2383 1.068
1 2656 1.068
1 925 1.068
1 2393 1.068
1 2394 1.068
1 2624 1.068
1 319 1.068
1 1236 1.068
1 1061 1.068
1 1367 1.068
1 837 1.068
1 1569 1.068
1 882 1.068
1 1734 1.068
1 454 1.068
1 1861 1.068
1 2706 1.068
1 1516 1.068
1 1741 1.068
1 958 1.068
1 392 1.068
1 1414 1.068
1 1417 1.068
1 1753 1.068
1 2431 1.068
1 142 1.068
1 587 1.068
1 2594 1.068
1 1431 1.068
1 892 1.068
1 3804 1.068
1 2606 1.068
1 1439 1.068
1 2443 1.068
1 898 1.068
1 2019 1.068
1 511 1.068
1 1284 1.068
1 3722 1.068
1 3805 1.068
1 3824 1.068
1 298 1.068
1 1012 1.068
1 3853 1.068
1 3879 1.068
1 145 1.066
1 257 1.066
1 635 1.066
1 2217 1.066
1 2731 1.066
1 265 1.066
1 1403 1.066
1 482 1.066
1 2622 1.066
1 2543 1.066
1 2237 1.066
1 2684 1.066
1 1566 1.066
1 2244 1.066
1 1062 1.066
1 2699 1.066
1 3737 1.066
1 1858 1.066
1 1401 1.066
1 3753 1.066
1 3550 1.066
1 669 1.066
1 1074 1.066
1 181 1.066
1 578 1.066
1 1527 1.066
1 3772 1.066
1 1269 1.066
1 1895 1.066
1 1989 1.066
1 501 1.066
1 2753 1.066
1 3173 1.066
1 2446 1.066
1 114 1.066
1 2449 1.066
1 1901 1.066
1 120 1.066
1 3819 1.066
1 1452 1.066
1 1462 1.066
1 3856 1.066
1 552 1.066
1 2036 1.066
1 3567 1.066
1 1010 1.066
1 2354 1.066
1 2643 1.066
1 2708 1.066
1 2358 1.066
1 304 1.064
1 3801 1.064
1 2659 1.064
1 266 1.064
1 3709 1.064
1 2547 1.064
1 649 1.064
1 2544 1.064
1 2557 1.064
1 326 1.064
1 2565 1.064
1 2219 1.064
1 3475 1.064
1 3750 1.064
1 1399 1.064
1 664 1.064
1 335 1.064
1 1864 1.064
1 397 1.064
1 3574 1.064
1 2143 1.064
1 1538 1.064
1 2593 1.064
1 3596 1.064
1 2438 1.064
1 3787 1.064
1 2602 1.064
1 3806 1.064
1 2609 1.064
1 2157 1.064
1 2610 1.064
1 1549 1.064
1 773 1.064
1 600 1.064
1 2614 1.064
1 411 1.064
1 2163 1.064
1 2769 1.064
1 2451 1.064
1 1556 1.064
1 779 1.064
1 2777 1.064
1 1906 1.064
1 1294 1.064
1 2634 1.064
1 415 1.064
1 520 1.064
1 362 1.064
1 791 1.064
1 2635 1.064
1 1306 1.064
1 2692 1.064
1 2750 1.064
1 2514 1.064
1 1053 1.062
1 3745 1.062
1 1022 1.062
1 1210 1.062
1 2223 1.062
1 2387 1.062
1 3160 1.062
1 2620 1.062
1 643 1.062
1 1041 1.062
1 2230 1.062
1 929 1.062
1 1151 1.062
1 2204 1.062
1 2206 1.062
1 1243 1.062
1 1503 1.062
1 941 1.062
1 3497 1.062
1 1731 1.062
1 3782 1.062
1 2700 1.062
1 1397 1.062
1 2222 1.062
1 3674 1.062
1 2419 1.062
1 3759 1.062
1 390 1.062
1 2670 1.062
1 2715 1.062
1 2674 1.062
1 2718 1.062
1 579 1.062
1 1749 1.062
1 682 1.062
1 2589 1.062
1 1983 1.062
1 1171 1.062
1 590 1.062
1 3795 1.062
1 1890 1.062
1 2154 1.062
1 1279 1.062
1 1894 1.062
1 2613 1.062
1 1900 1.062
1 2766 1.062
1 2021 1.062
1 776 1.062
1 2024 1.062
1 1288 1.062
1 2028 1.062
1 3380 1.062
1 612 1.062
1 909 1.062
1 416 1.062
1 1117 1.062
1 2467 1.062
1 792 1.062
1 1634 1.062
1 2707 1.062
1 2356 1.062
1 2049 1.062
1 532 1.06
1 2212 1.06
1 715 1.06
1 2784 1.06
1 2216 1.06
1 2651 1.06
1 1136 1.06
1 2228 1.06
1 1654 1.06
1 2404 1.06
1 2405 1.06
1 268 1.06
1 1404 1.06
1 2457 1.06
1 2458 1.06
1 3778 1.06
1 3811 1.06
1 323 1.06
1 1149 1.06
1 1498 1.06
1 1676 1.06
1 3564 1.06
1 1247 1.06
1 948 1.06
1 2282 1.06
1 955 1.06
1 572 1.06
1 2136 1.06
1 676 1.06
1 2138 1.06
1 3769 1.06
1 2720 1.06
1 683 1.06
1 2044 1.06
1 3748 1.06
1 2895 1.06
1 1536 1.06
1 1168 1.06
1 2598 1.06
1 355 1.06
1 1274 1.06
1 3618 1.06
1 1192 1.06
1 1545 1.06
1 1779 1.06
1 1281 1.06
1 3758 1.06
1 3631 1.06
1 1286 1.06
1 1553 1.06
1 904 1.06
1 1619 1.06
1 1289 1.06
1 238 1.06
1 1290 1.06
1 2454 1.06
1 1451 1.06
1 3654 1.06
1 3644 1.06
1 1001 1.06
1 2349 1.06
1 3647 1.06
1 3660 1.06
1 2040 1.06
1 2751 1.06
1 2646 1.06
1 1833 1.058
1 368 1.058
1 2238 1.058
1 3706 1.058
1 3707 1.058
1 926 1.058
1 2774 1.058
1 2539 1.058
1 3764 1.058
1 1233 1.058
1 1234 1.058
1 829 1.058
1 2407 1.058
1 1935 1.058
1 2247 1.058
1 2248 1.058
1 3751 1.058
1 2573 1.058
1 3551 1.058
1 2132 1.058
1 1743 1.058
1 3762 1.058
1 3565 1.058
1 2719 1.058
1 1893 1.058
1 976 1.058
1 594 1.058
1 1544 1.058
1 2441 1.058
1 1448 1.058
1 2213 1.058
1 2172 1.058
1 2779 1.058
1 2462 1.058
1 785 1.058
1 1455 1.058
1 2464 1.058
1 2465 1.058
1 363 1.058
1 2859 1.058
1 3663 1.058
1 3665 1.058
1 528 1.058
1 1915 1.058
1 2379 1.056
1 2520 1.056
1 1020 1.056
1 1831 1.056
1 2218 1.056
1 427 1.056
1 1477 1.056
1 2533 1.056
1 1483 1.056
1 2388 1.056
1 433 1.056
1 1141 1.056
1 1142 1.056
1 644 1.056
1 2665 1.056
1 823 1.056
1 928 1.056
1 1154 1.056
1 1244 1.056
1 2231 1.056
1 383 1.056
1 3638 1.056
1 665 1.056
1 1511 1.056
1 3520 1.056
1 1406 1.056
1 2714 1.056
1 1522 1.056
1 962 1.056
1 1523 1.056
1 964 1.056
1 1525 1.056
1 1526 1.056
1 2430 1.056
1 1167 1.056
1 685 1.056
1 3592 1.056
1 2744 1.056
1 1993 1.056
1 1891 1.056
1 774 1.056
1 1444 1.056
1 903 1.056
1 2619 1.056
1 906 1.056
1 1109 1.056
1 1110 1.056
1 3641 1.056
1 3642 1.056
1 2176 1.056
1 3025 1.056
1 1812 1.056
1 1463 1.056
1 3832 1.056
1 2693 1.056
1 1466 1.056
1 1467 1.056
1 714 1.054
1 1315 1.054
1 1021 1.054
1 1652 1.054
1 3799 1.054
1 2542 1.054
1 2681 1.054
1 2556 1.054
1 327 1.054
1 48 1.054
1 2158 1.054
1 1065 1.054
1 1066 1.054
1 2281 1.054
1 384 1.054
1 1862 1.054
1 568 1.054
1 2579 1.054
1 1746 1.054
1 3783 1.054
1 2723 1.054
1 2054 1.054
1 2726 1.054
1 1758 1.054
1 878 1.054
1 2151 1.054
1 1190 1.054
1 1889 1.054
1 3621 1.054
1 1781 1.054
1 3630 1.054
1 2448 1.054
1 2773 1.054
1 1557 1.054
1 3652 1.054
1 122 1.054
1 1400 1.054
1 2632 1.054
1 2361 1.054
1 3645 1.054
1 3697 1.054
1 1005 1.054
1 299 1.054
1 1911 1.054
1 3664 1.054
1 1124 1.054
1 3873 1.054
1 2940 1.052
1 1205 1.052
1 2521 1.052
1 1726 1.052
1 1024 1.052
1 1211 1.052
1 2761 1.052
1 921 1.052
1 1484 1.052
1 1486 1.052
1 484 1.052
1 1229 1.052
1 927 1.052
1 930 1.052
1 3719 1.052
1 3398 1.052
1 836 1.052
1 3711 1.052
1 1398 1.052
1 1249 1.052
1 571 1.052
1 670 1.052
1 2671 1.052
1 1077 1.052
1 1079 1.052
1 1262 1.052
1 583 1.052
1 1982 1.052
1 1424 1.052
1 1757 1.052
1 192 1.052
1 1093 1.052
1 504 1.052
1 1780 1.052
1 2020 1.052
1 1081 1.052
1 3820 1.052
1 3653 1.052
1 1625 1.052
1 1299 1.052
1 1627 1.052
1 1672 1.052
1 2196 1.052
1 2916 1.052
1 2378 1.05
1 3681 1.05
1 534 1.05
1 2380 1.05
1 3746 1.05
1 2523 1.05
1 2170 1.05
1 2654 1.05
1 2770 1.05
1 640 1.05
1 2660 1.05
1 3165 1.05
1 2662 1.05
1 2545 1.05
1 1043 1.05
1 1491 1.05
1 2679 1.05
1 3296 1.05
1 2399 1.05
1 2235 1.05
1 332 1.05
1 2412 1.05
1 2413 1.05
1 2705 1.05
1 2675 1.05
1 2605 1.05
1 1263 1.05
1 2043 1.05
1 3594 1.05
1 1766 1.05
1 1280 1.05
1 901 1.05
1 3633 1.05
1 121 1.05
1 2778 1.05
1 3822 1.05
1 1113 1.05
1 519 1.05
1 1904 1.05
1 1908 1.05
1 2353 1.05
1 3775 1.05
1 2048 1.05
1 2051 1.05
1 2516 1.05
1 3776 1.048
1 150 1.048
1 2983 1.048
1 1934 1.048
1 1839 1.048
1 1046 1.048
1 1666 1.048
1 2236 1.048
1 557 1.048
1 1656 1.048
1 3727 1.048
1 1242 1.048
1 2677 1.048
1 2092 1.048
1 455 1.048
1 1067 1.048
1 2135 1.048
1 3569 1.048
1 2140 1.048
1 680 1.048
1 1532 1.048
1 3588 1.048
1 2739 1.048
1 1088 1.048
1 2745 1.048
1 1176 1.048
1 2747 1.048
1 502 1.048
1 1888 1.048
1 980 1.048
1 3634 1.048
1 1108 1.048
1 1622 1.048
1 1112 1.048
1 2790 1.048
1 3695 1.048
1 1116 1.048
1 1004 1.048
1 3236 1.048
1 1015 1.048
1 1471 1.046
1 2554 1.046
1 2650 1.046
1 1208 1.046
1 536 1.046
1 2657 1.046
1 1835 1.046
1 1350 1.046
1 3169 1.046
1 1670 1.046
1 2880 1.046
1 1365 1.046
1 3669 1.046
1 2411 1.046
1 1505 1.046
1 2415 1.046
1 1735 1.046
1 2524 1.046
1 334 1.046
1 1808 1.046
1 1745 1.046
1 3766 1.046
1 1529 1.046
1 2587 1.046
1 3593 1.046
1 1172 1.046
1 2600 1.046
1 1106 1.046
1 606 1.046
1 2776 1.046
1 610 1.046
1 2475 1.046
1 2892 1.046
1 3793 1.046
1 1312 1.046
1 1125 1.046
1 3672 1.046
1 3798 1.044
1 151 1.044
1 813 1.044
1 3275 1.044
1 1040 1.044
1 1487 1.044
1 828 1.044
1 2088 1.044
1 2417 1.044
1 1070 1.044
1 1408 1.044
1 3703 1.044
1 963 1.044
1 582 1.044
1 1169 1.044
1 686 1.044
1 1992 1.044
1 3813 1.044
1 1905 1.044
1 620 1.044
1 3763 1.044
1 2642 1.044
1 1940 1.042
1 272 1.042
1 1565 1.042
1 1730 1.042
1 2414 1.042
1 1742 1.042
1 679 1.042
1 1978 1.042
1 967 1.042
1 2145 1.042
1 3781 1.042
1 1090 1.042
1 3086 1.042
1 1440 1.042
1 2456 1.042
1 3294 1.042
1 523 1.042
1 137 1.042
1 2538 1.04
1 871 1.04
1 1930 1.04
1 2604 1.04
1 3572 1.04
1 3808 1.04
1 994 1.04
1 1464 1.04
1 2050 1.04
1 2385 1.038
1 3713 1.038
1 932 1.038
1 2568 1.038
1 2703 1.038
1 965 1.038
1 598 1.038
1 1449 1.038
1 3566 1.036
1 3855 1.036
1 637 1.034
1 2558 1.034
1 672 1.034
1 1173 1.034
1 116 1.034
1 285 1.032
1 666 1.032
1 1542 1.03
1 1910 1.03
1 3076 1.0
1 916 1.0
1 430 1.0
1 1855 1.0
1 110 1.0
1 52 1.0
1 2701 1.0
1 668 1.0
1 1994 1.0
1 2015 1.0
1 992 1.0
1 2047 1.0
1 3867 1.0
1 3872 1.0
1 3876 1.0
2 189 6.186
2 2756 6.12
2 494 6.094
2 2758 6.08
2 290 5.758
2 1887 5.558
2 3637 5.434
2 2760 5.42
2 1029 5.186
2 2757 5.058
2 2761 5.026
2 81 4.83
2 3296 4.822
2 1820 4.75
2 1804 4.634
2 3634 4.576
2 2476 4.466
2 3862 4.398
2 2759 4.392
2 2597 4.344
2 544 4.264
2 3633 4.234
2 3811 4.058
2 2762 3.93
2 917 3.826
2 3601 3.77
2 3635 3.758
2 910 3.714
2 2596 3.702
2 3864 3.696
2 940 3.584
2 2570 3.564
2 3863 3.552
2 3865 3.472
2 793 3.338
2 766 3.242
2 170 3.116
2 1899 3.11
2 3619 3.104
2 537 3.092
2 1096 3.026
2 3866 3.002
2 3812 2.874
2 3553 2.87
2 2582 2.866
2 236 2.834
2 38 2.806
2 1099 2.696
2 333 2.55
2 2598 2.52
2 1095 2.508
2 1165 2.466
2 126 2.42
2 3640 2.39
2 1126 2.362
2 3610 2.348
2 321 2.346
2 3623 2.34
2 1499 2.332
2 3624 2.312
2 1055 2.272
2 3578 2.272
2 3622 2.242
2 545 2.232
2 322 2.202
2 3158 2.184
2 1593 2.176
2 3609 2.164
2 2562 2.156
2 1869 2.15
2 3554 2.142
2 7 2.136
2 2763 2.134
2 328 2.118
2 3603 2.108
2 3604 2.106
2 3607 2.104
2 420 2.098
2 2846 2.096
2 3608 2.094
2 2687 2.088
2 1951 2.084
2 515 2.082
2 3605 2.076
2 2772 2.074
2 188 2.07
2 3159 2.054
2 3602 2.05
2 756 2.05
2 3556 2.048
2 245 2.034
2 2849 2.018
2 3555 2.012
2 3606 2.006
2 2769 1.988
2 247 1.988
2 2767 1.986
2 274 1.972
2 789 1.966
2 310 1.952
2 3568 1.948
2 3160 1.94
2 2781 1.852
2 208 1.84
2 365 1.834
2 3807 1.82
2 3620 1.812
2 2787 1.79
2 1528 1.776
2 1603 1.768
2 1463 1.752
2 2783 1.74
2 803 1.736
2 3616 1.734
2 359 1.726
2 3567 1.724
2 3806 1.72
2 3518 1.696
2 3323 1.678
2 3172 1.668
2 3166 1.664
2 3397 1.66
2 3561 1.658
2 2794 1.654
2 2780 1.65
2 3572 1.648
2 3625 1.64
2 3164 1.626
2 3658 1.622
2 3151 1.618
2 3629 1.614
2 1281 1.61
2 3447 1.604
2 752 1.602
2 3641 1.6
2 3570 1.592
2 3810 1.584
2 3580 1.578
2 3165 1.576
2 3588 1.572
2 3579 1.57
2 3454 1.548
2 3569 1.54
2 283 1.514
2 3587 1.488
2 3562 1.488
2 2944 1.484
2 3617 1.47
2 3571 1.47
2 3575 1.468
2 1251 1.442
2 3152 1.434
2 830 1.422
2 872 1.42
2 2353 1.418
2 3132 1.412
2 3156 1.406
2 2489 1.398
2 3657 1.394
2 1501 1.392
2 2777 1.388
2 2812 1.388
2 3642 1.388
2 3153 1.386
2 2779 1.384
2 1380 1.364
2 3593 1.362
2 3155 1.36
2 1053 1.356
2 1811 1.354
2 1313 1.35
2 3648 1.346
2 3591 1.344
2 3178 1.342
2 3598 1.342
2 1776 1.342
2 3615 1.34
2 2621 1.334
2 2197 1.332
2 3573 1.332
2 896 1.33
2 778 1.33
2 2983 1.33
2 3594 1.328
2 429 1.326
2 3548 1.326
2 3595 1.326
2 2189 1.324
2 91 1.322
2 3549 1.32
2 2203 1.318
2 3636 1.318
2 3236 1.318
2 3649 1.318
2 3157 1.316
2 3600 1.316
2 2279 1.316
2 3630 1.316
2 539 1.316
2 3563 1.316
2 2697 1.316
2 1454 1.314
2 3150 1.314
2 1508 1.314
2 565 1.312
2 675 1.31
2 3577 1.31
2 1060 1.31
2 3077 1.31
2 3814 1.31
2 3631 1.308
2 568 1.308
2 1195 1.306
2 2122 1.304
2 3565 1.304
2 3576 1.302
2 1260 1.302
2 3813 1.302
2 3566 1.3
2 179 1.3
2 3650 1.3
2 3182 1.298
2 2628 1.298
2 1254 1.298
2 3659 1.298
2 654 1.292
2 3149 1.292
2 3589 1.292
2 3581 1.292
2 1884 1.292
2 3590 1.292
2 3519 1.29
2 437 1.288
2 3592 1.286
2 3075 1.284
2 3552 1.282
2 1639 1.278
2 3599 1.274
2 395 1.268
3 1256 5.712
3 2762 2.798
3 3167 2.642
3 3158 2.616
3 3182 2.538
3 3 2.414
3 402 2.072
3 3191 2.036
3 3179 1.836
3 1017 1.796
3 3181 1.766
3 413 1.568
3 3176 1.502
3 3178 1.416
3 1251 1.302
3 2844 1.284
3 2617 1.234
3 1245 1.226
3 766 1.222
3 3170 1.22
3 1415 1.21
3 527 1.21
3 2867 1.208
3 3132 1.204
3 1360 1.196
3 409 1.196
3 3316 1.194
3 1358 1.182
3 803 1.182
3 3211 1.18
3 1650 1.174
3 2945 1.172
3 3453 1.172
3 3251 1.168
3 3293 1.168
3 910 1.168
3 305 1.166
3 2418 1.166
3 2869 1.166
3 2164 1.162
3 2459 1.162
3 1858 1.16
3 3416 1.154
3 2782 1.152
3 2794 1.148
3 3426 1.146
3 3190 1.146
3 3292 1.144
3 793 1.144
3 49 1.144
3 1265 1.142
3 1322 1.142
3 3138 1.142
3 2818 1.14
3 3282 1.14
3 3391 1.14
3 7 1.138
3 2876 1.138
3 101 1.136
3 1352 1.136
3 690 1.136
3 2477 1.136
3 2560 1.134
3 3289 1.132
3 3043 1.13
3 2644 1.13
3 725 1.128
3 3041 1.126
3 2142 1.126
3 3275 1.124
3 3433 1.124
3 2931 1.124
3 2834 1.124
3 3418 1.122
3 3423 1.122
3 3455 1.122
3 2941 1.12
3 3072 1.12
3 1860 1.12
3 1500 1.118
3 1189 1.118
3 2883 1.118
3 2750 1.116
3 3384 1.116
3 3109 1.114
3 3147 1.114
3 721 1.114
3 2390 1.114
3 2894 1.114
3 3058 1.114
3 3062 1.112
3 1134 1.112
3 2936 1.112
3 3331 1.11
3 2980 1.11
3 2412 1.11
3 3125 1.11
3 1199 1.11
3 3016 1.108
3 3291 1.108
3 3465 1.108
3 1057 1.108
3 3321 1.106
3 604 1.106
3 3002 1.104
3 807 1.104
3 1534 1.104
3 3128 1.104
3 162 1.102
3 3419 1.102
3 745 1.102
3 1870 1.102
3 1078 1.102
3 2899 1.1
3 1349 1.098
3 3459 1.098
3 3174 1.098
3 2840 1.096
3 301 1.096
3 3187 1.096
3 3221 1.096
3 3028 1.096
3 468 1.094
3 1542 1.094
3 3430 1.094
3 3450 1.094
3 3314 1.094
3 3091 1.094
3 3129 1.094
3 824 1.092
3 2896 1.092
3 2963 1.092
3 3290 1.092
3 2605 1.09
3 1603 1.09
3 3348 1.09
3 1937 1.09
3 3000 1.09
3 179 1.088
3 2228 1.088
3 3260 1.088
3 632 1.088
3 2322 1.088
3 2795 1.088
3 3454 1.088
3 3081 1.086
3 764 1.086
3 322 1.086
3 2992 1.086
3 494 1.086
3 2513 1.086
3 3001 1.086
3 2877 1.084
3 3073 1.084
3 3261 1.084
3 3141 1.084
3 3086 1.084
3 3237 1.084
3 2927 1.084
3 3376 1.084
3 356 1.082
3 3219 1.082
3 3106 1.082
3 3042 1.082
3 1561 1.082
3 2641 1.082
3 1465 1.082
3 754 1.082
3 2953 1.082
3 2893 1.082
3 3099 1.082
3 2933 1.082
3 532 1.082
3 3044 1.08
3 2850 1.08
3 2983 1.08
3 1474 1.08
3 2988 1.08
3 517 1.08
3 3472 1.08
3 2187 1.08
3 1510 1.08
3 1333 1.08
3 3034 1.08
3 3098 1.08
3 3397 1.078
3 657 1.078
3 2882 1.078
3 3145 1.078
3 2823 1.078
3 3051 1.078
3 3355 1.078
3 3308 1.078
3 3297 1.078
3 896 1.078
3 986 1.078
3 3399 1.078
3 3393 1.076
3 2872 1.076
3 3004 1.076
3 115 1.076
3 200 1.076
3 2879 1.076
3 3074 1.076
3 3227 1.076
3 3113 1.076
3 1506 1.076
3 971 1.076
3 3322 1.076
3 1047 1.076
3 3375 1.076
3 1126 1.076
3 3096 1.076
3 3066 1.076
3 2787 1.074
3 2141 1.074
3 310 1.074
3 2954 1.074
3 2890 1.074
3 3052 1.074
3 3392 1.074
3 2378 1.074
3 3085 1.074
3 2858 1.074
3 2826 1.074
3 306 1.074
3 2958 1.074
3 2595 1.074
3 2995 1.074
3 2871 1.074
3 3131 1.074
3 2971 1.072
3 2940 1.072
3 3333 1.072
3 246 1.072
3 266 1.072
3 3050 1.072
3 3266 1.072
3 2857 1.072
3 2956 1.072
3 3024 1.072
3 2402 1.072
3 2832 1.072
3 3029 1.072
3 2870 1.072
3 546 1.07
3 2044 1.07
3 3136 1.07
3 3107 1.07
3 2849 1.07
3 736 1.07
3 2949 1.07
3 2819 1.07
3 2240 1.07
3 3015 1.07
3 2724 1.07
3 1182 1.07
3 2822 1.07
3 90 1.07
3 3018 1.07
3 133 1.07
3 2824 1.07
3 3054 1.07
3 2959 1.07
3 507 1.07
3 2807 1.068
3 2584 1.068
3 3404 1.068
3 3319 1.068
3 223 1.068
3 3440 1.068
3 3080 1.068
3 756 1.068
3 332 1.068
3 3361 1.068
3 459 1.068
3 3061 1.068
3 2802 1.068
3 2536 1.068
3 2042 1.066
3 2972 1.066
3 2810 1.066
3 608 1.066
3 2845 1.066
3 3253 1.066
3 2881 1.066
3 2950 1.066
3 3017 1.066
3 2920 1.066
3 3084 1.066
3 2796 1.066
3 3089 1.066
3 3057 1.066
3 3364 1.066
3 3208 1.066
3 1808 1.066
3 3100 1.064
3 139 1.064
3 2811 1.064
3 2186 1.064
3 2197 1.064
3 1376 1.064
3 2886 1.064
3 1993 1.064
3 2985 1.064
3 2955 1.064
3 1512 1.064
3 3021 1.064
3 3119 1.064
3 367 1.064
3 3458 1.064
3 2798 1.064
3 2903 1.064
3 2806 1.064
3 2905 1.062
3 3394 1.062
3 111 1.062
3 1936 1.062
3 3225 1.062
3 190 1.062
3 242 1.062
3 3276 1.062
3 1480 1.062
3 2889 1.062
3 3356 1.062
3 3462 1.062
3 2827 1.062
3 3242 1.062
3 2862 1.062
3 2962 1.062
3 3126 1.062
3 3168 1.062
3 1892 1.062
3 2835 1.062
3 2969 1.062
3 3135 1.06
3 3008 1.06
3 2848 1.06
3 2817 1.06
3 2852 1.06
3 3048 1.06
3 2300 1.06
3 3616 1.06
3 3053 1.06
3 2865 1.06
3 2900 1.06
3 3366 1.06
3 1912 1.06
3 2934 1.06
3 372 1.06
3 2937 1.058
3 2808 1.058
3 3103 1.058
3 3006 1.058
3 1347 1.058
3 2203 1.058
3 2916 1.058
3 2851 1.058
3 2260 1.058
3 2919 1.058
3 2776 1.058
3 1704 1.058
3 2929 1.058
3 3060 1.058
3 480 1.058
3 2522 1.058
3 2967 1.058
3 1029 1.058
3 2838 1.058
3 380 1.056
3 2029 1.056
3 3324 1.056
3 3012 1.056
3 2859 1.056
3 2828 1.056
3 2960 1.056
3 3345 1.056
3 18 1.056
3 1130 1.056
3 3095 1.056
3 3480 1.056
3 2999 1.056
3 2938 1.054
3 3213 1.054
3 3038 1.054
3 603 1.054
3 2909 1.054
3 3137 1.054
3 2915 1.054
3 3143 1.054
3 2327 1.054
3 1362 1.054
3 2981 1.054
3 3014 1.054
3 89 1.054
3 2340 1.054
3 2957 1.054
3 1567 1.054
3 3088 1.054
3 2991 1.054
3 238 1.054
3 981 1.054
3 2112 1.052
3 2628 1.052
3 2878 1.052
3 2880 1.052
3 2947 1.052
3 2948 1.052
3 2884 1.052
3 3111 1.052
3 2917 1.052
3 2982 1.052
3 2887 1.052
3 363 1.052
3 3183 1.052
3 2861 1.052
3 3127 1.052
3 333 1.052
3 1103 1.052
3 3031 1.052
3 2134 1.052
3 2809 1.05
3 3037 1.05
3 1942 1.05
3 3431 1.05
3 3378 1.05
3 2843 1.05
3 2946 1.05
3 1032 1.05
3 3013 1.05
3 2853 1.05
3 2856 1.05
3 816 1.05
3 2897 1.05
3 2864 1.05
3 2930 1.05
3 539 1.05
3 1054 1.05
3 684 1.05
3 3030 1.05
3 1688 1.05
3 3380 1.05
3 3407 1.05
3 3033 1.05
3 3036 1.048
3 915 1.048
3 3071 1.048
3 1319 1.048
3 3139 1.048
3 2709 1.048
3 2918 1.048
3 3288 1.048
3 2760 1.048
3 2990 1.048
3 3313 1.048
3 2863 1.048
3 3360 1.048
3 2868 1.048
3 3097 1.048
3 3035 1.046
3 3133 1.046
3 2906 1.046
3 2939 1.046
3 2907 1.046
3 1281 1.046
3 2842 1.046
3 2973 1.046
3 3105 1.046
3 617 1.046
3 2174 1.046
3 3448 1.046
3 2815 1.046
3 2979 1.046
3 734 1.046
3 3077 1.046
3 3216 1.046
3 2984 1.046
3 3115 1.046
3 2921 1.046
3 3238 1.046
3 389 1.046
3 118 1.046
3 3467 1.046
3 3473 1.046
3 3123 1.046
3 3250 1.046
3 2803 1.046
3 3354 1.046
3 503 1.046
3 63 1.046
3 2873 1.044
3 2586 1.044
3 3222 1.044
3 3104 1.044
3 2910 1.044
3 3007 1.044
3 2634 1.044
3 3438 1.044
3 3075 1.044
3 2664 1.044
3 260 1.044
3 2821 1.044
3 2952 1.044
3 2355 1.044
3 2793 1.044
3 2405 1.044
3 117 1.044
3 2398 1.044
3 2830 1.044
3 587 1.044
3 3124 1.044
3 3493 1.044
3 2964 1.044
3 3093 1.044
3 1055 1.044
3 3482 1.044
3 2582 1.042
3 2970 1.042
3 1288 1.042
3 1274 1.042
3 3005 1.042
3 3302 1.042
3 3175 1.042
3 3414 1.042
3 2975 1.042
3 1321 1.042
3 3108 1.042
3 718 1.042
3 3160 1.042
3 3248 1.042
3 2986 1.042
3 2987 1.042
3 3020 1.042
3 872 1.042
3 2860 1.042
3 3025 1.042
3 3243 1.042
3 593 1.042
3 2932 1.042
3 3386 1.042
3 1559 1.042
3 2841 1.04
3 3069 1.04
3 2812 1.04
3 3218 1.04
3 2814 1.04
3 2944 1.04
3 1343 1.04
3 3451 1.04
3 3341 1.04
3 2756 1.04
3 3490 1.04
3 3456 1.04
3 438 1.04
3 2825 1.04
3 3090 1.04
3 2898 1.04
3 485 1.04
3 1840 1.04
3 3389 1.04
3 2974 1.038
3 3304 1.038
3 2942 1.038
3 3411 1.038
3 2307 1.038
3 3413 1.038
3 2846 1.038
3 3009 1.038
3 2788 1.038
3 2978 1.038
3 3010 1.038
3 3259 1.038
3 2374 1.038
3 2382 1.038
3 2925 1.038
3 966 1.038
3 2797 1.038
3 3424 1.038
3 2441 1.038
3 1753 1.038
3 2801 1.038
3 2836 1.038
3 3032 1.038
3 2902 1.038
3 2968 1.038
3 1952 1.038
3 2904 1.038
3 3409 1.038
3 3003 1.036
3 2875 1.036
3 2912 1.036
3 317 1.036
3 3011 1.036
3 3110 1.036
3 3491 1.036
3 411 1.036
3 3019 1.036
3 3357 1.036
3 3121 1.036
3 3372 1.036
3 2833 1.036
3 3509 1.036
3 2839 1.034
3 1903 1.034
3 554 1.034
3 574 1.034
3 2908 1.034
3 3039 1.034
3 2943 1.034
3 1562 1.034
3 3045 1.034
3 3342 1.034
3 3281 1.034
3 3241 1.034
3 3245 1.034
3 3347 1.034
3 3312 1.034
3 3202 1.034
3 2800 1.034
3 1454 1.034
3 618 1.034
3 3488 1.034
3 2996 1.034
3 3307 1.034
3 84 1.032
3 3410 1.032
3 1398 1.032
3 3140 1.032
3 3466 1.032
3 3144 1.032
3 2888 1.032
3 2855 1.032
3 564 1.032
3 3117 1.032
3 3286 1.032
3 2923 1.032
3 2891 1.032
3 3236 1.032
3 890 1.032
3 1551 1.032
3 3055 1.032
3 3056 1.032
3 457 1.032
3 1011 1.032
3 2804 1.032
3 1157 1.032
3 3065 1.032
3 540 1.03
3 1814 1.03
3 3443 1.03
3 1312 1.03
3 3445 1.03
3 2911 1.03
3 2847 1.03
3 3076 1.03
3 257 1.03
3 1407 1.03
3 3079 1.03
3 2413 1.03
3 2951 1.03
3 3285 1.03
3 1058 1.03
3 1459 1.03
3 269 1.03
3 2208 1.03
3 3083 1.03
3 3351 1.03
3 343 1.03
3 3296 1.03
3 3239 1.03
3 3300 1.03
3 2466 1.03
3 2702 1.03
3 2866 1.03
3 3557 1.03
3 3295 1.028
3 3334 1.028
3 3508 1.028
3 3510 1.028
3 3435 1.028
3 3496 1.028
3 3267 1.028
3 3272 1.028
3 3228 1.028
3 3230 1.028
3 3046 1.028
3 3047 1.028
3 3346 1.028
3 3336 1.028
3 3309 1.028
3 3403 1.028
3 3352 1.028
3 3373 1.028
3 3412 1.028
3 3026 1.028
3 2928 1.028
3 3474 1.028
3 3092 1.028
3 3337 1.028
3 2997 1.028
3 1513 1.028
3 1681 1.028
3 3437 1.028
3 3130 1.028
3 3446 1.028
3 1 1.026
3 3068 1.026
3 3332 1.026
3 2088 1.026
3 3171 1.026
3 334 1.026
3 3420 1.026
3 2237 1.026
3 3078 1.026
3 3112 1.026
3 3461 1.026
3 2738 1.026
3 3022 1.026
3 295 1.026
3 3359 1.026
3 3481 1.026
3 2993 1.026
3 2621 1.026
3 1839 1.026
3 3478 1.026
3 2998 1.026
3 3294 1.024
3 3206 1.024
3 170 1.024
3 3494 1.024
3 3415 1.024
3 3268 1.024
3 3207 1.024
3 3428 1.024
3 2820 1.024
3 3326 1.024
3 3118 1.024
3 2924 1.024
3 416 1.024
3 1618 1.024
3 3377 1.024
3 3209 1.024
3 3388 1.024
3 3063 1.024
3 2837 1.024
3 81 1.024
3 3201 1.022
3 110 1.022
3 3205 1.022
3 3396 1.022
3 2596 1.022
3 3305 1.022
3 2130 1.022
3 3310 1.022
3 2977 1.022
3 1721 1.022
3 3240 1.022
3 3485 1.022
3 3283 1.022
3 3161 1.022
3 3343 1.022
3 3299 1.022
3 2246 1.022
3 3116 1.022
3 326 1.022
3 231 1.022
3 2388 1.022
3 3023 1.022
3 3087 1.022
3 3298 1.022
3 412 1.022
3 3325 1.022
3 3385 1.022
3 3059 1.022
3 3395 1.022
3 3369 1.022
3 3064 1.022
3 3197 1.022
3 3265 1.022
3 1181 1.022
3 3515 1.02
3 3067 1.02
3 1819 1.02
3 3398 1.02
3 3400 1.02
3 3198 1.02
3 2772 1.02
3 2660 1.02
3 3195 1.02
3 3503 1.02
3 2687 1.02
3 3146 1.02
3 555 1.02
3 2854 1.02
3 3155 1.02
3 3120 1.02
3 3471 1.02
3 2926 1.02
3 3468 1.02
3 3368 1.02
3 3363 1.02
3 3203 1.02
3 2449 1.02
3 3559 1.02
3 3094 1.02
3 1528 1.02
3 3199 1.02
3 3582 1.02
3 3196 1.02
3 3338 1.02
3 2432 1.018
3 484 1.018
3 3101 1.018
3 1298 1.018
3 3070 1.018
3 3442 1.018
3 2976 1.018
3 3231 1.018
3 3224 1.018
3 3264 1.018
3 3511 1.018
3 2347 1.018
3 1979 1.018
3 3226 1.018
3 3318 1.018
3 3365 1.018
3 3460 1.018
3 407 1.018
3 2829 1.018
3 2895 1.018
3 3387 1.018
3 3444 1.018
3 2831 1.018
3 3370 1.018
3 3390 1.018
3 2901 1.018
3 3258 1.018
3 2805 1.018
3 3383 1.018
3 3349 1.018
3 3353 1.018
3 3516 1.016
3 3102 1.016
3 3405 1.016
3 732 1.016
3 3223 1.016
3 3436 1.016
3 3379 1.016
3 3484 1.016
3 2813 1.016
3 13 1.016
3 3499 1.016
3 2816 1.016
3 2914 1.016
3 3249 1.016
3 3463 1.016
3 3246 1.016
3 3489 1.016
3 3270 1.016
3 1479 1.016
3 1174 1.016
3 2961 1.016
3 3470 1.016
3 1006 1.016
3 3492 1.016
3 465 1.016
3 3244 1.016
3 3449 1.016
3 3210 1.016
3 3254 1.016
3 2966 1.016
3 3402 1.016
3 3262 1.016
3 3277 1.016
3 3367 1.016
3 1228 1.014
3 3421 1.014
3 1848 1.014
3 2101 1.014
3 3323 1.014
3 3256 1.014
3 3498 1.014
3 3501 1.014
3 3204 1.014
3 3335 1.014
3 3280 1.014
3 1724 1.014
3 2885 1.014
3 3215 1.014
3 3217 1.014
3 3114 1.014
3 3162 1.014
3 3303 1.014
3 3344 1.014
3 2892 1.014
3 2678 1.014
3 1049 1.014
3 3374 1.014
3 2994 1.014
3 2753 1.014
3 3479 1.014
3 3186 1.014
3 3315 1.014
3 3271 1.014
3 2638 1.014
3 3220 1.014
3 3340 1.014
3 3284 1.012
3 3317 1.012
3 2874 1.012
3 3339 1.012
3 3200 1.012
3 3381 1.012
3 2913 1.012
3 39 1.012
3 3427 1.012
3 2364 1.012
3 3513 1.012
3 3279 1.012
3 3232 1.012
3 3233 1.012
3 3371 1.012
3 2922 1.012
3 3441 1.012
3 3362 1.012
3 3180 1.012
3 187 1.012
3 3311 1.012
3 3447 1.012
3 3487 1.012
3 3327 1.012
3 41 1.012
3 1133 1.012
3 243 1.012
3 1831 1.012
3 3274 1.012
3 3192 1.012
3 3320 1.012
3 3439 1.012
3 509 1.01
3 3329 1.01
3 2559 1.01
3 405 1.01
3 3422 1.01
3 3184 1.01
3 3185 1.01
3 3142 1.01
3 3512 1.01
3 3502 1.01
3 3504 1.01
3 3287 1.01
3 3234 1.01
3 894 1.01
3 2585 1.01
3 410 1.01
3 1635 1.01
3 415 1.01
3 1778 1.01
3 3486 1.01
3 3027 1.01
3 3212 1.01
3 2965 1.01
3 3255 1.01
3 3194 1.01
3 1564 1.01
3 2138 1.01
3 3193 1.01
3 3464 1.01
3 2139 1.01
3 3483 1.008
3 2515 1.008
3 3417 1.008
3 2751 1.008
3 1310 1.008
3 3040 1.008
3 3506 1.008
3 3500 1.008
3 3189 1.008
3 3247 1.008
3 3457 1.008
3 3049 1.008
3 3517 1.008
3 3163 1.008
3 3350 1.008
3 3358 1.008
3 801 1.008
3 297 1.008
3 3425 1.008
3 2329 1.008
3 3235 1.008
3 3469 1.008
3 3301 1.008
3 3452 1.008
3 2799 1.008
3 3475 1.008
3 3476 1.008
3 3477 1.008
3 3252 1.008
3 3188 1.008
3 2935 1.008
3 2037 1.008
3 3134 1.006
3 3328 1.006
3 1218 1.006
3 3432 1.006
3 3382 1.006
3 3434 1.006
3 205 1.006
3 3429 1.006
3 3229 1.006
3 2353 1.006
3 1384 1.006
3 3263 1.006
3 2475 1.006
3 3306 1.006
3 3157 1.006
3 3514 1.006
3 2507 1.006
3 742 1.006
3 3401 1.006
3 1543 1.006
3 1978 1.006
3 3614 1.006
3 826 1.004
3 3177 1.004
3 3330 1.004
3 3497 1.004
3 3214 1.004
3 2989 1.004
3 515 1.004
3 3495 1.004
3 3507 1.004
3 3408 1.004
3 3273 1.004
3 3257 1.004
3 3406 1.004
3 1175 1.002
3 2636 1.002
3 3597 1.002
3 3505 1.002
3 252 1.002
3 3278 1.002
3 3082 1.0
3 3122 1.0
3 675 1.0
3 3269 1.0
4 3521 5.228
4 872 3.984
4 3440 2.16
4 766 1.804
4 1251 1.796
4 3533 1.708
4 816 1.7
4 690 1.69
4 1226 1.662
4 3536 1.636
4 3541 1.634
4 1808 1.624
4 3159 1.622
4 3394 1.614
4 1000 1.606
4 3537 1.596
4 3226 1.594
4 3138 1.59
4 3355 1.58
4 3542 1.568
4 3165 1.564
4 1041 1.564
4 632 1.546
4 1531 1.54
4 3534 1.536
4 2789 1.526
4 1932 1.524
4 3540 1.522
4 3535 1.504
4 3539 1.496
4 2850 1.49
4 269 1.454
4 2427 1.442
4 359 1.436
4 3160 1.422
4 1463 1.374
4 1152 1.37
4 2902 1.354
4 3333 1.352
4 491 1.346
4 2777 1.328
4 413 1.328
4 3488 1.308
4 3538 1.306
4 3161 1.304
4 1347 1.296
4 3545 1.296
4 3532 1.294
4 2844 1.292
4 3171 1.282
4 654 1.28
4 480 1.264
4 3530 1.258
4 3528 1.254
4 2302 1.252
4 1016 1.248
4 3321 1.246
4 3272 1.244
4 3531 1.244
4 3543 1.244
4 3544 1.244
4 3525 1.238
4 3529 1.238
4 2913 1.236
4 3158 1.234
4 3147 1.226
4 3546 1.224
4 1017 1.218
4 3547 1.214
4 3526 1.214
4 678 1.212
4 3155 1.204
4 3166 1.204
4 3163 1.202
4 1579 1.202
4 495 1.198
4 2172 1.198
4 85 1.184
4 3527 1.184
4 2353 1.18
4 2489 1.178
4 3523 1.17
4 3162 1.154
4 3522 1.154
4 3524 1.144
4 2780 1.124
4 2622 1.114
4 530 1.11
4 3611 1.11
4 3612 1.11
4 793 1.104
4 1165 1.104
4 2794 1.102
4 3151 1.102
4 3558 1.102
4 3861 1.1
4 3858 1.098
4 2776 1.094
4 245 1.092
4 585 1.092
4 3860 1.092
4 238 1.09
4 1593 1.09
4 2779 1.09
4 2867 1.088
4 3560 1.086
4 1510 1.086
4 971 1.084
4 1305 1.082
4 2788 1.082
4 1858 1.082
4 3152 1.08
4 55 1.078
4 3520 1.078
4 3557 1.078
4 1053 1.068
4 531 1.064
4 529 1.062
4 1256 1.062
4 3172 1.062
5 3627 3.0
5 3628 3.0
5 3629 3.0
5 618 2.0
5 507 2.0
5 1029 2.0
5 2570 2.0
5 2667 2.0
5 3583 2.0
5 3159 2.0
5 766 2.0
5 1096 1.0
6 537 3.0
6 544 3.0
6 3862 3.0
6 1804 3.0
6 3863 3.0
6 3553 2.0
6 1425 2.0
6 2630 2.0
6 2146 2.0
6 2917 2.0
6 3620 2.0
6 3619 2.0
6 3639 2.0
6 2570 2.0
