1 29 7.928
1 122 6.82
1 36 6.388
1 46 5.56
1 98 4.952
1 141 4.93
1 55 4.904
1 11 4.58
1 3 4.444
1 217 4.438
1 231 4.412
1 94 4.368
1 216 4.102
1 147 4.074
1 31 4.018
1 20 3.938
1 145 3.918
1 237 3.902
1 41 3.9
1 33 3.832
1 123 3.694
1 80 3.652
1 28 3.556
1 135 3.548
1 101 3.512
1 57 3.42
1 127 3.42
1 150 3.402
1 2 3.396
1 83 3.394
1 9 3.388
1 100 3.34
1 37 3.224
1 56 3.186
1 14 3.178
1 234 3.156
1 99 3.148
1 131 3.138
1 23 3.094
1 191 3.064
1 149 3.052
1 24 3.044
1 152 3.038
1 176 3.038
1 16 3.024
1 22 2.938
1 146 2.922
1 32 2.912
1 120 2.886
1 25 2.884
1 4 2.88
1 140 2.878
1 44 2.876
1 106 2.866
1 53 2.864
1 6 2.858
1 27 2.848
1 132 2.832
1 75 2.83
1 26 2.826
1 90 2.818
1 7 2.816
1 218 2.794
1 213 2.788
1 190 2.776
1 40 2.73
1 52 2.716
1 79 2.686
1 160 2.666
1 8 2.664
1 168 2.63
1 130 2.61
1 229 2.61
1 194 2.6
1 17 2.598
1 226 2.596
1 133 2.582
1 92 2.578
1 125 2.55
1 232 2.536
1 76 2.52
1 110 2.514
1 70 2.508
1 221 2.484
1 212 2.48
1 136 2.47
1 77 2.458
1 66 2.458
1 103 2.458
1 182 2.456
1 219 2.456
1 175 2.45
1 111 2.448
1 86 2.438
1 39 2.438
1 64 2.434
1 45 2.424
1 87 2.42
1 118 2.404
1 38 2.402
1 153 2.398
1 139 2.388
1 242 2.384
1 15 2.372
1 239 2.366
1 108 2.36
1 1 2.346
1 35 2.34
1 124 2.338
1 5 2.332
1 240 2.33
1 185 2.328
1 129 2.31
1 95 2.29
1 91 2.284
1 163 2.282
1 13 2.254
1 42 2.252
1 137 2.23
1 210 2.228
1 119 2.208
1 144 2.196
1 58 2.176
1 48 2.174
1 61 2.172
1 43 2.162
1 220 2.156
1 173 2.152
1 60 2.15
1 102 2.14
1 126 2.134
1 207 2.118
1 181 2.11
1 121 2.076
1 214 2.076
1 225 2.076
1 243 2.07
1 68 2.054
1 67 2.042
1 143 2.038
1 12 2.034
1 198 2.034
1 183 2.028
1 174 2.014
1 78 2.012
1 89 2.01
1 104 2.004
1 180 1.998
1 142 1.994
1 186 1.976
1 97 1.954
1 177 1.954
1 18 1.944
1 187 1.932
1 197 1.93
1 215 1.928
1 209 1.926
1 172 1.924
1 223 1.91
1 96 1.906
1 245 1.898
1 184 1.892
1 107 1.864
1 179 1.86
1 227 1.83
1 156 1.82
1 188 1.802
1 30 1.782
1 51 1.774
1 222 1.774
1 189 1.75
1 81 1.734
1 128 1.73
1 19 1.73
1 233 1.728
1 93 1.694
1 235 1.69
1 10 1.674
1 49 1.658
1 59 1.652
1 171 1.648
1 54 1.646
1 34 1.64
1 148 1.604
1 192 1.604
1 169 1.598
1 228 1.57
1 69 1.564
1 63 1.552
1 50 1.54
1 109 1.538
1 47 1.482
1 85 1.48
1 82 1.48
1 238 1.464
1 116 1.46
1 193 1.448
1 65 1.432
1 224 1.428
1 244 1.422
1 208 1.41
1 236 1.406
1 161 1.336
1 170 1.316
1 134 1.314
1 204 1.302
1 159 1.28
1 21 1.256
1 166 1.256
1 73 1.252
1 206 1.218
1 151 1.212
1 230 1.208
1 178 1.19
1 62 1.184
2 122 7.256
2 141 6.582
2 29 6.306
2 36 6.066
2 46 5.138
2 93 4.74
2 11 4.664
2 216 4.52
2 98 4.492
2 20 4.4
2 123 4.354
2 232 4.316
2 231 4.262
2 55 4.23
2 3 4.228
2 135 4.202
2 100 3.976
2 41 3.926
2 127 3.86
2 217 3.858
2 96 3.844
2 28 3.844
2 182 3.77
2 37 3.768
2 146 3.764
2 90 3.738
2 242 3.718
2 237 3.71
2 190 3.7
2 42 3.698
2 133 3.686
2 163 3.682
2 138 3.676
2 144 3.644
2 99 3.64
2 176 3.632
2 56 3.618
2 191 3.574
2 87 3.572
2 31 3.522
2 125 3.458
2 147 3.454
2 145 3.426
2 143 3.42
2 6 3.418
2 94 3.396
2 17 3.394
2 118 3.296
2 69 3.294
2 150 3.188
2 33 3.15
2 168 3.146
2 131 3.134
2 234 3.134
2 108 3.126
2 120 3.12
2 194 3.096
2 45 3.05
2 43 3.05
2 109 3.006
2 57 2.998
2 215 2.996
2 218 2.98
2 8 2.97
2 140 2.968
2 15 2.952
2 76 2.944
2 92 2.942
2 44 2.938
2 226 2.93
2 128 2.922
2 53 2.914
2 101 2.912
2 157 2.91
2 1 2.906
2 130 2.9
2 149 2.898
2 95 2.896
2 137 2.896
2 65 2.89
2 19 2.874
2 213 2.866
2 81 2.854
2 136 2.832
2 30 2.812
2 212 2.8
2 80 2.772
2 82 2.758
2 106 2.742
2 39 2.738
2 198 2.736
2 139 2.726
2 22 2.724
2 148 2.712
2 209 2.71
2 27 2.7
2 225 2.696
2 129 2.684
2 184 2.662
2 16 2.66
2 189 2.66
2 21 2.658
2 23 2.648
2 121 2.638
2 54 2.636
2 230 2.632
2 102 2.62
2 207 2.61
2 119 2.606
2 51 2.602
2 155 2.594
2 124 2.594
2 13 2.578
2 152 2.578
2 132 2.564
2 219 2.53
2 5 2.52
2 224 2.512
2 105 2.504
2 175 2.504
2 7 2.502
2 83 2.502
2 172 2.488
2 240 2.484
2 185 2.452
2 229 2.448
2 186 2.448
2 177 2.424
2 222 2.412
2 200 2.41
2 173 2.404
2 78 2.4
2 32 2.398
2 12 2.384
2 77 2.36
2 52 2.344
2 2 2.342
2 34 2.338
2 47 2.336
2 66 2.334
2 188 2.322
2 35 2.308
2 58 2.308
2 4 2.304
2 211 2.298
2 169 2.296
2 110 2.28
2 126 2.276
2 159 2.274
2 238 2.264
2 103 2.242
2 183 2.232
2 85 2.222
2 89 2.218
2 236 2.204
2 179 2.194
2 220 2.19
2 26 2.176
2 221 2.168
2 153 2.168
2 9 2.166
2 187 2.164
2 40 2.162
2 72 2.154
2 142 2.144
2 193 2.116
2 71 2.102
2 49 2.064
2 178 2.06
2 48 2.052
2 14 2.036
2 62 2.028
2 10 2.024
2 181 2.024
2 197 2.002
2 208 1.996
2 233 1.988
2 180 1.986
2 111 1.982
2 223 1.978
2 227 1.966
2 192 1.928
2 97 1.918
2 18 1.914
2 235 1.908
2 134 1.904
2 60 1.904
2 84 1.902
2 171 1.896
2 117 1.886
2 199 1.866
2 38 1.846
2 67 1.824
2 156 1.81
2 174 1.808
2 107 1.8
2 24 1.792
2 170 1.786
2 61 1.784
2 73 1.782
2 151 1.782
2 59 1.774
2 104 1.752
2 210 1.748
2 245 1.738
2 161 1.648
2 160 1.644
2 239 1.63
2 196 1.568
2 63 1.558
2 113 1.548
2 206 1.522
2 228 1.494
2 205 1.462
2 70 1.448
2 164 1.418
2 214 1.404
2 64 1.402
2 75 1.36
2 88 1.338
2 202 1.32
2 74 1.312
2 114 1.294
2 244 1.28
2 25 1.26
2 68 1.26
2 204 1.244
2 86 1.242
2 243 1.216
2 116 1.21
2 91 1.184
3 141 7.064
3 122 6.586
3 127 6.344
3 214 5.37
3 118 5.334
3 125 5.246
3 100 5.126
3 120 5.042
3 232 5.014
3 123 4.948
3 35 4.904
3 36 4.89
3 135 4.822
3 163 4.818
3 164 4.76
3 233 4.72
3 225 4.636
3 44 4.624
3 31 4.594
3 94 4.586
3 218 4.432
3 95 4.426
3 145 4.396
3 146 4.366
3 147 4.254
3 99 4.252
3 242 4.234
3 230 4.192
3 54 4.138
3 3 4.134
3 234 4.092
3 98 4.068
3 58 4.04
3 182 4.008
3 217 4.004
3 29 3.966
3 226 3.936
3 133 3.916
3 139 3.898
3 119 3.896
3 142 3.878
3 81 3.858
3 152 3.824
3 51 3.76
3 17 3.738
3 62 3.698
3 48 3.672
3 30 3.65
3 215 3.636
3 191 3.612
3 239 3.612
3 224 3.57
3 47 3.566
3 128 3.554
3 5 3.536
3 8 3.506
3 52 3.502
3 190 3.496
3 111 3.46
3 12 3.45
3 102 3.434
3 124 3.428
3 229 3.418
3 108 3.414
3 57 3.4
3 41 3.4
3 4 3.344
3 216 3.314
3 106 3.264
3 209 3.254
3 121 3.254
3 37 3.25
3 1 3.242
3 175 3.234
3 16 3.196
3 93 3.168
3 20 3.14
3 65 3.08
3 40 3.068
3 212 3.06
3 231 3.056
3 171 3.024
3 22 3.018
3 144 3.016
3 169 3.014
3 143 3.008
3 69 3.006
3 2 2.964
3 188 2.962
3 39 2.954
3 140 2.944
3 23 2.944
3 78 2.94
3 193 2.918
3 61 2.894
3 103 2.894
3 220 2.892
3 155 2.888
3 222 2.878
3 60 2.856
3 34 2.856
3 235 2.85
3 148 2.838
3 173 2.826
3 90 2.82
3 50 2.812
3 187 2.78
3 204 2.762
3 180 2.758
3 132 2.752
3 84 2.744
3 42 2.738
3 67 2.73
3 185 2.71
3 174 2.706
3 194 2.686
3 71 2.678
3 96 2.672
3 9 2.664
3 43 2.664
3 79 2.642
3 28 2.64
3 245 2.632
3 126 2.618
3 167 2.606
3 15 2.606
3 238 2.606
3 221 2.598
3 206 2.568
3 33 2.552
3 137 2.538
3 46 2.534
3 181 2.532
3 109 2.51
3 223 2.504
3 243 2.5
3 186 2.492
3 149 2.464
3 151 2.452
3 170 2.45
3 236 2.434
3 129 2.422
3 176 2.422
3 130 2.416
3 183 2.392
3 240 2.392
3 114 2.372
3 10 2.366
3 92 2.364
3 162 2.354
3 168 2.342
3 19 2.332
3 227 2.326
3 200 2.32
3 189 2.298
3 82 2.286
3 97 2.278
3 177 2.272
3 199 2.27
3 86 2.248
3 11 2.248
3 112 2.232
3 237 2.224
3 172 2.222
3 53 2.22
3 49 2.214
3 150 2.178
3 83 2.128
3 104 2.12
3 55 2.11
3 131 2.094
3 192 2.084
3 166 2.08
3 7 2.08
3 87 2.066
3 136 2.052
3 153 2.044
3 27 1.992
3 64 1.972
3 6 1.958
3 158 1.954
3 38 1.916
3 198 1.916
3 59 1.916
3 115 1.91
3 219 1.906
3 228 1.876
3 32 1.836
3 56 1.832
3 184 1.824
3 25 1.816
3 76 1.802
3 21 1.798
3 101 1.79
3 26 1.778
3 241 1.758
3 134 1.758
3 213 1.722
3 178 1.714
3 207 1.702
3 14 1.694
3 157 1.66
3 110 1.652
3 63 1.636
3 196 1.606
3 45 1.592
3 70 1.586
3 18 1.584
3 246 1.57
3 179 1.568
3 68 1.568
3 13 1.546
3 72 1.502
3 88 1.502
3 66 1.5
3 208 1.478
3 24 1.448
3 202 1.402
3 210 1.386
3 91 1.386
3 113 1.38
3 161 1.364
3 89 1.35
3 80 1.338
3 159 1.3
3 74 1.288
3 138 1.28
3 105 1.25
