1 639 7.168
1 816 2.338
1 1412 2.224
1 1158 1.852
1 1587 1.534
1 293 1.512
1 1293 1.484
1 432 1.376
1 22 1.244
1 719 1.218
1 501 1.204
1 155 1.178
1 1341 1.168
1 567 1.166
1 101 1.166
1 1542 1.166
1 1409 1.164
1 35 1.164
1 2114 1.162
1 1541 1.162
1 1340 1.162
1 394 1.156
1 1207 1.156
1 946 1.154
1 2196 1.152
1 276 1.148
1 1738 1.148
1 663 1.146
1 519 1.144
1 2035 1.142
1 259 1.142
1 2197 1.142
1 32 1.142
1 2635 1.142
1 2042 1.14
1 56 1.14
1 151 1.138
1 2235 1.136
1 1500 1.136
1 106 1.134
1 1855 1.134
1 1936 1.134
1 1081 1.134
1 1783 1.13
1 1361 1.13
1 397 1.128
1 502 1.128
1 1178 1.126
1 625 1.126
1 2153 1.126
1 794 1.124
1 53 1.124
1 2329 1.124
1 629 1.124
1 666 1.124
1 76 1.122
1 2231 1.122
1 2253 1.122
1 1182 1.122
1 2229 1.12
1 682 1.12
1 790 1.118
1 216 1.118
1 2302 1.118
1 1887 1.118
1 1331 1.116
1 1982 1.116
1 2250 1.116
1 1578 1.116
1 14 1.114
1 61 1.114
1 2000 1.114
1 383 1.114
1 2007 1.114
1 1947 1.114
1 542 1.114
1 2224 1.112
1 754 1.112
1 2067 1.112
1 292 1.112
1 906 1.112
1 1423 1.11
1 1554 1.11
1 2221 1.11
1 1853 1.108
1 139 1.108
1 1235 1.106
1 1603 1.106
1 2303 1.106
1 2139 1.106
1 953 1.106
1 2252 1.106
1 1153 1.106
1 691 1.104
1 2038 1.104
1 2016 1.104
1 44 1.104
1 1135 1.102
1 1342 1.102
1 1134 1.102
1 1926 1.102
1 149 1.102
1 1974 1.1
1 888 1.1
1 896 1.1
1 588 1.1
1 2176 1.1
1 2268 1.1
1 1188 1.1
1 2214 1.1
1 169 1.1
1 715 1.1
1 1319 1.098
1 1911 1.098
1 685 1.098
1 915 1.098
1 1840 1.098
1 2189 1.098
1 73 1.098
1 332 1.098
1 1337 1.096
1 1350 1.096
1 2245 1.096
1 925 1.096
1 2058 1.096
1 980 1.096
1 1404 1.096
1 1892 1.096
1 2209 1.096
1 1736 1.096
1 1966 1.096
1 2304 1.094
1 880 1.094
1 295 1.094
1 2020 1.094
1 1202 1.094
1 1306 1.092
1 2165 1.092
1 1407 1.092
1 2241 1.092
1 2004 1.092
1 2266 1.092
1 2206 1.092
1 1761 1.092
1 2082 1.092
1 180 1.092
1 122 1.09
1 1907 1.09
1 1858 1.09
1 1169 1.09
1 903 1.09
1 2191 1.09
1 538 1.09
1 2072 1.09
1 1895 1.09
1 595 1.09
1 904 1.09
1 1197 1.09
1 1969 1.088
1 662 1.088
1 1979 1.088
1 893 1.088
1 907 1.088
1 1997 1.088
1 1165 1.088
1 1883 1.088
1 2140 1.088
1 1639 1.088
1 2123 1.088
1 1657 1.088
1 554 1.088
1 2286 1.086
1 1425 1.086
1 2115 1.086
1 1171 1.086
1 642 1.084
1 1873 1.084
1 528 1.084
1 1586 1.084
1 132 1.084
1 2146 1.084
1 2216 1.084
1 175 1.084
1 1562 1.082
1 1844 1.082
1 2294 1.082
1 2041 1.082
1 2170 1.082
1 2044 1.082
1 2181 1.082
1 1868 1.082
1 2185 1.082
1 212 1.082
1 331 1.082
1 1962 1.082
1 2090 1.082
1 1970 1.08
1 1973 1.08
1 1852 1.08
1 1365 1.08
1 261 1.08
1 1842 1.08
1 2172 1.08
1 1859 1.08
1 1607 1.08
1 2201 1.08
1 2076 1.08
1 1181 1.08
1 2275 1.08
1 2022 1.08
1 2213 1.08
1 2289 1.078
1 765 1.078
1 1325 1.078
1 382 1.078
1 680 1.078
1 875 1.078
1 1988 1.078
1 2117 1.078
1 2121 1.078
1 2001 1.078
1 2194 1.078
1 1878 1.078
1 64 1.078
1 1942 1.078
1 2325 1.078
1 757 1.078
1 1309 1.076
1 2033 1.076
1 103 1.076
1 1854 1.076
1 936 1.076
1 905 1.076
1 2113 1.076
1 1992 1.076
1 710 1.076
1 755 1.076
1 131 1.076
1 1943 1.076
1 1735 1.076
1 1039 1.076
1 2084 1.076
1 1075 1.076
1 1162 1.074
1 1915 1.074
1 435 1.074
1 1612 1.074
1 1469 1.074
1 2186 1.074
1 2315 1.074
1 2060 1.074
1 1935 1.074
1 2324 1.074
1 29 1.074
1 677 1.074
1 477 1.074
1 80 1.074
1 1720 1.074
1 931 1.074
1 623 1.074
1 366 1.074
1 740 1.072
1 1909 1.072
1 2173 1.072
1 1378 1.072
1 2239 1.072
1 1606 1.072
1 1100 1.072
1 2079 1.072
1 1902 1.072
1 976 1.072
1 1317 1.07
1 788 1.07
1 2120 1.07
1 2316 1.07
1 2124 1.07
1 1874 1.07
1 1592 1.07
1 2328 1.07
1 2270 1.07
1 1172 1.07
1 1891 1.07
1 2019 1.07
1 499 1.07
1 679 1.07
1 2096 1.068
1 673 1.068
1 735 1.068
1 1080 1.068
1 2226 1.068
1 1848 1.068
1 701 1.068
1 1589 1.068
1 761 1.068
1 2234 1.068
1 895 1.068
1 2301 1.068
1 621 1.068
1 1405 1.068
1 2006 1.068
1 2069 1.068
1 1149 1.068
1 1954 1.068
1 1656 1.068
1 42 1.068
1 1212 1.068
1 670 1.066
1 2161 1.066
1 1971 1.066
1 1588 1.066
1 2293 1.066
1 2296 1.066
1 1481 1.066
1 2111 1.066
1 786 1.066
1 494 1.066
1 1436 1.066
1 1030 1.066
1 1945 1.066
1 1949 1.066
1 2141 1.066
1 766 1.066
1 1184 1.066
1 89 1.066
1 2278 1.066
1 1216 1.066
1 2025 1.066
1 2222 1.064
1 1851 1.064
1 2112 1.064
1 1865 1.064
1 2309 1.064
1 442 1.064
1 1621 1.064
1 1622 1.064
1 2257 1.064
1 2323 1.064
1 466 1.064
1 1043 1.064
1 2136 1.064
1 2265 1.064
1 518 1.064
1 1667 1.064
1 1722 1.064
1 1729 1.064
1 1965 1.064
1 1910 1.062
1 2299 1.062
1 717 1.062
1 1921 1.062
1 2110 1.062
1 897 1.062
1 2178 1.062
1 1615 1.062
1 2259 1.062
1 1045 1.062
1 1150 1.062
1 1712 1.062
1 879 1.062
1 2157 1.062
1 1967 1.062
1 509 1.06
1 105 1.06
1 2047 1.06
1 2182 1.06
1 445 1.06
1 1995 1.06
1 290 1.06
1 1151 1.06
1 2322 1.06
1 2198 1.06
1 294 1.06
1 2199 1.06
1 1628 1.06
1 1159 1.06
1 1886 1.06
1 2207 1.06
1 1525 1.06
1 38 1.06
1 2148 1.06
1 1961 1.06
1 2279 1.06
1 2027 1.06
1 1905 1.058
1 1167 1.058
1 2166 1.058
1 2105 1.058
1 1980 1.058
1 1401 1.058
1 2045 1.058
1 769 1.058
1 1984 1.058
1 2307 1.058
1 13 1.058
1 1864 1.058
1 796 1.058
1 942 1.058
1 945 1.058
1 979 1.058
1 2317 1.058
1 1000 1.058
1 1530 1.058
1 1454 1.058
1 2258 1.058
1 1581 1.058
1 2262 1.058
1 1636 1.058
1 31 1.058
1 2205 1.058
1 2208 1.058
1 1760 1.058
1 576 1.058
1 660 1.058
1 2031 1.056
1 627 1.056
1 713 1.056
1 1311 1.056
1 1313 1.056
1 764 1.056
1 774 1.056
1 109 1.056
1 1107 1.056
1 1431 1.056
1 2297 1.056
1 1602 1.056
1 2313 1.056
1 948 1.056
1 1996 1.056
1 2318 1.056
1 638 1.056
1 1940 1.056
1 2131 1.056
1 25 1.056
1 1499 1.056
1 1372 1.056
1 2200 1.056
1 1885 1.056
1 2075 1.056
1 2203 1.056
1 2144 1.056
1 1180 1.056
1 1957 1.056
1 497 1.056
1 1691 1.056
1 2086 1.056
1 2223 1.054
1 2034 1.054
1 1195 1.054
1 1634 1.054
1 318 1.054
1 2171 1.054
1 2175 1.054
1 1414 1.054
1 1861 1.054
1 2051 1.054
1 1430 1.054
1 2247 1.054
1 2184 1.054
1 2122 1.054
1 2059 1.054
1 1553 1.054
1 1008 1.054
1 1879 1.054
1 881 1.054
1 2010 1.054
1 1948 1.054
1 1963 1.054
1 2026 1.054
1 1765 1.054
1 1312 1.052
1 2097 1.052
1 1846 1.052
1 599 1.052
1 1286 1.052
1 1918 1.052
1 2107 1.052
1 2242 1.052
1 2180 1.052
1 2311 1.052
1 526 1.052
1 2132 1.052
1 624 1.052
1 1633 1.052
1 411 1.052
1 345 1.052
1 1898 1.052
1 2087 1.052
1 2089 1.052
1 2287 1.05
1 1914 1.05
1 1981 1.05
1 404 1.05
1 1920 1.05
1 2237 1.05
1 690 1.05
1 1927 1.05
1 2308 1.05
1 2056 1.05
1 1139 1.05
1 2062 1.05
1 1513 1.05
1 2068 1.05
1 1944 1.05
1 28 1.05
1 258 1.05
1 484 1.05
1 2077 1.05
1 457 1.05
1 1953 1.05
1 1653 1.05
1 2018 1.05
1 2274 1.05
1 1894 1.05
1 878 1.05
1 2158 1.05
1 2160 1.048
1 102 1.048
1 104 1.048
1 2227 1.048
1 6 1.048
1 2228 1.048
1 1849 1.048
1 1850 1.048
1 1922 1.048
1 1923 1.048
1 2049 1.048
1 1987 1.048
1 2267 1.048
1 2188 1.048
1 2125 1.048
1 1489 1.048
1 2129 1.048
1 2193 1.048
1 1098 1.048
1 215 1.048
1 1882 1.048
1 2015 1.048
1 1641 1.048
1 2080 1.048
1 2273 1.048
1 535 1.048
1 2152 1.048
1 2280 1.048
1 2288 1.046
1 2295 1.046
1 1288 1.046
1 1860 1.046
1 1119 1.046
1 1862 1.046
1 908 1.046
1 872 1.046
1 2119 1.046
1 1463 1.046
1 2057 1.046
1 2314 1.046
1 2320 1.046
1 1206 1.046
1 1939 1.046
1 712 1.046
1 1092 1.046
1 2261 1.046
1 2135 1.046
1 1946 1.046
1 1632 1.046
1 220 1.046
1 2012 1.046
1 1638 1.046
1 2014 1.046
1 1952 1.046
1 2310 1.046
1 1958 1.046
1 883 1.046
1 1713 1.046
1 2024 1.046
1 1899 1.046
1 2154 1.046
1 1750 1.046
1 668 1.046
1 2095 1.044
1 922 1.044
1 2291 1.044
1 193 1.044
1 1975 1.044
1 2043 1.044
1 940 1.044
1 1116 1.044
1 1429 1.044
1 2240 1.044
1 2179 1.044
1 198 1.044
1 239 1.044
1 1164 1.044
1 541 1.044
1 2142 1.044
1 1964 1.044
1 954 1.044
1 1445 1.044
1 1972 1.042
1 2037 1.042
1 183 1.042
1 1368 1.042
1 8 1.042
1 2298 1.042
1 684 1.042
1 2048 1.042
1 368 1.042
1 1991 1.042
1 1226 1.042
1 2187 1.042
1 1871 1.042
1 459 1.042
1 1007 1.042
1 1590 1.042
1 1630 1.042
1 2451 1.042
1 2009 1.042
1 2264 1.042
1 2013 1.042
1 222 1.042
1 342 1.042
1 1889 1.042
1 2145 1.042
1 2370 1.042
1 726 1.042
1 2276 1.042
1 170 1.042
1 1753 1.042
1 451 1.04
1 1977 1.04
1 934 1.04
1 405 1.04
1 512 1.04
1 2108 1.04
1 941 1.04
1 1803 1.04
1 2246 1.04
1 1461 1.04
1 282 1.04
1 2319 1.04
1 1001 1.04
1 2192 1.04
1 24 1.04
1 1881 1.04
1 310 1.04
1 1637 1.04
1 891 1.04
1 2078 1.04
1 1956 1.04
1 2147 1.04
1 40 1.04
1 1221 1.04
1 2220 1.04
1 2562 1.04
1 1843 1.038
1 2032 1.038
1 1908 1.038
1 758 1.038
1 2102 1.038
1 933 1.038
1 572 1.038
1 2232 1.038
1 1287 1.038
1 1117 1.038
1 196 1.038
1 2305 1.038
1 430 1.038
1 2054 1.038
1 1610 1.038
1 2374 1.038
1 1468 1.038
1 1480 1.038
1 2063 1.038
1 2339 1.038
1 2064 1.038
1 1564 1.038
1 787 1.038
1 2005 1.038
1 2508 1.038
1 1154 1.038
1 678 1.038
1 2204 1.038
1 1174 1.038
1 1951 1.038
1 597 1.038
1 549 1.038
1 614 1.038
1 1968 1.036
1 640 1.036
1 2103 1.036
1 1978 1.036
1 7 1.036
1 1916 1.036
1 1983 1.036
1 1428 1.036
1 1005 1.036
1 1990 1.036
1 923 1.036
1 1435 1.036
1 1025 1.036
1 1932 1.036
1 1394 1.036
1 1482 1.036
1 2251 1.036
1 1872 1.036
1 2256 1.036
1 529 1.036
1 612 1.036
1 1566 1.036
1 2151 1.036
1 2088 1.036
1 2028 1.036
1 920 1.036
1 2159 1.034
1 100 1.034
1 698 1.034
1 510 1.034
1 2164 1.034
1 1329 1.034
1 1593 1.034
1 2040 1.034
1 1422 1.034
1 511 1.034
1 1385 1.034
1 1919 1.034
1 1397 1.034
1 1857 1.034
1 1726 1.034
1 437 1.034
1 1863 1.034
1 1432 1.034
1 1390 1.034
1 1929 1.034
1 653 1.034
1 1031 1.034
1 1998 1.034
1 1937 1.034
1 2065 1.034
1 1941 1.034
1 2008 1.034
1 2396 1.034
1 2277 1.034
1 1897 1.034
1 254 1.034
1 2156 1.034
1 2091 1.034
1 1079 1.032
1 1786 1.032
1 184 1.032
1 798 1.032
1 1598 1.032
1 1163 1.032
1 1856 1.032
1 1986 1.032
1 2177 1.032
1 390 1.032
1 1611 1.032
1 1867 1.032
1 1931 1.032
1 1994 1.032
1 99 1.032
1 352 1.032
1 287 1.032
1 195 1.032
1 2130 1.032
1 467 1.032
1 1448 1.032
1 2490 1.032
1 1547 1.032
1 285 1.032
1 1332 1.032
1 975 1.032
1 156 1.032
1 892 1.032
1 1148 1.032
1 1642 1.032
1 727 1.032
1 1710 1.032
1 1155 1.032
1 1143 1.032
1 2281 1.032
1 2551 1.032
1 738 1.032
1 1298 1.032
1 2285 1.032
1 1741 1.03
1 2411 1.03
1 2098 1.03
1 1200 1.03
1 2413 1.03
1 2236 1.03
1 514 1.03
1 1605 1.03
1 516 1.03
1 811 1.03
1 2053 1.03
1 2183 1.03
1 1097 1.03
1 1539 1.03
1 1613 1.03
1 2438 1.03
1 291 1.03
1 1934 1.03
1 1140 1.03
1 1714 1.03
1 1147 1.03
1 1230 1.03
1 217 1.03
1 539 1.03
1 468 1.03
1 540 1.03
1 297 1.03
1 2074 1.03
1 2202 1.03
1 1170 1.03
1 1519 1.03
1 1179 1.03
1 37 1.03
1 1346 1.03
1 496 1.03
1 2210 1.03
1 626 1.03
1 2155 1.03
1 2283 1.03
1 2573 1.03
1 589 1.028
1 1577 1.028
1 1976 1.028
1 2417 1.028
1 753 1.028
1 1601 1.028
1 1832 1.028
1 803 1.028
1 2052 1.028
1 635 1.028
1 1866 1.028
1 145 1.028
1 1993 1.028
1 148 1.028
1 960 1.028
1 2442 1.028
1 2255 1.028
1 1623 1.028
1 966 1.028
1 2137 1.028
1 2143 1.028
1 894 1.028
1 2017 1.028
1 900 1.028
1 877 1.028
1 1353 1.028
1 1733 1.028
1 909 1.028
1 1302 1.028
1 46 1.028
1 2471 1.028
1 977 1.026
1 1318 1.026
1 2163 1.026
1 2480 1.026
1 1099 1.026
1 683 1.026
1 186 1.026
1 1437 1.026
1 1785 1.026
1 1985 1.026
1 2427 1.026
1 2428 1.026
1 2306 1.026
1 1225 1.026
1 2575 1.026
1 1509 1.026
1 1034 1.026
1 1620 1.026
1 66 1.026
1 714 1.026
1 257 1.026
1 801 1.026
1 2269 1.026
1 2457 1.026
1 1890 1.026
1 471 1.026
1 1650 1.026
1 2272 1.026
1 2021 1.026
1 1959 1.026
1 2464 1.026
1 2467 1.026
1 1268 1.026
1 2217 1.026
1 2282 1.026
1 48 1.026
1 2094 1.024
1 2579 1.024
1 1847 1.024
1 2100 1.024
1 1571 1.024
1 2167 1.024
1 1010 1.024
1 1824 1.024
1 406 1.024
1 1384 1.024
1 1396 1.024
1 2300 1.024
1 2424 1.024
1 434 1.024
1 1118 1.024
1 591 1.024
1 2481 1.024
1 2616 1.024
1 951 1.024
1 1647 1.024
1 1770 1.024
1 57 1.024
1 654 1.024
1 146 1.024
1 1618 1.024
1 525 1.024
1 870 1.024
1 2127 1.024
1 312 1.024
1 1938 1.024
1 1876 1.024
1 2321 1.024
1 2003 1.024
1 213 1.024
1 2629 1.024
1 882 1.024
1 2070 1.024
1 884 1.024
1 1301 1.024
1 1335 1.024
1 889 1.024
1 302 1.024
1 2332 1.024
1 1648 1.024
1 1348 1.024
1 1349 1.024
1 2212 1.024
1 2423 1.024
1 987 1.024
1 1351 1.024
1 2085 1.024
1 1303 1.024
1 1901 1.024
1 2403 1.024
1 1904 1.024
1 2093 1.024
1 2593 1.022
1 2 1.022
1 377 1.022
1 2408 1.022
1 2474 1.022
1 1344 1.022
1 2409 1.022
1 1845 1.022
1 251 1.022
1 1568 1.022
1 2412 1.022
1 1011 1.022
1 1594 1.022
1 751 1.022
1 752 1.022
1 2420 1.022
1 1289 1.022
1 256 1.022
1 937 1.022
1 407 1.022
1 2607 1.022
1 1175 1.022
1 1292 1.022
1 770 1.022
1 2426 1.022
1 10 1.022
1 1383 1.022
1 2433 1.022
1 2118 1.022
1 2055 1.022
1 92 1.022
1 2437 1.022
1 281 1.022
1 60 1.022
1 2441 1.022
1 2443 1.022
1 2071 1.022
1 2138 1.022
1 1888 1.022
1 2456 1.022
1 340 1.022
1 1257 1.022
1 1699 1.022
1 899 1.022
1 2460 1.022
1 1711 1.022
1 2398 1.022
1 912 1.022
1 2585 1.022
1 245 1.022
1 371 1.022
1 2407 1.02
1 1176 1.02
1 1002 1.02
1 2477 1.02
1 2099 1.02
1 1004 1.02
1 1228 1.02
1 65 1.02
1 120 1.02
1 2109 1.02
1 1377 1.02
1 1629 1.02
1 1635 1.02
1 944 1.02
1 1022 1.02
1 947 1.02
1 440 1.02
1 1989 1.02
1 2116 1.02
1 950 1.02
1 1131 1.02
1 1026 1.02
1 952 1.02
1 1869 1.02
1 2249 1.02
1 2620 1.02
1 200 1.02
1 1616 1.02
1 1315 1.02
1 868 1.02
1 62 1.02
1 2126 1.02
1 150 1.02
1 866 1.02
1 1244 1.02
1 2066 1.02
1 876 1.02
1 965 1.02
1 23 1.02
1 117 1.02
1 1625 1.02
1 2630 1.02
1 1880 1.02
1 27 1.02
1 1544 1.02
1 1780 1.02
1 1336 1.02
1 608 1.02
1 1697 1.02
1 560 1.02
1 1955 1.02
1 504 1.02
1 2415 1.02
1 2421 1.02
1 237 1.02
1 733 1.02
1 622 1.02
1 1222 1.02
1 1359 1.02
1 2218 1.02
1 917 1.02
1 1201 1.02
1 2219 1.02
1 708 1.02
1 924 1.018
1 1563 1.018
1 927 1.018
1 2478 1.018
1 1224 1.018
1 747 1.018
1 2600 1.018
1 2418 1.018
1 1582 1.018
1 2605 1.018
1 1732 1.018
1 593 1.018
1 1016 1.018
1 2174 1.018
1 1018 1.018
1 1631 1.018
1 648 1.018
1 1380 1.018
1 2612 1.018
1 1296 1.018
1 2244 1.018
1 1304 1.018
1 697 1.018
1 2248 1.018
1 431 1.018
1 616 1.018
1 1029 1.018
1 959 1.018
1 1321 1.018
1 1877 1.018
1 1152 1.018
1 1792 1.018
1 2448 1.018
1 2327 1.018
1 885 1.018
1 1251 1.018
1 887 1.018
1 152 1.018
1 1254 1.018
1 1256 1.018
1 1502 1.018
1 815 1.018
1 650 1.018
1 724 1.018
1 898 1.018
1 229 1.018
1 36 1.018
1 1543 1.018
1 1769 1.018
1 2389 1.018
1 985 1.018
1 2463 1.018
1 163 1.018
1 41 1.018
1 2466 1.018
1 1829 1.018
1 2215 1.018
1 557 1.018
1 1357 1.018
1 736 1.018
1 916 1.018
1 2469 1.018
1 2404 1.018
1 1549 1.018
1 1040 1.016
1 1558 1.016
1 998 1.016
1 248 1.016
1 1220 1.016
1 928 1.016
1 2292 1.016
1 1912 1.016
1 1756 1.016
1 1702 1.016
1 1757 1.016
1 1715 1.016
1 2233 1.016
1 784 1.016
1 1285 1.016
1 938 1.016
1 1668 1.016
1 583 1.016
1 1442 1.016
1 2340 1.016
1 688 1.016
1 1196 1.016
1 943 1.016
1 1833 1.016
1 419 1.016
1 590 1.016
1 1021 1.016
1 791 1.016
1 1608 1.016
1 575 1.016
1 1518 1.016
1 1928 1.016
1 1930 1.016
1 2312 1.016
1 2435 1.016
1 807 1.016
1 1933 1.016
1 1310 1.016
1 433 1.016
1 1316 1.016
1 202 1.016
1 964 1.016
1 1323 1.016
1 211 1.016
1 1327 1.016
1 1156 1.016
1 1677 1.016
1 1626 1.016
1 2489 1.016
1 2450 1.016
1 716 1.016
1 1884 1.016
1 485 1.016
1 2452 1.016
1 1682 1.016
1 154 1.016
1 1038 1.016
1 1177 1.016
1 416 1.016
1 2271 1.016
1 1343 1.016
1 1767 1.016
1 1345 1.016
1 244 1.016
1 1106 1.016
1 2395 1.016
1 984 1.016
1 1347 1.016
1 2394 1.016
1 39 1.016
1 308 1.016
1 2149 1.016
1 2150 1.016
1 90 1.016
1 732 1.016
1 2465 1.016
1 1044 1.016
1 438 1.016
1 1144 1.016
1 2350 1.016
1 992 1.016
1 1076 1.016
1 2560 1.016
1 2284 1.016
1 2029 1.016
1 1205 1.016
1 2472 1.016
1 742 1.016
1 996 1.016
1 709 1.014
1 669 1.014
1 921 1.014
1 378 1.014
1 1214 1.014
1 2475 1.014
1 386 1.014
1 2290 1.014
1 2036 1.014
1 182 1.014
1 1363 1.014
1 1491 1.014
1 2414 1.014
1 2230 1.014
1 1585 1.014
1 1822 1.014
1 492 1.014
1 260 1.014
1 2419 1.014
1 1284 1.014
1 1014 1.014
1 187 1.014
1 1395 1.014
1 1584 1.014
1 1114 1.014
1 69 1.014
1 513 1.014
1 939 1.014
1 2238 1.014
1 192 1.014
1 134 1.014
1 1019 1.014
1 2338 1.014
1 12 1.014
1 1644 1.014
1 1573 1.014
1 1830 1.014
1 2432 1.014
1 1300 1.014
1 458 1.014
1 443 1.014
1 813 1.014
1 1424 1.014
1 2624 1.014
1 1406 1.014
1 1242 1.014
1 1146 1.014
1 461 1.014
1 2128 1.014
1 873 1.014
1 462 1.014
1 463 1.014
1 1673 1.014
1 1703 1.014
1 869 1.014
1 2449 1.014
1 296 1.014
1 1168 1.014
1 973 1.014
1 1510 1.014
1 1451 1.014
1 1950 1.014
1 2498 1.014
1 337 1.014
1 1517 1.014
1 226 1.014
1 495 1.014
1 2506 1.014
1 338 1.014
1 1523 1.014
1 546 1.014
1 2393 1.014
1 1789 1.014
1 81 1.014
1 2462 1.014
1 2211 1.014
1 910 1.014
1 1516 1.014
1 241 1.014
1 2399 1.014
1 2586 1.014
1 2400 1.014
1 558 1.014
1 1900 1.014
1 2588 1.014
1 562 1.014
1 1687 1.014
1 1297 1.014
1 739 1.014
1 1166 1.014
1 563 1.014
1 1763 1.014
1 2576 1.014
1 2637 1.014
1 746 1.012
1 1782 1.012
1 2578 1.012
1 744 1.012
1 1787 1.012
1 2225 1.012
1 926 1.012
1 1360 1.012
1 2596 1.012
1 314 1.012
1 77 1.012
1 387 1.012
1 1367 1.012
1 1227 1.012
1 1278 1.012
1 2101 1.012
1 2039 1.012
1 1281 1.012
1 2168 1.012
1 2391 1.012
1 2169 1.012
1 1012 1.012
1 2603 1.012
1 574 1.012
1 1013 1.012
1 1599 1.012
1 1290 1.012
1 121 1.012
1 1600 1.012
1 2608 1.012
1 1441 1.012
1 1617 1.012
1 1379 1.012
1 365 1.012
1 415 1.012
1 11 1.012
1 1643 1.012
1 280 1.012
1 1023 1.012
1 138 1.012
1 1130 1.012
1 1382 1.012
1 1299 1.012
1 2615 1.012
1 1838 1.012
1 598 1.012
1 1219 1.012
1 469 1.012
1 2376 1.012
1 521 1.012
1 620 1.012
1 2439 1.012
1 1240 1.012
1 2381 1.012
1 2190 1.012
1 961 1.012
1 460 1.012
1 288 1.012
1 1490 1.012
1 2386 1.012
1 2626 1.012
1 1739 1.012
1 1596 1.012
1 2445 1.012
1 1245 1.012
1 1447 1.012
1 2134 1.012
1 1627 1.012
1 2502 1.012
1 969 1.012
1 1679 1.012
1 1501 1.012
1 707 1.012
1 1680 1.012
1 2263 1.012
1 1681 1.012
1 2073 1.012
1 87 1.012
1 2330 1.012
1 298 1.012
1 30 1.012
1 1508 1.012
1 890 1.012
1 982 1.012
1 2333 1.012
1 2510 1.012
1 2081 1.012
1 1524 1.012
1 1262 1.012
1 548 1.012
1 1187 1.012
1 2527 1.012
1 1791 1.012
1 2584 1.012
1 91 1.012
1 2023 1.012
1 1356 1.012
1 1731 1.012
1 990 1.012
1 914 1.012
1 2587 1.012
1 737 1.012
1 2589 1.012
1 993 1.012
1 1903 1.012
1 1271 1.012
1 994 1.012
1 223 1.012
1 2405 1.012
1 1352 1.012
1 2030 1.012
1 2572 1.012
1 127 1.012
1 2580 1.012
1 2546 1.01
1 1209 1.01
1 50 1.01
1 671 1.01
1 1275 1.01
1 2558 1.01
1 2410 1.01
1 1764 1.01
1 4 1.01
1 675 1.01
1 2598 1.01
1 253 1.01
1 1006 1.01
1 533 1.01
1 490 1.01
1 1095 1.01
1 491 1.01
1 1913 1.01
1 932 1.01
1 1413 1.01
1 1572 1.01
1 2384 1.01
1 571 1.01
1 681 1.01
1 328 1.01
1 1160 1.01
1 185 1.01
1 582 1.01
1 1597 1.01
1 1283 1.01
1 1434 1.01
1 1108 1.01
1 2106 1.01
1 762 1.01
1 1374 1.01
1 1438 1.01
1 1389 1.01
1 191 1.01
1 686 1.01
1 771 1.01
1 789 1.01
1 1444 1.01
1 1471 1.01
1 1398 1.01
1 439 1.01
1 1925 1.01
1 137 1.01
1 2243 1.01
1 2369 1.01
1 1646 1.01
1 1813 1.01
1 696 1.01
1 85 1.01
1 808 1.01
1 1391 1.01
1 552 1.01
1 1136 1.01
1 1028 1.01
1 1307 1.01
1 2619 1.01
1 956 1.01
1 1652 1.01
1 1467 1.01
1 958 1.01
1 2379 1.01
1 1032 1.01
1 284 1.01
1 812 1.01
1 1241 1.01
1 2254 1.01
1 1708 1.01
1 2625 1.01
1 871 1.01
1 1875 1.01
1 206 1.01
1 711 1.01
1 18 1.01
1 963 1.01
1 2444 1.01
1 1493 1.01
1 1595 1.01
1 2628 1.01
1 1324 1.01
1 1495 1.01
1 1624 1.01
1 1665 1.01
1 2260 1.01
1 1666 1.01
1 2326 1.01
1 2632 1.01
1 1689 1.01
1 75 1.01
1 1326 1.01
1 1338 1.01
1 487 1.01
1 1145 1.01
1 1698 1.01
1 978 1.01
1 610 1.01
1 651 1.01
1 2458 1.01
1 983 1.01
1 234 1.01
1 902 1.01
1 2397 1.01
1 911 1.01
1 1190 1.01
1 988 1.01
1 2534 1.01
1 556 1.01
1 913 1.01
1 1267 1.01
1 2401 1.01
1 1203 1.01
1 45 1.01
1 2402 1.01
1 96 1.01
1 97 1.01
1 2470 1.01
1 2559 1.01
1 1580 1.01
1 2092 1.01
1 741 1.01
1 919 1.01
1 1768 1.01
1 2570 1.01
1 1084 1.008
1 565 1.008
1 1561 1.008
1 566 1.008
1 385 1.008
1 1565 1.008
1 1276 1.008
1 692 1.008
1 1003 1.008
1 1362 1.008
1 2597 1.008
1 577 1.008
1 851 1.008
1 2599 1.008
1 2479 1.008
1 1009 1.008
1 1280 1.008
1 2334 1.008
1 2601 1.008
1 759 1.008
1 68 1.008
1 2104 1.008
1 573 1.008
1 1917 1.008
1 1583 1.008
1 233 1.008
1 1115 1.008
1 2540 1.008
1 1504 1.008
1 1126 1.008
1 1443 1.008
1 1604 1.008
1 1020 1.008
1 2611 1.008
1 1640 1.008
1 135 1.008
1 1924 1.008
1 2429 1.008
1 2050 1.008
1 1294 1.008
1 2430 1.008
1 2337 1.008
1 2431 1.008
1 1645 1.008
1 1465 1.008
1 441 1.008
1 793 1.008
1 1837 1.008
1 2434 1.008
1 2617 1.008
1 1839 1.008
1 1649 1.008
1 1392 1.008
1 1651 1.008
1 2436 1.008
1 699 1.008
1 1825 1.008
1 1137 1.008
1 700 1.008
1 158 1.008
1 1614 1.008
1 1478 1.008
1 201 1.008
1 2380 1.008
1 523 1.008
1 455 1.008
1 2440 1.008
1 1659 1.008
1 705 1.008
1 1619 1.008
1 2382 1.008
1 524 1.008
1 153 1.008
1 962 1.008
1 289 1.008
1 19 1.008
1 2627 1.008
1 207 1.008
1 1734 1.008
1 2446 1.008
1 1661 1.008
1 2500 1.008
1 2487 1.008
1 2133 1.008
1 1328 1.008
1 2639 1.008
1 1248 1.008
1 2501 1.008
1 968 1.008
1 1678 1.008
1 72 1.008
1 1157 1.008
1 1250 1.008
1 1779 1.008
1 2503 1.008
1 1334 1.008
1 886 1.008
1 1411 1.008
1 2491 1.008
1 1252 1.008
1 2495 1.008
1 489 1.008
1 720 1.008
1 486 1.008
1 2331 1.008
1 2454 1.008
1 319 1.008
1 1694 1.008
1 722 1.008
1 488 1.008
1 641 1.008
1 1035 1.008
1 34 1.008
1 1520 1.008
1 2507 1.008
1 725 1.008
1 336 1.008
1 1700 1.008
1 2509 1.008
1 1259 1.008
1 1260 1.008
1 1185 1.008
1 901 1.008
1 1790 1.008
1 1527 1.008
1 986 1.008
1 1263 1.008
1 1528 1.008
1 731 1.008
1 1189 1.008
1 347 1.008
1 1191 1.008
1 43 1.008
1 2536 1.008
1 349 1.008
1 1266 1.008
1 734 1.008
1 94 1.008
1 1074 1.008
1 350 1.008
1 1456 1.008
1 1737 1.008
1 95 1.008
1 991 1.008
1 2547 1.008
1 1545 1.008
1 561 1.008
1 1555 1.008
1 1270 1.008
1 918 1.008
1 2590 1.008
1 1759 1.008
1 1077 1.008
1 1526 1.008
1 564 1.008
1 2591 1.008
1 2561 1.008
1 1208 1.008
1 2571 1.008
1 2577 1.008
1 2581 1.008
1 2529 1.008
1 247 1.006
1 1355 1.006
1 51 1.006
1 1690 1.006
1 1204 1.006
1 1238 1.006
1 1788 1.006
1 353 1.006
1 1567 1.006
1 1277 1.006
1 1279 1.006
1 930 1.006
1 1234 1.006
1 389 1.006
1 2416 1.006
1 493 1.006
1 1574 1.006
1 1111 1.006
1 2606 1.006
1 581 1.006
1 1439 1.006
1 128 1.006
1 2425 1.006
1 2515 1.006
1 133 1.006
1 2609 1.006
1 2541 1.006
1 2343 1.006
1 1446 1.006
1 428 1.006
1 2344 1.006
1 2613 1.006
1 792 1.006
1 949 1.006
1 594 1.006
1 1024 1.006
1 1831 1.006
1 550 1.006
1 649 1.006
1 277 1.006
1 551 1.006
1 1132 1.006
1 1027 1.006
1 1305 1.006
1 2618 1.006
1 553 1.006
1 1308 1.006
1 1477 1.006
1 957 1.006
1 1138 1.006
1 1393 1.006
1 1654 1.006
1 2378 1.006
1 522 1.006
1 520 1.006
1 1314 1.006
1 283 1.006
1 2622 1.006
1 1814 1.006
1 1402 1.006
1 1142 1.006
1 1660 1.006
1 1128 1.006
1 865 1.006
1 867 1.006
1 2392 1.006
1 1672 1.006
1 63 1.006
1 2482 1.006
1 2195 1.006
1 1676 1.006
1 1496 1.006
1 2631 1.006
1 1684 1.006
1 475 1.006
1 74 1.006
1 2524 1.006
1 971 1.006
1 1686 1.006
1 1781 1.006
1 972 1.006
1 1253 1.006
1 354 1.006
1 1693 1.006
1 721 1.006
1 1399 1.006
1 2455 1.006
1 1339 1.006
1 1255 1.006
1 2505 1.006
1 33 1.006
1 333 1.006
1 723 1.006
1 1036 1.006
1 1258 1.006
1 652 1.006
1 2459 1.006
1 1522 1.006
1 1183 1.006
1 728 1.006
1 231 1.006
1 1893 1.006
1 2511 1.006
1 1261 1.006
1 547 1.006
1 1186 1.006
1 1709 1.006
1 2514 1.006
1 159 1.006
1 730 1.006
1 346 1.006
1 2528 1.006
1 1529 1.006
1 665 1.006
1 168 1.006
1 348 1.006
1 1533 1.006
1 1192 1.006
1 1269 1.006
1 1546 1.006
1 1758 1.006
1 1082 1.006
1 98 1.006
1 1706 1.006
1 995 1.006
1 2592 1.006
1 2569 1.006
1 2574 1.006
1 2582 1.006
1 2583 1.006
1 49 1.004
1 1 1.004
1 1354 1.004
1 997 1.004
1 2473 1.004
1 1273 1.004
1 2476 1.004
1 3 1.004
1 181 1.004
1 1811 1.004
1 388 1.004
1 768 1.004
1 1570 1.004
1 1815 1.004
1 1236 1.004
1 2602 1.004
1 1369 1.004
1 1823 1.004
1 398 1.004
1 1282 1.004
1 1370 1.004
1 1371 1.004
1 763 1.004
1 1375 1.004
1 2634 1.004
1 1109 1.004
1 436 1.004
1 1090 1.004
1 52 1.004
1 689 1.004
1 58 1.004
1 1835 1.004
1 592 1.004
1 693 1.004
1 1609 1.004
1 1455 1.004
1 1503 1.004
1 1122 1.004
1 607 1.004
1 955 1.004
1 2375 1.004
1 2621 1.004
1 1655 1.004
1 1487 1.004
1 814 1.004
1 1239 1.004
1 1749 1.004
1 1488 1.004
1 1141 1.004
1 203 1.004
1 1505 1.004
1 527 1.004
1 1243 1.004
1 1746 1.004
1 1322 1.004
1 1828 1.004
1 874 1.004
1 1246 1.004
1 2499 1.004
1 2483 1.004
1 2447 1.004
1 1247 1.004
1 967 1.004
1 1498 1.004
1 71 1.004
1 615 1.004
1 2488 1.004
1 1330 1.004
1 26 1.004
1 1249 1.004
1 474 1.004
1 1333 1.004
1 1506 1.004
1 1507 1.004
1 2453 1.004
1 1701 1.004
1 2497 1.004
1 1037 1.004
1 221 1.004
1 974 1.004
1 1400 1.004
1 1521 1.004
1 1704 1.004
1 2461 1.004
1 339 1.004
1 664 1.004
1 500 1.004
1 162 1.004
1 1042 1.004
1 1264 1.004
1 240 1.004
1 601 1.004
1 1265 1.004
1 989 1.004
1 2468 1.004
1 1358 1.004
1 611 1.004
1 246 1.004
1 47 1.004
1 1083 1.004
1 1078 1.004
1 1557 1.004
1 2636 1.004
1 2638 1.004
1 1272 1.002
1 1210 1.002
1 249 1.002
1 672 1.002
1 1161 1.002
1 1569 1.002
1 1094 1.002
1 1229 1.002
1 1231 1.002
1 1364 1.002
1 2422 1.002
1 1015 1.002
1 1388 1.002
1 1376 1.002
1 2351 1.002
1 1017 1.002
1 414 1.002
1 687 1.002
1 773 1.002
1 2610 1.002
1 1470 1.002
1 1091 1.002
1 1762 1.002
1 1295 1.002
1 1120 1.002
1 1381 1.002
1 2364 1.002
1 454 1.002
1 1426 1.002
1 609 1.002
1 1033 1.002
1 1427 1.002
1 2623 1.002
1 1320 1.002
1 1492 1.002
1 2390 1.002
1 1410 1.002
1 1494 1.002
1 1472 1.002
1 1233 1.002
1 970 1.002
1 718 1.002
1 2371 1.002
1 330 1.002
1 1707 1.002
1 160 1.002
1 729 1.002
1 1534 1.002
1 508 1.002
1 2543 1.002
1 242 1.002
1 351 1.002
1 1548 1.002
1 2406 1.002
1 2640 1.002
1 1906 1.0
1 2594 1.0
1 1274 1.0
1 999 1.0
1 2595 1.0
1 2162 1.0
1 676 1.0
1 929 1.0
1 760 1.0
1 402 1.0
1 2604 1.0
1 935 1.0
1 1841 1.0
1 1291 1.0
1 2046 1.0
1 1834 1.0
1 2614 1.0
1 1836 1.0
1 1223 1.0
1 1870 1.0
1 1658 1.0
1 2061 1.0
1 1999 1.0
1 2002 1.0
1 209 1.0
1 1133 1.0
1 2011 1.0
1 322 1.0
1 981 1.0
1 232 1.0
1 2083 1.0
1 1896 1.0
1 1960 1.0
1 93 1.0
1 1771 1.0
2 542 14.72
2 342 4.57
2 1722 4.3
2 757 4.294
2 196 4.292
2 1158 4.242
2 73 4.054
2 1717 4.05
2 44 3.926
2 639 3.88
2 222 3.856
2 851 3.722
2 295 3.692
2 216 3.69
2 1066 3.666
2 626 3.656
2 834 3.652
2 1454 3.65
2 825 3.648
2 1059 3.624
2 819 3.586
2 1069 3.58
2 371 3.572
2 161 3.564
2 817 3.502
2 843 3.49
2 854 3.478
2 844 3.466
2 1049 3.458
2 1723 3.43
2 1054 3.42
2 1064 3.408
2 853 3.402
2 845 3.39
2 841 3.39
2 1065 3.388
2 828 3.386
2 2498 3.386
2 1063 3.382
2 1055 3.372
2 1061 3.364
2 836 3.356
2 858 3.34
2 1048 3.336
2 838 3.318
2 822 3.316
2 1057 3.304
2 829 3.304
2 180 3.302
2 1421 3.288
2 848 3.284
2 824 3.284
2 863 3.282
2 849 3.28
2 830 3.278
2 1070 3.276
2 850 3.268
2 835 3.264
2 847 3.256
2 839 3.25
2 832 3.242
2 1050 3.24
2 861 3.226
2 831 3.22
2 1068 3.218
2 1073 3.214
2 856 3.206
2 1071 3.206
2 139 3.204
2 1060 3.196
2 193 3.17
2 1058 3.168
2 827 3.166
2 864 3.164
2 842 3.158
2 855 3.154
2 1072 3.152
2 826 3.138
2 859 3.132
2 1145 3.12
2 106 3.112
2 823 3.112
2 211 3.104
2 852 3.082
2 182 3.078
2 857 3.076
2 818 3.048
2 411 3.046
2 821 3.012
2 862 3.002
2 846 2.992
2 148 2.992
2 820 2.988
2 1062 2.984
2 1052 2.98
2 2352 2.976
2 1047 2.962
2 1725 2.96
2 840 2.958
2 1053 2.958
2 1056 2.92
2 833 2.908
2 178 2.904
2 860 2.9
2 1046 2.884
2 837 2.862
2 344 2.846
2 56 2.79
2 1067 2.784
2 484 2.71
2 1803 2.69
2 76 2.668
2 212 2.662
2 1051 2.636
2 160 2.584
2 1198 2.534
2 6 2.47
2 383 2.442
2 382 2.436
2 145 2.416
2 880 2.386
2 313 2.354
2 803 2.314
2 451 2.308
2 209 2.308
2 52 2.306
2 445 2.29
2 195 2.262
2 369 2.26
2 149 2.228
2 810 2.224
2 194 2.22
2 46 2.22
2 367 2.218
2 809 2.214
2 1729 2.196
2 173 2.188
2 808 2.168
2 352 2.166
2 1371 2.15
2 1107 2.132
2 582 2.128
2 754 2.096
2 144 2.086
2 434 2.064
2 289 2.062
2 132 2.06
2 35 2.06
2 1162 2.06
2 538 2.058
2 554 2.058
2 417 2.014
2 807 2.0
2 394 2.0
2 528 1.98
2 1479 1.976
2 629 1.974
2 416 1.974
2 627 1.974
2 390 1.972
2 424 1.968
2 625 1.966
2 814 1.954
2 2489 1.952
2 811 1.946
2 1212 1.946
2 751 1.944
2 312 1.926
2 368 1.922
2 128 1.92
2 53 1.918
2 894 1.918
2 57 1.908
2 715 1.906
2 1667 1.906
2 314 1.898
2 2496 1.898
2 1705 1.89
2 1035 1.888
2 515 1.88
2 169 1.876
2 290 1.872
2 763 1.87
2 134 1.868
2 1726 1.866
2 666 1.86
2 285 1.852
2 61 1.852
2 2549 1.846
2 1096 1.842
2 1102 1.84
2 1569 1.838
2 1695 1.836
2 307 1.83
2 2562 1.83
2 661 1.8
2 78 1.8
2 200 1.794
2 37 1.79
2 181 1.786
2 297 1.784
2 442 1.782
2 2548 1.78
2 585 1.778
2 645 1.772
2 345 1.772
2 259 1.764
2 1540 1.76
2 655 1.758
2 1744 1.732
2 2552 1.724
2 1372 1.72
2 1574 1.72
2 1720 1.718
2 801 1.712
2 2377 1.704
2 1361 1.702
2 103 1.698
2 1216 1.69
2 1445 1.686
2 217 1.684
2 1575 1.682
2 213 1.682
2 455 1.682
2 1101 1.67
2 198 1.67
2 183 1.666
2 1103 1.658
2 130 1.654
2 360 1.654
2 298 1.654
2 1968 1.648
2 504 1.648
2 142 1.646
2 1464 1.642
2 251 1.64
2 580 1.638
2 2534 1.632
2 1728 1.632
2 1440 1.626
2 122 1.624
2 1721 1.616
2 438 1.614
2 465 1.612
2 1596 1.612
2 1763 1.602
2 1782 1.602
2 1457 1.602
2 780 1.6
2 1040 1.598
2 1581 1.586
2 2533 1.586
2 174 1.584
2 777 1.58
2 157 1.578
2 1765 1.578
2 649 1.572
2 778 1.57
2 802 1.57
2 1005 1.57
2 1177 1.568
2 1719 1.568
2 308 1.568
2 1733 1.56
2 1403 1.558
2 2356 1.558
2 781 1.556
2 1509 1.552
2 176 1.552
2 1764 1.55
2 1718 1.55
2 679 1.55
2 1801 1.548
2 1691 1.546
2 257 1.546
2 1780 1.542
2 779 1.536
2 786 1.536
2 499 1.534
2 123 1.534
2 294 1.532
2 806 1.528
2 1727 1.528
2 1195 1.524
2 1556 1.524
2 2345 1.522
2 105 1.52
2 1796 1.52
2 223 1.516
2 642 1.514
2 85 1.514
2 1196 1.512
2 1415 1.512
2 1010 1.512
2 593 1.512
2 712 1.512
2 782 1.512
2 635 1.51
2 452 1.508
2 405 1.506
2 1433 1.506
2 425 1.504
2 2532 1.502
2 208 1.5
2 2357 1.498
2 804 1.496
2 488 1.494
2 398 1.492
2 2337 1.49
2 483 1.488
2 630 1.488
2 58 1.488
2 1121 1.488
2 471 1.488
2 776 1.486
2 2530 1.486
2 631 1.484
2 502 1.48
2 1753 1.478
2 775 1.478
2 507 1.478
2 756 1.476
2 558 1.476
2 1800 1.476
2 1802 1.47
2 613 1.47
2 210 1.468
2 2355 1.468
2 529 1.468
2 2568 1.468
2 269 1.466
2 1748 1.464
2 2360 1.464
2 29 1.462
2 1165 1.462
2 660 1.462
2 270 1.46
2 569 1.46
2 2567 1.46
2 370 1.458
2 597 1.456
2 2386 1.456
2 121 1.456
2 1174 1.456
2 468 1.452
2 628 1.448
2 1579 1.448
2 278 1.448
2 2531 1.446
2 570 1.444
2 1742 1.444
2 143 1.444
2 543 1.444
2 789 1.442
2 636 1.438
2 323 1.434
2 1797 1.434
2 581 1.434
2 706 1.434
2 262 1.434
2 146 1.434
2 100 1.432
2 2353 1.432
2 2358 1.432
2 1809 1.43
2 1716 1.43
2 268 1.428
2 331 1.428
2 805 1.426
2 21 1.422
2 1460 1.422
2 2363 1.42
2 568 1.42
2 1684 1.42
2 265 1.42
2 2631 1.42
2 2521 1.418
2 469 1.418
2 401 1.416
2 1669 1.414
2 271 1.414
2 1676 1.414
2 663 1.412
2 372 1.41
2 2359 1.41
2 1097 1.41
2 1794 1.406
2 1459 1.406
2 407 1.404
2 799 1.404
2 2522 1.402
2 1798 1.402
2 1795 1.4
2 1804 1.4
2 1466 1.4
2 457 1.398
2 263 1.398
2 1675 1.396
2 179 1.396
2 812 1.396
2 1793 1.392
2 1747 1.392
2 1811 1.392
2 2566 1.392
2 101 1.39
2 8 1.39
2 1387 1.39
2 361 1.388
2 272 1.384
2 5 1.382
2 1799 1.382
2 356 1.382
2 2563 1.382
2 682 1.38
2 2362 1.38
2 131 1.38
2 140 1.38
2 1360 1.38
2 621 1.38
2 1386 1.38
2 267 1.378
2 487 1.378
2 310 1.378
2 2361 1.376
2 1235 1.372
2 419 1.372
2 640 1.372
2 1746 1.37
2 693 1.364
2 1703 1.364
2 1199 1.364
2 896 1.364
2 1455 1.362
2 84 1.362
2 264 1.362
2 266 1.36
2 1510 1.36
2 381 1.36
2 197 1.36
2 364 1.358
2 1462 1.358
2 2564 1.358
2 1674 1.356
2 155 1.354
2 225 1.354
2 2206 1.354
2 141 1.354
2 2364 1.352
2 1231 1.352
2 1079 1.352
2 1683 1.352
2 478 1.352
2 530 1.352
2 1672 1.35
2 362 1.35
2 525 1.35
2 404 1.348
2 1779 1.348
2 1807 1.348
2 1812 1.348
2 1234 1.344
2 1411 1.342
2 1461 1.342
2 1677 1.34
2 744 1.34
2 2550 1.34
2 1688 1.34
2 1673 1.338
2 796 1.338
2 1128 1.336
2 1541 1.336
2 341 1.336
2 2387 1.334
2 2490 1.334
2 189 1.332
2 135 1.332
2 120 1.332
2 1087 1.332
2 365 1.33
2 333 1.33
2 466 1.33
2 2580 1.33
2 1805 1.328
2 2354 1.328
2 1671 1.326
2 633 1.326
2 299 1.326
2 337 1.326
2 698 1.324
2 1113 1.324
2 1588 1.324
2 2492 1.324
2 1816 1.324
2 1126 1.322
2 459 1.322
2 276 1.322
2 1409 1.32
2 1458 1.32
2 749 1.32
2 1670 1.318
2 133 1.318
2 1202 1.318
2 1362 1.318
2 1591 1.318
2 363 1.316
2 10 1.314
2 340 1.314
2 440 1.314
2 159 1.312
2 227 1.312
2 454 1.312
2 2537 1.312
2 54 1.31
2 1039 1.31
2 389 1.31
2 353 1.31
2 1773 1.308
2 2295 1.308
2 719 1.308
2 1456 1.308
2 392 1.308
2 526 1.308
2 480 1.308
2 481 1.306
2 482 1.306
2 977 1.306
2 531 1.304
2 1696 1.3
2 408 1.3
2 315 1.3
2 376 1.298
2 395 1.298
2 2518 1.298
2 432 1.296
2 1810 1.296
2 67 1.292
2 634 1.29
2 2385 1.29
2 771 1.29
2 703 1.29
2 1365 1.29
2 384 1.29
2 1514 1.29
2 328 1.288
2 1808 1.288
2 2555 1.286
2 2517 1.286
2 1431 1.284
2 229 1.282
2 1590 1.282
2 1806 1.28
2 1148 1.28
2 503 1.278
2 1112 1.278
2 956 1.278
2 354 1.276
2 355 1.276
2 647 1.274
2 1560 1.274
2 871 1.274
2 396 1.274
2 2520 1.272
2 245 1.272
2 1286 1.272
2 456 1.27
2 656 1.27
2 657 1.27
2 1215 1.268
2 2553 1.264
2 48 1.264
2 2565 1.264
2 632 1.262
2 104 1.262
2 177 1.262
2 1139 1.26
2 348 1.258
2 555 1.258
2 654 1.256
2 1149 1.256
2 750 1.254
2 2554 1.254
2 2348 1.252
2 646 1.252
2 479 1.252
2 444 1.252
2 393 1.25
2 1150 1.25
2 201 1.25
2 748 1.25
2 1384 1.248
2 505 1.248
2 1739 1.248
2 2519 1.246
2 55 1.246
2 1109 1.246
2 1583 1.246
2 1151 1.244
2 1432 1.244
2 1535 1.244
2 79 1.242
2 557 1.24
2 658 1.24
2 470 1.24
2 577 1.238
2 66 1.238
2 934 1.238
2 97 1.238
2 1755 1.236
2 1300 1.236
2 1417 1.234
2 258 1.234
2 311 1.234
2 1157 1.232
2 1712 1.232
2 147 1.232
2 129 1.23
2 1568 1.23
2 1759 1.23
2 219 1.23
2 659 1.23
2 2504 1.23
2 324 1.228
2 1211 1.228
2 136 1.226
2 1237 1.226
2 1511 1.226
2 1639 1.226
2 309 1.226
2 325 1.224
2 1582 1.224
2 81 1.224
2 1740 1.224
2 226 1.222
2 2556 1.222
2 1584 1.222
2 1193 1.22
2 1108 1.22
2 1416 1.22
2 1214 1.22
2 236 1.22
2 518 1.22
2 1098 1.22
2 736 1.218
2 330 1.218
2 707 1.218
2 214 1.218
2 437 1.218
2 338 1.216
2 2341 1.216
2 413 1.216
2 20 1.216
2 1623 1.216
2 541 1.216
2 380 1.216
2 188 1.216
2 386 1.214
2 1213 1.214
2 412 1.214
2 1091 1.214
2 753 1.212
2 1116 1.212
2 375 1.212
2 1110 1.21
2 1772 1.21
2 1122 1.21
2 1686 1.21
2 815 1.21
2 1106 1.208
2 516 1.208
2 517 1.208
2 2375 1.208
2 550 1.208
2 439 1.208
2 773 1.206
2 1512 1.206
2 218 1.206
2 343 1.206
2 464 1.206
2 391 1.206
2 567 1.206
2 68 1.206
2 125 1.206
2 1537 1.206
2 410 1.204
2 1484 1.204
2 199 1.204
2 316 1.202
2 326 1.202
2 1418 1.202
2 250 1.202
2 1783 1.202
2 2493 1.202
2 1244 1.202
2 1518 1.202
2 275 1.202
2 772 1.2
2 2342 1.2
2 604 1.2
2 472 1.2
2 767 1.198
2 506 1.198
2 2346 1.198
2 713 1.198
2 1086 1.198
2 599 1.198
2 553 1.198
2 277 1.198
2 1558 1.196
2 453 1.196
2 1689 1.196
2 443 1.196
2 2582 1.196
2 279 1.194
2 286 1.194
2 172 1.194
2 709 1.194
2 1467 1.194
2 2579 1.194
2 1088 1.194
2 2539 1.194
2 1754 1.192
2 158 1.192
2 559 1.192
2 366 1.192
2 111 1.192
2 1724 1.192
2 1356 1.192
2 1200 1.192
2 903 1.19
2 1503 1.19
2 511 1.19
2 708 1.19
2 615 1.19
2 524 1.19
2 1732 1.19
2 700 1.188
2 332 1.188
2 795 1.188
2 292 1.188
2 743 1.188
2 124 1.188
2 86 1.188
2 207 1.188
2 224 1.186
2 1480 1.186
2 2383 1.186
2 15 1.186
2 300 1.186
2 301 1.186
2 1089 1.186
2 2365 1.184
2 7 1.184
2 560 1.184
2 1553 1.184
2 498 1.184
2 514 1.184
2 1776 1.184
2 1665 1.184
2 254 1.184
2 2538 1.184
2 694 1.182
2 1429 1.182
2 228 1.182
2 409 1.182
2 427 1.182
2 215 1.182
2 117 1.182
2 429 1.182
2 1536 1.182
2 321 1.18
2 400 1.18
2 624 1.18
2 1663 1.18
2 418 1.18
2 1099 1.18
2 2581 1.18
2 1548 1.178
2 2368 1.178
2 12 1.178
2 1125 1.178
2 1525 1.178
2 576 1.178
2 546 1.178
2 206 1.178
2 1693 1.176
2 1694 1.176
2 1496 1.176
2 1662 1.176
2 2578 1.176
2 1373 1.176
2 1401 1.176
2 2535 1.176
2 102 1.174
2 1549 1.174
2 9 1.174
2 2634 1.174
2 1495 1.174
2 1230 1.174
2 641 1.174
2 1570 1.174
2 878 1.174
2 551 1.174
2 1745 1.174
2 441 1.174
2 397 1.172
2 317 1.172
2 447 1.172
2 579 1.172
2 1774 1.172
2 167 1.172
2 113 1.172
2 1508 1.172
2 600 1.172
2 545 1.172
2 1531 1.172
2 83 1.172
2 1376 1.172
2 1486 1.17
2 327 1.17
2 2391 1.17
2 16 1.17
2 171 1.17
2 402 1.17
2 1576 1.17
2 335 1.17
2 1129 1.17
2 1784 1.17
2 1515 1.17
2 2494 1.17
2 605 1.17
2 1743 1.17
2 1105 1.168
2 190 1.168
2 358 1.168
2 702 1.168
2 2388 1.168
2 704 1.168
2 69 1.168
2 1449 1.168
2 785 1.168
2 790 1.168
2 274 1.168
2 1533 1.168
2 665 1.168
2 1750 1.168
2 1173 1.168
2 816 1.168
2 2545 1.168
2 280 1.166
2 230 1.166
2 334 1.166
2 118 1.166
2 2349 1.166
2 1085 1.166
2 82 1.166
2 273 1.166
2 2508 1.166
2 2514 1.166
2 1104 1.166
2 357 1.164
2 501 1.164
2 1041 1.164
2 304 1.164
2 305 1.164
2 674 1.164
2 476 1.164
2 2525 1.164
2 1425 1.162
2 532 1.162
2 1474 1.162
2 399 1.162
2 1550 1.162
2 63 1.162
2 249 1.162
2 784 1.162
2 1452 1.162
2 420 1.162
2 1127 1.162
2 220 1.162
2 306 1.162
2 2506 1.162
2 184 1.162
2 1080 1.162
2 1827 1.16
2 1485 1.16
2 166 1.16
2 643 1.16
2 374 1.16
2 114 1.16
2 1124 1.16
2 115 1.16
2 1233 1.16
2 119 1.16
2 519 1.16
2 1730 1.16
2 797 1.16
2 2505 1.16
2 2509 1.16
2 1751 1.16
2 1752 1.16
2 2544 1.16
2 1404 1.158
2 695 1.158
2 1482 1.158
2 162 1.158
2 17 1.158
2 2542 1.158
2 2491 1.158
2 2512 1.158
2 473 1.158
2 1538 1.158
2 537 1.156
2 2366 1.156
2 1704 1.156
2 164 1.156
2 110 1.156
2 329 1.156
2 255 1.156
2 520 1.156
2 701 1.156
2 126 1.156
2 1465 1.156
2 2523 1.156
2 2526 1.156
2 11 1.154
2 448 1.154
2 2336 1.154
2 1778 1.154
2 1288 1.154
2 596 1.154
2 745 1.154
2 2513 1.154
2 2529 1.154
2 446 1.152
2 359 1.152
2 137 1.152
2 1483 1.152
2 2335 1.152
2 336 1.152
2 1172 1.152
2 616 1.152
2 406 1.15
2 637 1.15
2 783 1.15
2 70 1.15
2 1735 1.15
2 256 1.15
2 1532 1.15
2 127 1.15
2 1402 1.15
2 450 1.148
2 699 1.148
2 1119 1.148
2 1045 1.148
2 221 1.148
2 739 1.148
2 800 1.148
2 32 1.148
2 449 1.146
2 64 1.146
2 2392 1.146
2 1775 1.146
2 18 1.146
2 116 1.146
2 430 1.146
2 544 1.146
2 1473 1.144
2 1406 1.144
2 320 1.144
2 163 1.144
2 373 1.144
2 1038 1.144
2 1777 1.144
2 1450 1.144
2 1287 1.144
2 1194 1.144
2 477 1.142
2 539 1.142
2 1167 1.142
2 112 1.142
2 644 1.142
2 2484 1.142
2 1664 1.142
2 2574 1.142
2 536 1.14
2 62 1.14
2 2367 1.14
2 1552 1.14
2 13 1.14
2 1123 1.14
2 252 1.14
2 460 1.14
2 595 1.14
2 244 1.14
2 2188 1.138
2 303 1.138
2 1585 1.136
2 109 1.134
2 1826 1.132
2 1131 1.132
2 1766 1.132
2 1551 1.13
2 59 1.128
2 578 1.128
2 1685 1.128
2 165 1.126
2 1453 1.126
2 711 1.124
2 1534 1.124
2 1232 1.118
2 322 1.0
2 379 1.0
2 2340 1.0
2 1634 1.0
2 1530 1.0
2 1692 1.0
2 2557 1.0
3 335 9.66
3 606 7.402
3 593 6.79
3 559 6.474
3 445 6.4
3 613 6.184
3 611 6.062
3 616 6.04
3 608 5.73
3 609 5.694
3 614 5.684
3 610 5.634
3 617 5.584
3 607 5.52
3 615 5.504
3 666 5.48
3 612 5.428
3 1204 5.39
3 1195 4.962
3 1143 3.856
3 1297 3.662
3 1302 3.644
3 1469 3.634
3 1817 3.634
3 1303 3.526
3 1200 3.462
3 1081 3.236
3 295 3.04
3 1181 2.996
3 10 2.978
3 237 2.944
3 1344 2.884
3 1184 2.838
3 753 2.786
3 239 2.744
3 1206 2.69
3 1821 2.658
3 1820 2.636
3 1819 2.62
3 791 2.6
3 147 2.596
3 1205 2.594
3 1818 2.508
3 1813 2.43
3 1217 2.412
3 104 2.408
3 1216 2.362
3 1157 2.34
3 235 2.304
3 691 2.294
3 2534 2.276
3 180 2.25
3 37 2.212
3 42 2.204
3 421 2.202
3 403 2.202
3 404 2.196
3 405 2.194
3 423 2.168
3 65 2.15
3 422 2.114
3 640 2.094
3 719 2.07
3 293 2.044
3 1668 2.038
3 440 2.032
3 427 2.032
3 793 2.024
3 514 2.018
3 511 2.01
3 533 1.996
3 792 1.984
3 182 1.868
3 534 1.854
3 1366 1.842
3 528 1.826
3 1361 1.81
3 1586 1.808
3 1476 1.792
3 725 1.79
3 238 1.788
3 641 1.786
3 535 1.784
3 390 1.778
3 560 1.776
3 739 1.774
3 1196 1.772
3 705 1.74
3 139 1.72
3 1475 1.698
3 87 1.564
3 1139 1.564
3 1736 1.556
3 618 1.544
3 588 1.544
3 330 1.54
3 331 1.536
3 1496 1.536
3 667 1.534
3 649 1.534
3 933 1.532
3 2538 1.532
3 88 1.53
3 430 1.528
3 619 1.528
3 459 1.528
3 1551 1.526
3 2373 1.526
3 539 1.524
3 1420 1.524
3 624 1.524
3 32 1.524
3 1550 1.522
3 1497 1.52
3 2536 1.52
3 1109 1.518
3 1684 1.518
3 548 1.516
3 1201 1.516
3 700 1.514
3 1107 1.514
3 2516 1.514
3 89 1.514
3 338 1.512
3 366 1.512
3 699 1.512
3 1495 1.51
3 648 1.506
3 106 1.504
3 639 1.504
3 216 1.504
3 601 1.502
3 108 1.5
3 1408 1.5
3 1419 1.5
3 1218 1.5
3 1407 1.496
3 2535 1.494
3 103 1.492
3 2372 1.492
3 2537 1.488
3 1445 1.486
3 576 1.486
3 674 1.484
3 934 1.478
3 581 1.472
3 254 1.47
3 698 1.47
3 107 1.45
4 455 4.0
4 146 4.0
4 145 4.0
4 212 4.0
4 175 3.0
4 35 3.0
4 36 3.0
4 502 3.0
4 585 3.0
4 1387 3.0
4 769 3.0
4 770 3.0
4 1093 3.0
4 1482 3.0
4 757 3.0
4 10 2.0
4 237 2.0
4 189 2.0
4 205 2.0
4 204 2.0
4 188 2.0
4 243 2.0
4 227 2.0
4 542 2.0
4 1421 2.0
4 1091 2.0
4 200 2.0
4 1365 2.0
4 2206 2.0
4 1450 2.0
4 1449 2.0
4 2485 2.0
4 2486 2.0
4 2536 2.0
4 1761 2.0
4 2633 2.0
4 209 1.0
4 257 1.0
4 1559 1.0
5 135 4.0
5 426 4.0
5 427 4.0
5 428 4.0
5 419 2.0
5 420 2.0
5 1406 2.0
5 1405 2.0
6 584 4.0
6 585 4.0
6 586 3.0
6 587 3.0
6 640 3.0
6 641 3.0
6 486 2.0
6 484 2.0
6 602 2.0
6 603 2.0
6 642 2.0
6 1844 2.0
6 2347 2.0
6 2391 2.0
6 1571 2.0
