1 54 5.804
1 55 5.166
1 57 4.53
1 56 3.986
1 259 3.214
1 168 3.18
1 169 3.12
1 69 2.944
1 246 2.866
1 175 2.862
1 152 2.836
1 158 2.83
1 28 2.684
1 247 2.648
1 35 2.58
1 88 2.536
1 176 2.526
1 179 2.488
1 67 2.48
1 252 2.476
1 96 2.384
1 14 2.38
1 34 2.37
1 210 2.342
1 151 2.32
1 87 2.316
1 109 2.31
1 172 2.288
1 242 2.286
1 99 2.284
1 217 2.278
1 31 2.25
1 70 2.232
1 101 2.226
1 245 2.216
1 111 2.196
1 33 2.192
1 100 2.186
1 29 2.182
1 183 2.166
1 91 2.162
1 90 2.158
1 163 2.148
1 178 2.138
1 260 2.12
1 98 2.11
1 241 2.084
1 37 2.06
1 13 2.016
1 254 2.014
1 267 2.004
1 243 1.984
1 240 1.962
1 258 1.954
1 36 1.952
1 251 1.952
1 248 1.938
1 133 1.934
1 244 1.924
1 256 1.922
1 191 1.914
1 61 1.91
1 249 1.908
1 38 1.904
1 208 1.9
1 92 1.892
1 159 1.872
1 206 1.834
1 257 1.832
1 261 1.822
1 112 1.82
1 195 1.808
1 253 1.808
1 134 1.782
1 238 1.778
1 2 1.758
1 190 1.752
1 44 1.748
1 276 1.746
1 60 1.744
1 45 1.734
1 198 1.73
1 103 1.728
1 222 1.728
1 132 1.726
1 220 1.72
1 199 1.716
1 97 1.696
1 207 1.69
1 128 1.684
1 1 1.672
1 237 1.652
1 102 1.648
1 135 1.644
1 239 1.642
1 170 1.638
1 226 1.632
1 177 1.628
1 235 1.624
1 219 1.622
1 94 1.622
1 268 1.62
1 250 1.62
1 218 1.604
1 223 1.602
1 236 1.586
1 225 1.558
1 161 1.556
1 185 1.542
1 7 1.54
1 224 1.54
1 59 1.538
1 93 1.534
1 116 1.526
1 156 1.516
1 184 1.512
1 255 1.502
1 264 1.49
1 131 1.482
1 162 1.48
1 95 1.464
1 17 1.458
1 186 1.458
1 117 1.452
1 89 1.45
1 51 1.45
1 139 1.444
1 192 1.438
1 110 1.438
1 12 1.43
1 63 1.424
1 65 1.424
1 58 1.418
1 160 1.414
1 62 1.414
1 187 1.404
1 216 1.4
1 270 1.398
1 130 1.394
1 80 1.392
1 265 1.39
1 79 1.388
1 22 1.384
1 144 1.384
1 71 1.372
1 74 1.368
1 147 1.366
1 269 1.366
1 146 1.366
1 11 1.362
1 76 1.36
1 171 1.36
1 20 1.358
1 9 1.354
1 215 1.354
1 271 1.346
1 141 1.344
1 53 1.338
1 262 1.338
1 72 1.336
1 145 1.336
1 193 1.334
1 104 1.326
1 66 1.324
1 75 1.324
1 138 1.324
1 113 1.318
1 232 1.314
1 125 1.314
1 106 1.312
1 52 1.312
1 18 1.312
1 50 1.31
1 3 1.306
1 120 1.298
1 68 1.282
1 121 1.278
1 21 1.278
1 10 1.274
1 274 1.272
1 204 1.272
1 155 1.262
1 6 1.256
1 205 1.246
1 19 1.244
1 86 1.24
1 105 1.238
1 64 1.234
1 118 1.23
1 200 1.228
1 24 1.224
1 85 1.224
1 234 1.224
1 188 1.224
1 231 1.222
1 30 1.22
1 150 1.22
1 4 1.218
1 137 1.216
1 83 1.214
1 42 1.214
1 84 1.214
1 46 1.212
1 173 1.21
1 266 1.208
1 47 1.206
1 279 1.204
1 143 1.204
1 73 1.2
1 129 1.198
1 213 1.198
1 275 1.192
1 263 1.192
1 115 1.188
1 182 1.186
1 212 1.186
1 273 1.186
1 43 1.184
1 165 1.174
1 272 1.174
1 119 1.164
1 214 1.152
1 189 1.15
1 124 1.136
1 233 1.136
1 211 1.134
1 202 1.134
1 164 1.13
1 5 1.13
1 23 1.128
1 15 1.124
1 174 1.12
1 201 1.118
1 48 1.116
1 32 1.116
1 49 1.114
1 8 1.112
1 196 1.11
1 194 1.108
1 25 1.106
1 140 1.104
1 107 1.104
1 142 1.102
1 181 1.1
1 157 1.098
1 136 1.098
1 180 1.096
1 203 1.096
1 26 1.092
1 209 1.088
1 114 1.084
1 39 1.078
1 221 1.074
2 55 5.224
2 54 5.17
2 56 4.348
2 151 4.056
2 152 3.648
2 57 3.434
2 61 3.198
2 59 3.142
2 60 3.08
2 264 3.054
2 33 2.974
2 31 2.874
2 263 2.85
2 166 2.834
2 98 2.764
2 109 2.746
2 89 2.73
2 240 2.646
2 88 2.644
2 241 2.642
2 64 2.574
2 58 2.57
2 167 2.504
2 115 2.468
2 247 2.466
2 32 2.454
2 262 2.448
2 29 2.408
2 91 2.404
2 13 2.398
2 68 2.392
2 90 2.356
2 104 2.344
2 4 2.318
2 242 2.306
2 8 2.304
2 157 2.298
2 103 2.294
2 272 2.258
2 112 2.242
2 271 2.22
2 28 2.2
2 30 2.194
2 246 2.176
2 168 2.144
2 243 2.136
2 179 2.102
2 21 2.098
2 158 2.096
2 169 2.092
2 83 2.074
2 71 2.06
2 269 2.056
2 250 2.048
2 268 2.03
2 87 2.026
2 11 2.024
2 279 2.02
2 97 2.02
2 270 2.018
2 188 2.01
2 22 1.996
2 3 1.994
2 162 1.958
2 101 1.952
2 82 1.946
2 172 1.942
2 175 1.94
2 67 1.932
2 34 1.932
2 69 1.926
2 79 1.92
2 244 1.916
2 177 1.916
2 267 1.902
2 100 1.896
2 163 1.886
2 131 1.886
2 92 1.884
2 252 1.876
2 12 1.874
2 14 1.87
2 258 1.868
2 63 1.856
2 37 1.854
2 113 1.848
2 75 1.844
2 62 1.84
2 150 1.838
2 105 1.836
2 41 1.826
2 35 1.82
2 40 1.804
2 130 1.796
2 72 1.794
2 95 1.792
2 99 1.79
2 176 1.788
2 251 1.77
2 203 1.77
2 114 1.76
2 266 1.756
2 84 1.752
2 256 1.746
2 38 1.746
2 80 1.738
2 7 1.73
2 233 1.726
2 198 1.724
2 231 1.722
2 254 1.71
2 189 1.702
2 277 1.696
2 6 1.69
2 53 1.69
2 52 1.688
2 260 1.688
2 1 1.676
2 24 1.676
2 234 1.668
2 182 1.668
2 111 1.664
2 96 1.654
2 226 1.654
2 19 1.646
2 224 1.644
2 225 1.636
2 77 1.63
2 261 1.628
2 170 1.622
2 161 1.598
2 45 1.598
2 156 1.59
2 155 1.584
2 186 1.582
2 249 1.576
2 159 1.566
2 205 1.562
2 139 1.55
2 94 1.55
2 36 1.546
2 106 1.542
2 187 1.538
2 185 1.538
2 171 1.534
2 245 1.516
2 102 1.514
2 25 1.504
2 132 1.502
2 223 1.502
2 265 1.5
2 46 1.494
2 191 1.492
2 86 1.482
2 255 1.472
2 190 1.468
2 183 1.464
2 202 1.46
2 78 1.458
2 128 1.456
2 206 1.454
2 2 1.446
2 160 1.442
2 138 1.442
2 107 1.436
2 147 1.434
2 5 1.426
2 85 1.426
2 65 1.416
2 44 1.414
2 81 1.412
2 273 1.412
2 154 1.408
2 125 1.408
2 253 1.402
2 181 1.396
2 221 1.394
2 178 1.386
2 20 1.376
2 15 1.376
2 74 1.37
2 257 1.368
2 204 1.368
2 43 1.366
2 124 1.364
2 47 1.362
2 108 1.36
2 134 1.354
2 17 1.33
2 248 1.324
2 133 1.312
2 239 1.312
2 209 1.304
2 9 1.3
2 174 1.298
2 199 1.294
2 70 1.292
2 73 1.29
2 276 1.288
2 23 1.286
2 39 1.286
2 66 1.284
2 232 1.278
2 275 1.278
2 219 1.278
2 278 1.276
2 110 1.27
2 16 1.268
2 210 1.264
2 76 1.252
2 184 1.238
2 49 1.238
2 235 1.238
2 195 1.236
2 259 1.234
2 135 1.23
2 141 1.228
2 127 1.21
2 50 1.208
2 180 1.206
2 207 1.206
2 18 1.206
2 274 1.204
2 10 1.202
2 27 1.184
2 119 1.18
2 144 1.18
2 51 1.176
2 137 1.17
2 121 1.166
2 122 1.164
2 145 1.164
2 116 1.158
2 222 1.13
2 153 1.128
2 140 1.128
2 236 1.12
2 201 1.116
2 196 1.112
2 136 1.104
2 146 1.102
2 42 1.102
2 212 1.098
2 197 1.098
2 213 1.096
2 148 1.092
2 227 1.088
2 48 1.088
2 120 1.086
2 149 1.086
2 237 1.082
2 126 1.08
2 211 1.08
2 129 1.08
2 118 1.072
2 165 1.072
2 220 1.07
2 193 1.064
2 238 1.06
2 117 1.058
3 54 5.678
3 55 5.54
3 60 3.752
3 152 3.71
3 57 3.69
3 59 3.574
3 151 3.55
3 56 3.518
3 109 3.49
3 61 3.324
3 58 3.118
3 14 3.06
3 68 2.938
3 67 2.802
3 167 2.796
3 179 2.772
3 13 2.704
3 166 2.696
3 3 2.65
3 159 2.634
3 113 2.626
3 178 2.602
3 2 2.512
3 1 2.508
3 28 2.478
3 157 2.44
3 115 2.436
3 7 2.414
3 177 2.406
3 4 2.392
3 112 2.36
3 162 2.36
3 170 2.302
3 168 2.292
3 44 2.288
3 21 2.278
3 198 2.262
3 111 2.26
3 22 2.242
3 62 2.242
3 45 2.236
3 171 2.218
3 66 2.208
3 174 2.18
3 158 2.18
3 65 2.14
3 72 2.116
3 183 2.11
3 156 2.106
3 199 2.102
3 188 2.082
3 169 2.074
3 175 2.072
3 114 2.072
3 250 2.062
3 189 2.04
3 69 2.04
3 182 2.04
3 64 2.028
3 161 2.01
3 224 2.008
3 163 2.006
3 8 1.982
3 84 1.98
3 173 1.97
3 89 1.958
3 11 1.948
3 233 1.938
3 143 1.936
3 63 1.936
3 86 1.934
3 71 1.932
3 206 1.906
3 83 1.904
3 85 1.898
3 15 1.892
3 92 1.888
3 128 1.888
3 119 1.884
3 223 1.876
3 103 1.862
3 87 1.844
3 91 1.84
3 241 1.84
3 209 1.836
3 234 1.826
3 90 1.818
3 41 1.818
3 240 1.8
3 82 1.796
3 191 1.796
3 242 1.796
3 154 1.79
3 249 1.786
3 80 1.784
3 238 1.782
3 138 1.778
3 79 1.776
3 98 1.772
3 176 1.77
3 207 1.77
3 6 1.766
3 129 1.764
3 186 1.762
3 210 1.754
3 194 1.752
3 39 1.75
3 40 1.74
3 142 1.734
3 104 1.73
3 12 1.726
3 180 1.708
3 52 1.708
3 70 1.708
3 77 1.704
3 263 1.702
3 30 1.694
3 131 1.69
3 74 1.684
3 124 1.684
3 81 1.68
3 225 1.674
3 220 1.674
3 202 1.672
3 187 1.672
3 243 1.672
3 16 1.662
3 271 1.662
3 190 1.66
3 181 1.656
3 5 1.654
3 268 1.648
3 76 1.648
3 147 1.646
3 144 1.646
3 203 1.644
3 130 1.644
3 118 1.636
3 251 1.634
3 150 1.632
3 237 1.626
3 24 1.624
3 53 1.62
3 244 1.62
3 94 1.618
3 196 1.616
3 185 1.616
3 88 1.612
3 95 1.606
3 219 1.586
3 19 1.584
3 20 1.582
3 264 1.576
3 205 1.576
3 267 1.576
3 29 1.572
3 226 1.572
3 100 1.562
3 135 1.56
3 195 1.558
3 33 1.55
3 18 1.55
3 134 1.544
3 140 1.544
3 204 1.542
3 172 1.538
3 121 1.534
3 208 1.534
3 50 1.532
3 23 1.53
3 126 1.53
3 78 1.522
3 232 1.52
3 184 1.516
3 97 1.508
3 197 1.498
3 125 1.498
3 269 1.496
3 153 1.494
3 248 1.492
3 133 1.492
3 105 1.492
3 127 1.49
3 262 1.486
3 75 1.484
3 31 1.476
3 235 1.47
3 120 1.468
3 279 1.466
3 139 1.464
3 270 1.462
3 38 1.458
3 164 1.456
3 239 1.442
3 116 1.436
3 193 1.436
3 272 1.43
3 236 1.422
3 47 1.416
3 261 1.412
3 246 1.41
3 201 1.402
3 165 1.4
3 231 1.4
3 160 1.398
3 32 1.398
3 247 1.392
3 123 1.384
3 222 1.38
3 200 1.376
3 221 1.37
3 145 1.368
3 228 1.364
3 258 1.362
3 26 1.352
3 230 1.35
3 141 1.344
3 51 1.342
3 155 1.34
3 117 1.34
3 10 1.338
3 108 1.336
3 43 1.332
3 42 1.326
3 122 1.32
3 27 1.316
3 132 1.312
3 73 1.312
3 102 1.312
3 96 1.31
3 227 1.3
3 101 1.294
3 110 1.292
3 252 1.282
3 106 1.276
3 256 1.272
3 278 1.27
3 229 1.266
3 254 1.262
3 36 1.26
3 213 1.256
3 192 1.256
3 136 1.254
3 48 1.254
3 217 1.254
3 218 1.254
3 17 1.248
3 214 1.242
3 99 1.24
3 35 1.234
3 212 1.234
3 34 1.228
3 260 1.228
3 265 1.222
3 216 1.21
3 93 1.206
3 37 1.206
3 49 1.182
3 253 1.18
3 273 1.18
3 46 1.172
3 211 1.168
3 25 1.136
3 255 1.136
3 259 1.128
3 245 1.126
3 9 1.124
3 107 1.124
3 149 1.106
3 257 1.102
3 275 1.096
3 148 1.08
3 274 1.066
3 276 1.058
3 266 1.056
3 215 1.038
3 137 1.034
3 277 1.03
