1 2295 10.068
1 2075 7.168
1 549 6.138
1 231 5.96
1 1943 5.844
1 469 5.57
1 555 5.398
1 716 4.872
1 112 4.74
1 1199 4.492
1 1564 4.296
1 7 4.222
1 1028 4.19
1 46 4.162
1 1841 3.67
1 2648 3.622
1 3834 3.618
1 9 3.41
1 8 3.322
1 204 3.286
1 543 3.22
1 693 3.076
1 1425 3.004
1 495 3.002
1 40 2.984
1 1143 2.89
1 175 2.878
1 2631 2.852
1 123 2.844
1 1351 2.812
1 226 2.804
1 81 2.76
1 753 2.754
1 456 2.738
1 872 2.714
1 351 2.682
1 49 2.592
1 1868 2.564
1 1548 2.552
1 3661 2.52
1 179 2.502
1 288 2.488
1 348 2.476
1 2340 2.468
1 3685 2.452
1 201 2.414
1 242 2.402
1 1605 2.394
1 1571 2.378
1 1245 2.324
1 107 2.32
1 951 2.304
1 1836 2.29
1 2197 2.264
1 1165 2.26
1 45 2.25
1 2229 2.246
1 79 2.232
1 935 2.224
1 3815 2.208
1 252 2.202
1 194 2.194
1 548 2.19
1 31 2.186
1 3830 2.176
1 38 2.174
1 13 2.148
1 203 2.134
1 1162 2.124
1 2607 2.122
1 789 2.118
1 472 2.108
1 981 2.1
1 126 2.098
1 467 2.094
1 2540 2.086
1 621 2.08
1 1317 2.074
1 170 2.072
1 1541 2.072
1 537 2.046
1 129 2.034
1 1058 2.032
1 2348 2.028
1 1973 2.022
1 315 2.02
1 248 2.016
1 1223 2.01
1 345 2.01
1 243 2.01
1 1635 2.004
1 1663 1.994
1 371 1.992
1 437 1.986
1 1857 1.984
1 1980 1.982
1 3825 1.982
1 439 1.98
1 43 1.974
1 62 1.97
1 1637 1.97
1 301 1.97
1 2439 1.962
1 2023 1.962
1 1896 1.958
1 417 1.956
1 295 1.95
1 349 1.946
1 152 1.932
1 53 1.92
1 2762 1.918
1 10 1.914
1 18 1.9
1 89 1.9
1 1925 1.898
1 35 1.894
1 1345 1.888
1 366 1.88
1 1807 1.878
1 196 1.868
1 1810 1.86
1 369 1.854
1 700 1.844
1 697 1.844
1 474 1.842
1 421 1.84
1 1321 1.84
1 274 1.834
1 1713 1.83
1 375 1.83
1 1902 1.83
1 722 1.826
1 410 1.82
1 322 1.816
1 2772 1.816
1 613 1.814
1 1035 1.812
1 457 1.806
1 78 1.804
1 387 1.802
1 1650 1.796
1 848 1.792
1 402 1.79
1 2615 1.784
1 378 1.78
1 2627 1.78
1 2447 1.778
1 596 1.778
1 473 1.774
1 1322 1.772
1 395 1.768
1 2727 1.758
1 2164 1.756
1 3743 1.756
1 296 1.754
1 95 1.748
1 1341 1.744
1 1095 1.742
1 2174 1.742
1 1818 1.74
1 309 1.738
1 1178 1.738
1 681 1.738
1 498 1.738
1 554 1.734
1 675 1.732
1 109 1.724
1 1385 1.724
1 915 1.718
1 305 1.706
1 1410 1.706
1 277 1.702
1 816 1.702
1 2746 1.7
1 751 1.69
1 626 1.686
1 2355 1.686
1 1329 1.686
1 26 1.684
1 936 1.68
1 1899 1.68
1 262 1.676
1 475 1.676
1 235 1.674
1 34 1.672
1 3768 1.668
1 1138 1.664
1 1806 1.664
1 1799 1.662
1 1391 1.66
1 2655 1.656
1 846 1.656
1 1033 1.652
1 617 1.652
1 1847 1.65
1 1697 1.648
1 1326 1.644
1 756 1.642
1 1220 1.642
1 1128 1.64
1 205 1.638
1 3568 1.638
1 373 1.632
1 539 1.628
1 182 1.628
1 398 1.626
1 1509 1.626
1 2716 1.626
1 3702 1.624
1 372 1.622
1 940 1.616
1 344 1.616
1 489 1.612
1 805 1.612
1 834 1.612
1 3637 1.608
1 2408 1.6
1 401 1.6
1 1846 1.598
1 970 1.596
1 2225 1.594
1 91 1.594
1 2242 1.592
1 3771 1.592
1 1380 1.59
1 624 1.59
1 1428 1.586
1 209 1.584
1 1707 1.582
1 2069 1.58
1 2081 1.576
1 2582 1.576
1 486 1.572
1 356 1.572
1 944 1.57
1 529 1.566
1 838 1.566
1 1480 1.566
1 6 1.562
1 1681 1.562
1 331 1.56
1 985 1.558
1 206 1.556
1 1623 1.556
1 641 1.552
1 1736 1.552
1 408 1.548
1 1160 1.548
1 922 1.546
1 2280 1.544
1 692 1.544
1 1373 1.542
1 760 1.542
1 1384 1.542
1 2389 1.54
1 33 1.54
1 1121 1.54
1 1201 1.538
1 19 1.536
1 1441 1.536
1 614 1.532
1 3619 1.532
1 923 1.53
1 657 1.53
1 2571 1.53
1 749 1.528
1 2030 1.528
1 237 1.526
1 934 1.526
1 553 1.526
1 414 1.522
1 1131 1.514
1 1644 1.512
1 1052 1.512
1 1148 1.512
1 1355 1.51
1 187 1.51
1 510 1.508
1 68 1.508
1 2017 1.508
1 1346 1.506
1 481 1.504
1 2682 1.504
1 910 1.504
1 1297 1.504
1 1183 1.502
1 213 1.498
1 1025 1.496
1 3705 1.496
1 2427 1.496
1 99 1.494
1 330 1.494
1 1465 1.492
1 139 1.488
1 4 1.486
1 550 1.486
1 1182 1.484
1 1347 1.482
1 766 1.482
1 770 1.482
1 1029 1.482
1 1011 1.482
1 979 1.48
1 720 1.478
1 487 1.476
1 897 1.476
1 3788 1.476
1 1358 1.474
1 108 1.474
1 140 1.474
1 551 1.47
1 379 1.468
1 184 1.468
1 2436 1.468
1 995 1.466
1 517 1.466
1 429 1.464
1 2583 1.464
1 3869 1.464
1 1096 1.464
1 1596 1.462
1 1038 1.462
1 39 1.462
1 2672 1.462
1 3692 1.458
1 1750 1.458
1 1319 1.456
1 3690 1.456
1 2076 1.456
1 611 1.456
1 1972 1.454
1 208 1.454
1 1732 1.454
1 662 1.452
1 768 1.452
1 2618 1.45
1 256 1.446
1 3668 1.446
1 485 1.446
1 654 1.446
1 603 1.446
1 625 1.446
1 441 1.442
1 2068 1.44
1 3689 1.438
1 1395 1.438
1 358 1.434
1 117 1.434
1 2743 1.43
1 1082 1.43
1 104 1.428
1 451 1.428
1 2087 1.428
1 1303 1.428
1 2243 1.426
1 30 1.426
1 2418 1.426
1 1849 1.426
1 899 1.426
1 533 1.422
1 200 1.422
1 1774 1.42
1 1314 1.42
1 607 1.42
1 2597 1.418
1 815 1.416
1 917 1.416
1 745 1.416
1 291 1.416
1 1996 1.414
1 516 1.414
1 44 1.412
1 1661 1.41
1 186 1.41
1 1152 1.408
1 2109 1.408
1 1783 1.408
1 3667 1.408
1 111 1.406
1 885 1.406
1 1120 1.406
1 1014 1.406
1 1156 1.404
1 1129 1.4
1 1037 1.4
1 496 1.4
1 1017 1.398
1 1479 1.396
1 180 1.394
1 1914 1.392
1 302 1.39
1 949 1.39
1 290 1.39
1 1533 1.39
1 746 1.39
1 2008 1.386
1 497 1.386
1 1931 1.384
1 1353 1.384
1 55 1.384
1 2421 1.384
1 771 1.384
1 1304 1.384
1 365 1.384
1 148 1.382
1 2382 1.382
1 321 1.38
1 28 1.38
1 1537 1.38
1 74 1.38
1 642 1.376
1 875 1.376
1 360 1.376
1 1045 1.374
1 1589 1.374
1 1386 1.372
1 1620 1.372
1 1343 1.372
1 65 1.37
1 3823 1.37
1 793 1.37
1 757 1.366
1 2532 1.366
1 1170 1.366
1 2724 1.366
1 1254 1.364
1 1415 1.364
1 283 1.362
1 1099 1.362
1 2945 1.36
1 3785 1.36
1 2591 1.36
1 2461 1.36
1 953 1.358
1 1501 1.358
1 157 1.354
1 245 1.354
1 1813 1.354
1 310 1.354
1 271 1.352
1 1204 1.35
1 605 1.35
1 1454 1.35
1 2416 1.348
1 341 1.348
1 2252 1.348
1 1887 1.348
1 128 1.348
1 527 1.348
1 1950 1.346
1 754 1.346
1 3154 1.346
1 1338 1.346
1 270 1.344
1 287 1.342
1 508 1.342
1 1230 1.34
1 2641 1.34
1 1078 1.338
1 3712 1.336
1 824 1.334
1 259 1.334
1 386 1.334
1 1936 1.334
1 247 1.334
1 233 1.332
1 176 1.332
1 832 1.332
1 1418 1.332
1 2264 1.332
1 2269 1.332
1 2276 1.332
1 896 1.332
1 3735 1.328
1 389 1.328
1 2278 1.328
1 336 1.326
1 1266 1.326
1 2588 1.326
1 1432 1.326
1 293 1.326
1 244 1.326
1 632 1.326
1 343 1.324
1 1804 1.324
1 1411 1.324
1 1528 1.324
1 784 1.324
1 1945 1.324
1 1920 1.322
1 1859 1.322
1 2265 1.322
1 1969 1.32
1 2599 1.32
1 630 1.318
1 492 1.318
1 573 1.318
1 763 1.318
1 1189 1.318
1 509 1.318
1 804 1.316
1 1500 1.316
1 812 1.316
1 1118 1.316
1 3854 1.316
1 1998 1.314
1 1202 1.314
1 94 1.312
1 633 1.31
1 1655 1.31
1 873 1.31
1 874 1.31
1 2268 1.31
1 2022 1.31
1 777 1.31
1 515 1.31
1 311 1.308
1 1967 1.306
1 64 1.306
1 357 1.306
1 1034 1.304
1 2596 1.304
1 661 1.304
1 333 1.304
1 1689 1.304
1 223 1.304
1 710 1.304
1 1854 1.302
1 1009 1.302
1 584 1.302
1 3687 1.302
1 2302 1.302
1 556 1.302
1 1698 1.302
1 168 1.3
1 787 1.3
1 2150 1.3
1 1336 1.3
1 891 1.298
1 21 1.298
1 2127 1.298
1 560 1.298
1 1865 1.298
1 1817 1.298
1 2274 1.296
1 1039 1.296
1 1693 1.296
1 156 1.294
1 937 1.294
1 1376 1.294
1 826 1.294
1 281 1.292
1 2115 1.292
1 1179 1.292
1 3691 1.29
1 278 1.29
1 957 1.29
1 764 1.29
1 2422 1.29
1 2256 1.29
1 214 1.29
1 2645 1.29
1 1193 1.288
1 198 1.288
1 818 1.288
1 300 1.288
1 329 1.286
1 353 1.286
1 1600 1.286
1 1683 1.286
1 1903 1.286
1 1699 1.286
1 3554 1.284
1 1278 1.284
1 905 1.284
1 619 1.284
1 1641 1.284
1 96 1.282
1 269 1.282
1 827 1.282
1 3760 1.282
1 466 1.282
1 189 1.282
1 628 1.282
1 2663 1.28
1 924 1.28
1 3423 1.28
1 458 1.28
1 2155 1.28
1 1678 1.28
1 918 1.28
1 314 1.278
1 106 1.278
1 1018 1.276
1 3248 1.276
1 2844 1.276
1 2128 1.276
1 2070 1.276
1 1459 1.276
1 119 1.276
1 920 1.276
1 420 1.276
1 1474 1.274
1 1519 1.274
1 318 1.274
1 726 1.272
1 1369 1.272
1 1076 1.272
1 2267 1.272
1 3794 1.272
1 2277 1.272
1 2031 1.272
1 80 1.272
1 1675 1.27
1 667 1.27
1 2261 1.27
1 1185 1.27
1 2122 1.27
1 249 1.27
1 273 1.268
1 1496 1.268
1 2410 1.268
1 3752 1.268
1 1253 1.268
1 2254 1.268
1 2756 1.268
1 1626 1.268
1 821 1.266
1 2499 1.266
1 2121 1.266
1 1261 1.266
1 1513 1.266
1 2664 1.264
1 564 1.264
1 629 1.264
1 737 1.262
1 547 1.262
1 1153 1.262
1 1127 1.262
1 2111 1.26
1 131 1.26
1 86 1.26
1 1618 1.258
1 1970 1.258
1 12 1.258
1 1747 1.258
1 1295 1.258
1 230 1.256
1 480 1.256
1 1918 1.256
1 2221 1.256
1 2061 1.256
1 2474 1.256
1 1688 1.254
1 627 1.254
1 2526 1.252
1 1158 1.252
1 2263 1.252
1 134 1.252
1 88 1.252
1 546 1.25
1 738 1.25
1 2406 1.25
1 950 1.25
1 1555 1.25
1 814 1.25
1 3684 1.248
1 2101 1.248
1 530 1.248
1 1361 1.248
1 1560 1.248
1 1332 1.248
1 2097 1.246
1 819 1.246
1 162 1.246
1 2690 1.246
1 178 1.246
1 2253 1.246
1 1423 1.246
1 3802 1.246
1 1032 1.244
1 830 1.244
1 2702 1.244
1 2328 1.244
1 2146 1.244
1 1852 1.244
1 687 1.244
1 2065 1.244
1 806 1.242
1 460 1.242
1 718 1.24
1 1084 1.24
1 1378 1.24
1 1198 1.24
1 2 1.238
1 2210 1.238
1 54 1.238
1 3755 1.238
1 2134 1.238
1 808 1.238
1 3774 1.238
1 2452 1.238
1 1709 1.236
1 1134 1.236
1 540 1.236
1 645 1.236
1 60 1.236
1 471 1.236
1 1851 1.236
1 2271 1.236
1 2455 1.236
1 2463 1.236
1 135 1.236
1 801 1.234
1 1027 1.234
1 1657 1.234
1 2735 1.234
1 713 1.234
1 1246 1.234
1 2771 1.234
1 2272 1.234
1 1786 1.234
1 1715 1.232
1 22 1.232
1 1375 1.232
1 2260 1.232
1 2262 1.232
1 2148 1.232
1 2025 1.232
1 1405 1.23
1 1044 1.23
1 2258 1.23
1 1761 1.23
1 1984 1.228
1 263 1.228
1 2112 1.228
1 1060 1.228
1 1907 1.228
1 1313 1.226
1 339 1.226
1 190 1.226
1 1960 1.226
1 207 1.226
1 1104 1.226
1 1188 1.226
1 32 1.224
1 1679 1.224
1 2697 1.224
1 833 1.224
1 1633 1.224
1 470 1.222
1 61 1.222
1 961 1.222
1 2273 1.222
1 2529 1.22
1 3714 1.22
1 377 1.22
1 1370 1.22
1 342 1.22
1 3826 1.22
1 526 1.22
1 2515 1.22
1 1422 1.218
1 2288 1.218
1 719 1.216
1 98 1.216
1 1485 1.216
1 15 1.216
1 3715 1.216
1 2096 1.216
1 761 1.216
1 1531 1.216
1 3877 1.216
1 1787 1.216
1 2166 1.216
1 1687 1.216
1 1019 1.214
1 677 1.214
1 803 1.214
1 1270 1.214
1 2678 1.214
1 2259 1.214
1 1163 1.214
1 1086 1.214
1 2270 1.214
1 856 1.214
1 1331 1.214
1 3 1.212
1 545 1.212
1 267 1.212
1 2369 1.212
1 505 1.212
1 1621 1.212
1 618 1.212
1 133 1.212
1 535 1.21
1 2332 1.21
1 20 1.21
1 2434 1.21
1 1388 1.21
1 1547 1.21
1 2161 1.21
1 2603 1.21
1 616 1.21
1 1700 1.21
1 1703 1.208
1 2377 1.208
1 1708 1.208
1 1995 1.208
1 261 1.208
1 2013 1.208
1 1055 1.208
1 393 1.208
1 222 1.208
1 225 1.208
1 2310 1.206
1 2307 1.206
1 2736 1.206
1 947 1.206
1 1640 1.206
1 476 1.206
1 440 1.206
1 2063 1.206
1 1559 1.206
1 215 1.206
1 2330 1.204
1 431 1.204
1 2333 1.204
1 1252 1.204
1 2141 1.204
1 2042 1.204
1 1521 1.204
1 359 1.204
1 221 1.204
1 524 1.204
1 1054 1.202
1 1710 1.202
1 447 1.202
1 2689 1.202
1 491 1.202
1 506 1.202
1 2156 1.202
1 1551 1.202
1 861 1.202
1 1737 1.202
1 1344 1.202
1 1016 1.2
1 2120 1.2
1 2058 1.2
1 1368 1.2
1 689 1.2
1 1181 1.2
1 521 1.2
1 2541 1.198
1 1407 1.198
1 2266 1.198
1 956 1.198
1 3666 1.196
1 36 1.196
1 1257 1.196
1 143 1.196
1 2275 1.196
1 2071 1.196
1 1694 1.196
1 1460 1.196
1 1702 1.196
1 1636 1.196
1 1139 1.194
1 103 1.194
1 11 1.194
1 2007 1.194
1 1724 1.194
1 2082 1.194
1 942 1.194
1 2257 1.194
1 2738 1.194
1 1135 1.194
1 1335 1.194
1 136 1.194
1 1493 1.192
1 1714 1.192
1 2113 1.192
1 3742 1.192
1 1508 1.192
1 1372 1.192
1 188 1.192
1 974 1.192
1 863 1.192
1 1239 1.192
1 2518 1.19
1 2519 1.19
1 2102 1.19
1 1030 1.19
1 727 1.19
1 275 1.19
1 1853 1.19
1 173 1.19
1 1298 1.19
1 971 1.19
1 1207 1.19
1 3730 1.19
1 195 1.19
1 1792 1.19
1 3833 1.19
1 912 1.19
1 1119 1.19
1 2488 1.188
1 3168 1.188
1 1360 1.188
1 1771 1.188
1 2586 1.188
1 1884 1.188
1 1392 1.188
1 403 1.188
1 2072 1.188
1 1951 1.186
1 2118 1.186
1 1497 1.186
1 282 1.186
1 399 1.186
1 977 1.186
1 2203 1.186
1 199 1.186
1 3679 1.184
1 2098 1.184
1 2107 1.184
1 1490 1.184
1 2117 1.184
1 2787 1.184
1 3698 1.184
1 1867 1.184
1 183 1.184
1 185 1.184
1 1704 1.182
1 1651 1.182
1 2584 1.182
1 1330 1.182
1 2124 1.182
1 1184 1.182
1 419 1.182
1 2505 1.18
1 1064 1.18
1 1394 1.18
1 1339 1.18
1 807 1.178
1 608 1.178
1 1492 1.178
1 1047 1.178
1 2535 1.178
1 2123 1.178
1 27 1.178
1 3754 1.178
1 2147 1.178
1 2060 1.178
1 409 1.178
1 1798 1.178
1 1292 1.178
1 2083 1.178
1 674 1.178
1 1316 1.176
1 2534 1.176
1 894 1.176
1 733 1.176
1 2009 1.176
1 276 1.176
1 445 1.176
1 1363 1.176
1 1975 1.176
1 1105 1.176
1 2791 1.176
1 69 1.176
1 1593 1.176
1 1382 1.176
1 2476 1.176
1 623 1.176
1 705 1.176
1 146 1.174
1 2489 1.174
1 1381 1.174
1 1091 1.174
1 2064 1.174
1 1103 1.174
1 604 1.174
1 1293 1.174
1 2630 1.174
1 2173 1.174
1 297 1.174
1 1123 1.174
1 1499 1.172
1 1063 1.172
1 1570 1.172
1 1248 1.172
1 565 1.172
1 1379 1.172
1 1383 1.172
1 2114 1.17
1 1886 1.17
1 1265 1.17
1 2091 1.17
1 2313 1.17
1 1436 1.17
1 1674 1.17
1 424 1.168
1 586 1.168
1 1393 1.168
1 1794 1.168
1 1342 1.168
1 799 1.168
1 2215 1.166
1 729 1.166
1 2003 1.166
1 1240 1.166
1 559 1.166
1 29 1.166
1 2906 1.166
1 3761 1.166
1 1083 1.166
1 592 1.166
1 2059 1.166
1 2341 1.166
1 1682 1.166
1 1764 1.166
1 2084 1.166
1 653 1.166
1 228 1.166
1 2490 1.164
1 731 1.164
1 2768 1.164
1 736 1.164
1 1773 1.164
1 2304 1.164
1 42 1.164
1 2255 1.164
1 67 1.164
1 876 1.164
1 1543 1.164
1 1098 1.164
1 858 1.164
1 1791 1.164
1 1446 1.164
1 212 1.164
1 251 1.164
1 835 1.164
1 465 1.164
1 3553 1.164
1 1706 1.162
1 1942 1.162
1 1716 1.162
1 1349 1.162
1 734 1.162
1 385 1.162
1 1482 1.162
1 1579 1.162
1 839 1.162
1 352 1.162
1 1677 1.162
1 778 1.162
1 1803 1.162
1 1003 1.162
1 2090 1.162
1 946 1.162
1 2483 1.162
1 1643 1.16
1 1434 1.16
1 588 1.16
1 499 1.16
1 1390 1.16
1 2334 1.16
1 1561 1.16
1 1475 1.158
1 2381 1.158
1 2551 1.158
1 1739 1.158
1 1377 1.158
1 2153 1.158
1 1776 1.158
1 2342 1.158
1 2074 1.158
1 2453 1.158
1 294 1.158
1 1690 1.158
1 236 1.156
1 2621 1.156
1 2004 1.156
1 2005 1.156
1 999 1.156
1 2119 1.156
1 2367 1.156
1 748 1.156
1 752 1.156
1 1502 1.156
1 759 1.156
1 2251 1.156
1 2142 1.156
1 809 1.156
1 2435 1.156
1 696 1.156
1 2717 1.156
1 1695 1.156
1 2105 1.154
1 2108 1.154
1 2500 1.154
1 1145 1.154
1 1435 1.154
1 2728 1.154
1 3643 1.154
1 913 1.154
1 2884 1.154
1 1481 1.154
1 1419 1.152
1 312 1.152
1 2644 1.152
1 2737 1.152
1 2299 1.152
1 688 1.152
1 400 1.152
1 1101 1.152
1 1115 1.152
1 914 1.152
1 1050 1.15
1 1830 1.15
1 3289 1.15
1 2130 1.15
1 567 1.15
1 585 1.15
1 712 1.148
1 1473 1.148
1 2103 1.148
1 5 1.148
1 2104 1.148
1 2110 1.148
1 17 1.148
1 740 1.148
1 23 1.148
1 1507 1.148
1 3166 1.148
1 3724 1.148
1 2482 1.148
1 1026 1.146
1 2492 1.146
1 541 1.146
1 367 1.146
1 3172 1.146
1 652 1.146
1 2129 1.146
1 659 1.146
1 380 1.146
1 3445 1.146
1 870 1.146
1 3583 1.146
1 1277 1.146
1 513 1.146
1 1107 1.146
1 1002 1.146
1 1692 1.146
1 703 1.146
1 1645 1.144
1 435 1.144
1 1860 1.144
1 317 1.144
1 1568 1.144
1 3375 1.144
1 1979 1.144
1 2293 1.144
1 350 1.144
1 191 1.144
1 1458 1.144
1 2686 1.144
1 227 1.144
1 428 1.142
1 1711 1.142
1 1031 1.142
1 436 1.142
1 2234 1.142
1 744 1.142
1 887 1.142
1 338 1.142
1 968 1.142
1 3584 1.142
1 2067 1.142
1 2344 1.142
1 1450 1.142
1 782 1.142
1 2517 1.142
1 220 1.142
1 1909 1.142
1 707 1.142
1 2481 1.142
1 1653 1.14
1 2536 1.14
1 743 1.14
1 50 1.14
1 945 1.14
1 2570 1.14
1 1068 1.14
1 1374 1.14
1 3828 1.14
1 2329 1.14
1 2445 1.14
1 1563 1.14
1 1629 1.14
1 2085 1.14
1 2944 1.138
1 234 1.138
1 717 1.138
1 1892 1.138
1 2498 1.138
1 438 1.138
1 2733 1.138
1 561 1.138
1 1583 1.138
1 843 1.138
1 850 1.138
1 2056 1.138
1 2325 1.138
1 893 1.138
1 2016 1.138
1 2337 1.138
1 1285 1.138
1 125 1.138
1 2079 1.138
1 1696 1.138
1 1122 1.138
1 2202 1.138
1 1712 1.136
1 1948 1.136
1 2595 1.136
1 2563 1.136
1 2373 1.136
1 755 1.136
1 286 1.136
1 1071 1.136
1 762 1.136
1 3585 1.136
1 2144 1.136
1 1756 1.136
1 2066 1.136
1 3696 1.136
1 2509 1.136
1 798 1.136
1 2099 1.134
1 432 1.134
1 1488 1.134
1 1489 1.134
1 2011 1.134
1 16 1.134
1 1126 1.134
1 2400 1.134
1 2370 1.134
1 3673 1.134
1 842 1.134
1 3586 1.134
1 2324 1.134
1 2327 1.134
1 507 1.134
1 1782 1.134
1 2077 1.134
1 1805 1.134
1 2466 1.134
1 1518 1.132
1 732 1.132
1 2501 1.132
1 2233 1.132
1 1514 1.132
1 37 1.132
1 2303 1.132
1 2189 1.132
1 3625 1.132
1 860 1.132
1 2450 1.132
1 292 1.132
1 2491 1.13
1 1842 1.13
1 2224 1.13
1 933 1.13
1 2089 1.13
1 881 1.13
1 1402 1.13
1 1738 1.13
1 462 1.13
1 2713 1.13
1 772 1.13
1 479 1.13
1 847 1.13
1 3158 1.13
1 1442 1.13
1 1691 1.13
1 3850 1.13
1 2649 1.128
1 100 1.128
1 3708 1.128
1 2125 1.128
1 750 1.128
1 1863 1.128
1 2308 1.128
1 1524 1.128
1 849 1.128
1 1387 1.128
1 852 1.128
1 2055 1.128
1 1685 1.128
1 1558 1.128
1 218 1.128
1 93 1.128
1 1175 1.126
1 1291 1.126
1 3710 1.126
1 648 1.126
1 1953 1.126
1 2012 1.126
1 1238 1.126
1 2298 1.126
1 463 1.126
1 2305 1.126
1 1876 1.126
1 2316 1.126
1 3732 1.126
1 698 1.126
1 1680 1.126
1 865 1.126
1 1219 1.126
1 2345 1.126
1 2078 1.126
1 494 1.126
1 1301 1.126
1 790 1.126
1 2201 1.126
1 1933 1.124
1 1140 1.124
1 825 1.124
1 2695 1.124
1 747 1.124
1 1155 1.124
1 1869 1.124
1 690 1.124
1 2626 1.124
1 2479 1.124
1 255 1.124
1 2100 1.122
1 1174 1.122
1 1946 1.122
1 165 1.122
1 656 1.122
1 3725 1.122
1 47 1.122
1 493 1.122
1 1572 1.122
1 51 1.122
1 3790 1.122
1 1371 1.122
1 2184 1.122
1 2185 1.122
1 396 1.122
1 2192 1.122
1 684 1.122
1 1648 1.122
1 1765 1.122
1 1396 1.122
1 407 1.122
1 602 1.122
1 124 1.122
1 2080 1.122
1 2034 1.122
1 3677 1.122
1 426 1.12
1 1228 1.12
1 2502 1.12
1 2398 1.12
1 1921 1.12
1 2704 1.12
1 2376 1.12
1 1603 1.12
1 1195 1.12
1 1642 1.12
1 1686 1.12
1 2175 1.12
1 2628 1.12
1 260 1.118
1 102 1.118
1 2503 1.118
1 2010 1.118
1 1237 1.118
1 724 1.118
1 3599 1.118
1 2721 1.118
1 973 1.118
1 2057 1.118
1 3803 1.118
1 1215 1.118
1 2347 1.118
1 3680 1.116
1 2000 1.116
1 1356 1.116
1 2688 1.116
1 1665 1.116
1 2507 1.116
1 2126 1.116
1 450 1.116
1 959 1.116
1 569 1.116
1 1582 1.116
1 1409 1.116
1 468 1.116
1 2294 1.116
1 3797 1.116
1 1611 1.116
1 1684 1.116
1 2633 1.116
1 1308 1.116
1 2484 1.114
1 1225 1.114
1 3717 1.114
1 1364 1.114
1 2687 1.114
1 2567 1.114
1 1581 1.114
1 570 1.114
1 2183 1.114
1 969 1.114
1 589 1.114
1 2062 1.114
1 1898 1.114
1 1614 1.114
1 2616 1.114
1 2346 1.114
1 3700 1.114
1 130 1.114
1 2855 1.114
1 364 1.114
1 1469 1.114
1 2931 1.114
1 723 1.112
1 1664 1.112
1 1354 1.112
1 2116 1.112
1 14 1.112
1 1770 1.112
1 3386 1.112
1 25 1.112
1 566 1.112
1 769 1.112
1 138 1.112
1 1166 1.112
1 2338 1.112
1 241 1.112
1 1114 1.112
1 2053 1.11
1 2497 1.11
1 1848 1.11
1 2561 1.11
1 1510 1.11
1 1506 1.11
1 767 1.11
1 2186 1.11
1 2286 1.11
1 678 1.11
1 2171 1.11
1 3587 1.11
1 142 1.11
1 975 1.11
1 3626 1.11
1 1795 1.11
1 867 1.11
1 1800 1.11
1 216 1.11
1 217 1.11
1 788 1.11
1 1825 1.108
1 2493 1.108
1 1137 1.108
1 101 1.108
1 483 1.108
1 2666 1.108
1 2667 1.108
1 1952 1.108
1 1956 1.108
1 2401 1.108
1 284 1.108
1 3770 1.108
1 1535 1.108
1 1085 1.108
1 3671 1.108
1 694 1.108
1 1789 1.108
1 1613 1.108
1 2139 1.108
1 1187 1.108
1 2473 1.108
1 1000 1.108
1 2812 1.108
1 3831 1.108
1 1310 1.108
1 3739 1.108
1 1705 1.106
1 1130 1.106
1 2038 1.106
1 919 1.106
1 3701 1.106
1 1144 1.106
1 443 1.106
1 558 1.106
1 1866 1.106
1 1873 1.106
1 1986 1.106
1 2320 1.106
1 3829 1.106
1 1389 1.106
1 1604 1.106
1 1788 1.106
1 780 1.106
1 3875 1.106
1 229 1.104
1 1947 1.104
1 2623 1.104
1 1843 1.104
1 488 1.104
1 1146 1.104
1 3397 1.104
1 1924 1.104
1 2734 1.104
1 3736 1.104
1 2182 1.104
1 673 1.104
1 66 1.104
1 2725 1.104
1 972 1.104
1 1177 1.104
1 1775 1.104
1 2160 1.104
1 699 1.104
1 993 1.104
1 2352 1.104
1 2560 1.104
1 795 1.104
1 1912 1.104
1 3868 1.104
1 639 1.102
1 3097 1.102
1 1961 1.102
1 1567 1.102
1 954 1.102
1 2283 1.102
1 765 1.102
1 1588 1.102
1 2187 1.102
1 2312 1.102
1 1594 1.102
1 3670 1.102
1 2576 1.102
1 1608 1.102
1 1609 1.102
1 902 1.102
1 211 1.102
1 2477 1.102
1 2511 1.102
1 1013 1.102
1 1701 1.102
1 531 1.102
1 232 1.1
1 1133 1.1
1 2530 1.1
1 1023 1.1
1 2241 1.1
1 1191 1.1
1 1669 1.1
1 2566 1.1
1 174 1.1
1 888 1.1
1 177 1.1
1 477 1.1
1 845 1.1
1 2317 1.1
1 1881 1.1
1 1089 1.1
1 854 1.1
1 1606 1.1
1 1282 1.1
1 900 1.1
1 1421 1.1
1 3632 1.1
1 1333 1.1
1 2198 1.1
1 2513 1.1
1 3852 1.1
1 1209 1.098
1 308 1.098
1 1827 1.098
1 544 1.098
1 2239 1.098
1 3729 1.098
1 161 1.098
1 3215 1.098
1 3777 1.098
1 164 1.098
1 2397 1.098
1 2506 1.098
1 3323 1.098
1 739 1.098
1 448 1.098
1 1927 1.098
1 1585 1.098
1 2289 1.098
1 2291 1.098
1 1602 1.098
1 2322 1.098
1 3613 1.098
1 691 1.098
1 1276 1.098
1 855 1.098
1 3622 1.098
1 2331 1.098
1 984 1.098
1 986 1.098
1 3818 1.098
1 868 1.098
1 1760 1.098
1 518 1.098
1 1461 1.098
1 1296 1.098
1 2485 1.096
1 802 1.096
1 2487 1.096
1 538 1.096
1 1838 1.096
1 1959 1.096
1 3723 1.096
1 24 1.096
1 2086 1.096
1 1976 1.096
1 1073 1.096
1 2575 1.096
1 1744 1.096
1 1520 1.096
1 840 1.096
1 844 1.096
1 2193 1.096
1 73 1.096
1 1597 1.096
1 3789 1.096
1 877 1.096
1 1217 1.096
1 2612 1.096
1 3699 1.096
1 2195 1.096
1 631 1.096
1 2522 1.094
1 1057 1.094
1 264 1.094
1 2496 1.094
1 2001 1.094
1 822 1.094
1 1844 1.094
1 2014 1.094
1 1923 1.094
1 563 1.094
1 2296 1.094
1 2279 1.094
1 58 1.094
1 758 1.094
1 289 1.094
1 464 1.094
1 41 1.094
1 2290 1.094
1 1755 1.094
1 1087 1.094
1 1092 1.094
1 1275 1.094
1 3800 1.094
1 1790 1.094
1 2159 1.094
1 988 1.094
1 601 1.094
1 412 1.094
1 514 1.094
1 1617 1.094
1 1762 1.094
1 1763 1.094
1 2783 1.094
1 2106 1.092
1 1573 1.092
1 1576 1.092
1 459 1.092
1 2581 1.092
1 2137 1.092
1 2287 1.092
1 1264 1.092
1 3871 1.092
1 2339 1.092
1 783 1.092
1 1457 1.092
1 1008 1.092
1 1311 1.092
1 3843 1.092
1 532 1.09
1 638 1.09
1 2653 1.09
1 1999 1.09
1 1944 1.09
1 1658 1.09
1 163 1.09
1 444 1.09
1 169 1.09
1 279 1.09
1 2402 1.09
1 1962 1.09
1 883 1.09
1 2786 1.09
1 1577 1.09
1 2297 1.09
1 2131 1.09
1 461 1.09
1 3556 1.09
1 1256 1.09
1 1587 1.09
1 2188 1.09
1 2314 1.09
1 581 1.09
1 2729 1.09
1 3859 1.09
1 3075 1.09
1 77 1.09
1 595 1.09
1 866 1.09
1 210 1.09
1 240 1.09
1 361 1.09
1 3614 1.09
1 1309 1.09
1 3738 1.09
1 418 1.09
1 634 1.088
1 636 1.088
1 1318 1.088
1 730 1.088
1 820 1.088
1 1922 1.088
1 2363 1.088
1 172 1.088
1 2364 1.088
1 1941 1.088
1 889 1.088
1 2300 1.088
1 3765 1.088
1 2284 1.088
1 2424 1.088
1 2742 1.088
1 2315 1.088
1 1540 1.088
1 591 1.088
1 879 1.088
1 3624 1.088
1 2471 1.088
1 794 1.088
1 2480 1.088
1 3329 1.088
1 3678 1.088
1 97 1.086
1 149 1.086
1 811 1.086
1 1729 1.086
1 154 1.086
1 1214 1.086
1 1348 1.086
1 728 1.086
1 817 1.086
1 3548 1.086
1 1231 1.086
1 320 1.086
1 2680 1.086
1 741 1.086
1 1366 1.086
1 3440 1.086
1 452 1.086
1 2093 1.086
1 2374 1.086
1 59 1.086
1 63 1.086
1 1647 1.086
1 978 1.086
1 2152 1.086
1 857 1.086
1 1546 1.086
1 862 1.086
1 1287 1.086
1 1186 1.086
1 1334 1.086
1 1456 1.086
1 1302 1.086
1 3682 1.086
1 1718 1.086
1 2486 1.084
1 1056 1.084
1 2993 1.084
1 1036 1.084
1 1222 1.084
1 1958 1.084
1 1968 1.084
1 1250 1.084
1 3519 1.084
1 2285 1.084
1 1590 1.084
1 1985 1.084
1 2326 1.084
1 864 1.084
1 1796 1.084
1 1797 1.084
1 1327 1.084
1 1453 1.084
1 786 1.084
1 84 1.084
1 1916 1.082
1 1823 1.082
1 1727 1.082
1 1212 1.082
1 2404 1.082
1 3549 1.082
1 1954 1.082
1 931 1.082
1 325 1.082
1 562 1.082
1 869 1.082
1 3527 1.082
1 3744 1.082
1 3791 1.082
1 576 1.082
1 394 1.082
1 1260 1.082
1 2190 1.082
1 2318 1.082
1 2321 1.082
1 1883 1.082
1 851 1.082
1 355 1.082
1 1607 1.082
1 2748 1.082
1 405 1.082
1 2336 1.082
1 2073 1.082
1 2722 1.082
1 1111 1.082
1 1816 1.082
1 2784 1.08
1 2658 1.08
1 2495 1.08
1 2620 1.08
1 1227 1.08
1 1840 1.08
1 1845 1.08
1 1937 1.08
1 2508 1.08
1 3518 1.08
1 2362 1.08
1 2366 1.08
1 2696 1.08
1 2371 1.08
1 2194 1.08
1 3827 1.08
1 1433 1.08
1 593 1.08
1 3814 1.08
1 2018 1.08
1 1200 1.08
1 1445 1.08
1 1325 1.08
1 2819 1.08
1 246 1.08
1 1814 1.08
1 1630 1.08
1 250 1.08
1 2199 1.08
1 3846 1.08
1 1051 1.078
1 155 1.078
1 1042 1.078
1 1357 1.078
1 1919 1.078
1 2555 1.078
1 1929 1.078
1 1971 1.078
1 3506 1.078
1 663 1.078
1 1259 1.078
1 841 1.078
1 72 1.078
1 3595 1.078
1 1991 1.078
1 1438 1.078
1 2335 1.078
1 599 1.078
1 1216 1.078
1 781 1.078
1 2777 1.078
1 2350 1.078
1 2792 1.078
1 82 1.078
1 1811 1.078
1 2782 1.078
1 1340 1.078
1 3847 1.078
1 303 1.076
1 2652 1.076
1 1997 1.076
1 2238 1.076
1 2405 1.076
1 370 1.076
1 2006 1.076
1 2504 1.076
1 1232 1.076
1 742 1.076
1 2220 1.076
1 1574 1.076
1 1251 1.076
1 1578 1.076
1 2670 1.076
1 2740 1.076
1 1591 1.076
1 500 1.076
1 1612 1.076
1 113 1.076
1 1793 1.076
1 2343 1.076
1 3820 1.076
1 3294 1.076
1 2685 1.076
1 299 1.076
1 92 1.076
1 711 1.076
1 3849 1.076
1 2785 1.074
1 725 1.074
1 316 1.074
1 266 1.074
1 925 1.074
1 1955 1.074
1 1957 1.074
1 1365 1.074
1 449 1.074
1 3611 1.074
1 2368 1.074
1 1504 1.074
1 1159 1.074
1 1977 1.074
1 1072 1.074
1 1517 1.074
1 3562 1.074
1 392 1.074
1 1592 1.074
1 1595 1.074
1 1983 1.074
1 2590 1.074
1 1601 1.074
1 1429 1.074
1 2149 1.074
1 1431 1.074
1 2752 1.074
1 1777 1.074
1 3159 1.074
1 1100 1.074
1 120 1.074
1 1802 1.074
1 2751 1.074
1 1470 1.074
1 1053 1.072
1 2770 1.072
1 1632 1.072
1 1654 1.072
1 3704 1.072
1 484 1.072
1 166 1.072
1 2365 1.072
1 3726 1.072
1 3612 1.072
1 2206 1.072
1 382 1.072
1 3555 1.072
1 2181 1.072
1 397 1.072
1 3656 1.072
1 193 1.072
1 1430 1.072
1 880 1.072
1 2754 1.072
1 1901 1.072
1 907 1.072
1 3654 1.072
1 1628 1.072
1 1337 1.072
1 3676 1.072
1 706 1.072
1 1719 1.072
1 1639 1.07
1 3681 1.07
1 1725 1.07
1 1834 1.07
1 2775 1.07
1 882 1.07
1 1964 1.07
1 1965 1.07
1 1974 1.07
1 2572 1.07
1 2180 1.07
1 2319 1.07
1 1172 1.07
1 1992 1.07
1 982 1.07
1 1610 1.07
1 987 1.07
1 1180 1.07
1 990 1.07
1 1218 1.07
1 2769 1.07
1 1323 1.07
1 2169 1.07
1 1328 1.07
1 127 1.07
1 3695 1.07
1 219 1.07
1 83 1.07
1 3651 1.07
1 224 1.07
1 796 1.07
1 1913 1.07
1 2360 1.07
1 1125 1.07
1 1721 1.068
1 1403 1.068
1 644 1.068
1 2393 1.068
1 1939 1.068
1 1565 1.068
1 328 1.068
1 2569 1.068
1 1575 1.068
1 2309 1.068
1 2425 1.068
1 2143 1.068
1 3781 1.068
1 347 1.068
1 3784 1.068
1 1598 1.068
1 1426 1.068
1 3804 1.068
1 1778 1.068
1 1556 1.068
1 3652 1.068
1 2168 1.068
1 2032 1.068
1 1300 1.068
1 3837 1.068
1 1820 1.068
1 1206 1.066
1 2384 1.066
1 3103 1.066
1 2002 1.066
1 2624 1.066
1 167 1.066
1 1769 1.066
1 1926 1.066
1 1856 1.066
1 1966 1.066
1 56 1.066
1 1668 1.066
1 1599 1.066
1 2432 1.066
1 1443 1.066
1 3456 1.066
1 2349 1.066
1 2634 1.066
1 2781 1.066
1 2178 1.066
1 2693 1.066
1 2750 1.066
1 2478 1.066
1 2357 1.066
1 709 1.066
1 714 1.064
1 1020 1.064
1 313 1.064
1 2386 1.064
1 160 1.064
1 2394 1.064
1 735 1.064
1 650 1.064
1 1235 1.064
1 574 1.064
1 2311 1.064
1 1525 1.064
1 3655 1.064
1 2191 1.064
1 1417 1.064
1 478 1.064
1 1877 1.064
1 2292 1.064
1 1989 1.064
1 853 1.064
1 890 1.064
1 983 1.064
1 1780 1.064
1 1320 1.064
1 1554 1.064
1 1221 1.064
1 1324 1.064
1 3653 1.064
1 2454 1.064
1 1001 1.064
1 2351 1.064
1 2036 1.064
1 702 1.064
1 522 1.064
1 1007 1.064
1 2749 1.064
1 2694 1.064
1 3236 1.064
1 3845 1.064
1 3873 1.064
1 3870 1.064
1 1 1.062
1 1049 1.062
1 1824 1.062
1 2216 1.062
1 1649 1.062
1 542 1.062
1 265 1.062
1 159 1.062
1 2457 1.062
1 646 1.062
1 2548 1.062
1 1850 1.062
1 324 1.062
1 376 1.062
1 1772 1.062
1 2247 1.062
1 381 1.062
1 2209 1.062
1 3718 1.062
1 2375 1.062
1 2301 1.062
1 1584 1.062
1 391 1.062
1 1586 1.062
1 1080 1.062
1 1753 1.062
1 144 1.062
1 1882 1.062
1 2019 1.062
1 1283 1.062
1 1081 1.062
1 2472 1.062
1 909 1.062
1 615 1.062
1 2632 1.062
1 2035 1.062
1 362 1.062
1 85 1.062
1 2512 1.062
1 1717 1.062
1 2520 1.06
1 2380 1.06
1 1829 1.06
1 3756 1.06
1 3728 1.06
1 2531 1.06
1 1949 1.06
1 2395 1.06
1 3734 1.06
1 1659 1.06
1 2403 1.06
1 2407 1.06
1 1242 1.06
1 2211 1.06
1 2372 1.06
1 2705 1.06
1 1740 1.06
1 2675 1.06
1 1523 1.06
1 579 1.06
1 70 1.06
1 3773 1.06
1 1982 1.06
1 1879 1.06
1 1269 1.06
1 2592 1.06
1 3593 1.06
1 3731 1.06
1 75 1.06
1 197 1.06
1 1280 1.06
1 512 1.06
1 411 1.06
1 2780 1.06
1 2779 1.06
1 3824 1.06
1 1006 1.06
1 1306 1.06
1 3832 1.06
1 2475 1.06
1 2859 1.06
1 3848 1.06
1 3851 1.06
1 304 1.058
1 423 1.058
1 1723 1.058
1 3694 1.058
1 2660 1.058
1 158 1.058
1 2240 1.058
1 442 1.058
1 2550 1.058
1 1147 1.058
1 1362 1.058
1 828 1.058
1 171 1.058
1 2510 1.058
1 2573 1.058
1 1580 1.058
1 2558 1.058
1 2711 1.058
1 3721 1.058
1 3716 1.058
1 583 1.058
1 1878 1.058
1 141 1.058
1 1885 1.058
1 3795 1.058
1 502 1.058
1 1888 1.058
1 503 1.058
1 2753 1.058
1 859 1.058
1 2763 1.058
1 114 1.058
1 1615 1.058
1 1286 1.058
1 1616 1.058
1 3722 1.058
1 1557 1.058
1 1294 1.058
1 3645 1.058
1 1627 1.058
1 1005 1.058
1 523 1.058
1 2514 1.058
1 1638 1.058
1 145 1.056
1 1822 1.056
1 147 1.056
1 306 1.056
1 3776 1.056
1 1210 1.056
1 3686 1.056
1 2385 1.056
1 3780 1.056
1 3741 1.056
1 1404 1.056
1 1142 1.056
1 2547 1.056
1 3811 1.056
1 557 1.056
1 1061 1.056
1 2248 1.056
1 2207 1.056
1 2219 1.056
1 1731 1.056
1 3648 1.056
1 2524 1.056
1 2417 1.056
1 1164 1.056
1 955 1.056
1 2710 1.056
1 388 1.056
1 3759 1.056
1 960 1.056
1 2133 1.056
1 1413 1.056
1 680 1.056
1 1752 1.056
1 1267 1.056
1 76 1.056
1 2602 1.056
1 1437 1.056
1 2162 1.056
1 3816 1.056
1 2773 1.056
1 906 1.056
1 1905 1.056
1 3822 1.056
1 415 1.056
1 620 1.056
1 1305 1.056
1 1468 1.056
1 257 1.054
1 3798 1.054
1 153 1.054
1 434 1.054
1 2391 1.054
1 3706 1.054
1 1839 1.054
1 1040 1.054
1 1660 1.054
1 323 1.054
1 374 1.054
1 2684 1.054
1 1928 1.054
1 1676 1.054
1 2204 1.054
1 3733 1.054
1 2046 1.054
1 660 1.054
1 2698 1.054
1 1662 1.054
1 454 1.054
1 3751 1.054
1 285 1.054
1 1515 1.054
1 2306 1.054
1 1075 1.054
1 3569 1.054
1 1871 1.054
1 1414 1.054
1 1526 1.054
1 1263 1.054
1 1981 1.054
1 2430 1.054
1 1168 1.054
1 1169 1.054
1 1759 1.054
1 1988 1.054
1 2594 1.054
1 501 1.054
1 2438 1.054
1 116 1.054
1 1448 1.054
1 609 1.054
1 1455 1.054
1 520 1.054
1 1812 1.054
1 2635 1.054
1 1908 1.054
1 3662 1.054
1 87 1.054
1 1672 1.054
1 1911 1.054
1 708 1.054
1 3838 1.054
1 1722 1.052
1 1021 1.052
1 1826 1.052
1 2731 1.052
1 150 1.052
1 3563 1.052
1 2383 1.052
1 1940 1.052
1 3693 1.052
1 2494 1.052
1 368 1.052
1 2392 1.052
1 2546 1.052
1 647 1.052
1 1046 1.052
1 2557 1.052
1 938 1.052
1 1963 1.052
1 2250 1.052
1 2208 1.052
1 3782 1.052
1 2232 1.052
1 1157 1.052
1 1401 1.052
1 1862 1.052
1 2095 1.052
1 3757 1.052
1 2420 1.052
1 958 1.052
1 1516 1.052
1 670 1.052
1 1255 1.052
1 3574 1.052
1 683 1.052
1 582 1.052
1 1167 1.052
1 1880 1.052
1 1987 1.052
1 2323 1.052
1 1895 1.052
1 1767 1.052
1 2440 1.052
1 1097 1.052
1 404 1.052
1 895 1.052
1 1281 1.052
1 202 1.052
1 1197 1.052
1 1549 1.052
1 2020 1.052
1 1102 1.052
1 1106 1.052
1 2027 1.052
1 1109 1.052
1 1622 1.052
1 2778 1.052
1 908 1.052
1 3566 1.052
1 1906 1.052
1 2790 1.052
1 1299 1.052
1 363 1.052
1 3697 1.052
1 3857 1.052
1 622 1.052
1 2356 1.052
1 3763 1.052
1 3835 1.052
1 2643 1.052
1 2707 1.052
1 1048 1.052
1 1312 1.052
1 3840 1.052
1 1208 1.05
1 2521 1.05
1 1478 1.05
1 721 1.05
1 1934 1.05
1 2656 1.05
1 2226 1.05
1 1136 1.05
1 482 1.05
1 3707 1.05
1 2625 1.05
1 2542 1.05
1 2668 1.05
1 2549 1.05
1 1667 1.05
1 1938 1.05
1 829 1.05
1 655 1.05
1 658 1.05
1 837 1.05
1 1154 1.05
1 884 1.05
1 2411 1.05
1 2231 1.05
1 2412 1.05
1 1734 1.05
1 383 1.05
1 665 1.05
1 3520 1.05
1 1861 1.05
1 871 1.05
1 2669 1.05
1 3703 1.05
1 3565 1.05
1 181 1.05
1 2423 1.05
1 963 1.05
1 1870 1.05
1 578 1.05
1 1530 1.05
1 1534 1.05
1 1268 1.05
1 3589 1.05
1 354 1.05
1 1990 1.05
1 3618 1.05
1 1192 1.05
1 1891 1.05
1 2609 1.05
1 1894 1.05
1 2443 1.05
1 3813 1.05
1 1900 1.05
1 3747 1.05
1 2165 1.05
1 2469 1.05
1 2776 1.05
1 997 1.05
1 2637 1.05
1 2638 1.05
1 3644 1.05
1 2462 1.05
1 3025 1.05
1 132 1.05
1 90 1.05
1 2359 1.05
1 1785 1.05
1 1819 1.05
1 800 1.05
1 2051 1.05
1 2052 1.05
1 2554 1.048
1 2730 1.048
1 2651 1.048
1 2523 1.048
1 151 1.048
1 1211 1.048
1 1024 1.048
1 1213 1.048
1 1059 1.048
1 1483 1.048
1 2387 1.048
1 2659 1.048
1 433 1.048
1 643 1.048
1 2235 1.048
1 3713 1.048
1 280 1.048
1 2245 1.048
1 2565 1.048
1 1503 1.048
1 943 1.048
1 2281 1.048
1 335 1.048
1 1067 1.048
1 1512 1.048
1 337 1.048
1 2709 1.048
1 1930 1.048
1 2419 1.048
1 1808 1.048
1 2574 1.048
1 1864 1.048
1 390 1.048
1 2671 1.048
1 2135 1.048
1 2674 1.048
1 1745 1.048
1 3572 1.048
1 2140 1.048
1 679 1.048
1 2605 1.048
1 71 1.048
1 1420 1.048
1 2431 1.048
1 686 1.048
1 1271 1.048
1 2598 1.048
1 3596 1.048
1 1190 1.048
1 1194 1.048
1 2441 1.048
1 695 1.048
1 3629 1.048
1 1444 1.048
1 1553 1.048
1 2024 1.048
1 413 1.048
1 122 1.048
1 1452 1.048
1 998 1.048
1 701 1.048
1 2465 1.048
1 1464 1.048
1 2200 1.048
1 3672 1.048
1 1915 1.048
1 3878 1.048
1 635 1.046
1 1477 1.046
1 1652 1.046
1 3165 1.046
1 2390 1.046
1 272 1.046
1 1234 1.046
1 446 1.046
1 1367 1.046
1 1472 1.046
1 1935 1.046
1 48 1.046
1 941 1.046
1 3711 1.046
1 1247 1.046
1 2158 1.046
1 1161 1.046
1 1406 1.046
1 3551 1.046
1 1408 1.046
1 2712 1.046
1 1742 1.046
1 2138 1.046
1 1262 1.046
1 3769 1.046
1 1527 1.046
1 2437 1.046
1 1889 1.046
1 504 1.046
1 2606 1.046
1 892 1.046
1 1279 1.046
1 598 1.046
1 1781 1.046
1 1897 1.046
1 898 1.046
1 1550 1.046
1 904 1.046
1 994 1.046
1 2213 1.046
1 1624 1.046
1 2033 1.046
1 519 1.046
1 2361 1.046
1 3675 1.046
1 1815 1.046
1 2040 1.046
1 253 1.046
1 137 1.046
1 3839 1.046
1 3841 1.046
1 3842 1.046
1 3879 1.046
1 1720 1.044
1 1315 1.044
1 258 1.044
1 637 1.044
1 427 1.044
1 2223 1.044
1 2761 1.044
1 1728 1.044
1 2527 1.044
1 3779 1.044
1 3160 1.044
1 1487 1.044
1 2539 1.044
1 2458 1.044
1 2396 1.044
1 649 1.044
1 2544 1.044
1 1236 1.044
1 3669 1.044
1 2246 1.044
1 836 1.044
1 3683 1.044
1 886 1.044
1 3750 1.044
1 2703 1.044
1 1511 1.044
1 666 1.044
1 672 1.044
1 962 1.044
1 3783 1.044
1 965 1.044
1 2719 1.044
1 1416 1.044
1 3772 1.044
1 3588 1.044
1 1758 1.044
1 1538 1.044
1 587 1.044
1 1088 1.044
1 1171 1.044
1 976 1.044
1 1090 1.044
1 3796 1.044
1 3634 1.044
1 1439 1.044
1 1196 1.044
1 1440 1.044
1 2611 1.044
1 2613 1.044
1 3630 1.044
1 901 1.044
1 2468 1.044
1 2451 1.044
1 2026 1.044
1 3641 1.044
1 2789 1.044
1 3646 1.044
1 1116 1.044
1 2179 1.044
1 3660 1.044
1 2039 1.044
1 704 1.044
1 1910 1.044
1 1466 1.044
1 2358 1.044
1 1467 1.044
1 2050 1.044
1 2553 1.044
1 3855 1.044
1 2647 1.042
1 422 1.042
1 1447 1.042
1 534 1.042
1 425 1.042
1 3745 1.042
1 1726 1.042
1 2732 1.042
1 1828 1.042
1 3740 1.042
1 640 1.042
1 1226 1.042
1 3169 1.042
1 268 1.042
1 2537 1.042
1 1486 1.042
1 2774 1.042
1 2230 1.042
1 928 1.042
1 2460 1.042
1 823 1.042
1 319 1.042
1 3764 1.042
1 1494 1.042
1 1666 1.042
1 1150 1.042
1 1498 1.042
1 2562 1.042
1 3564 1.042
1 1241 1.042
1 1243 1.042
1 332 1.042
1 3475 1.042
1 2568 1.042
1 1397 1.042
1 2414 1.042
1 1249 1.042
1 948 1.042
1 1399 1.042
1 1735 1.042
1 664 1.042
1 384 1.042
1 2578 1.042
1 572 1.042
1 3762 1.042
1 2673 1.042
1 2715 1.042
1 1522 1.042
1 2741 1.042
1 3766 1.042
1 1412 1.042
1 676 1.042
1 2676 1.042
1 1872 1.042
1 2720 1.042
1 1749 1.042
1 1874 1.042
1 2661 1.042
1 1875 1.042
1 2587 1.042
1 2044 1.042
1 3592 1.042
1 2739 1.042
1 3809 1.042
1 2433 1.042
1 1273 1.042
1 2745 1.042
1 590 1.042
1 878 1.042
1 1768 1.042
1 2601 1.042
1 594 1.042
1 2154 1.042
1 2640 1.042
1 597 1.042
1 2765 1.042
1 775 1.042
1 2448 1.042
1 2767 1.042
1 2449 1.042
1 118 1.042
1 903 1.042
1 1289 1.042
1 996 1.042
1 2629 1.042
1 1112 1.042
1 2176 1.042
1 2464 1.042
1 3647 1.042
1 2467 1.042
1 1463 1.042
1 2639 1.042
1 1012 1.042
1 2916 1.042
1 1821 1.042
1 2516 1.042
1 2378 1.04
1 307 1.04
1 1476 1.04
1 1832 1.04
1 2218 1.04
1 2228 1.04
1 2622 1.04
1 926 1.04
1 929 1.04
1 1359 1.04
1 2679 1.04
1 932 1.04
1 1495 1.04
1 2683 1.04
1 326 1.04
1 2045 1.04
1 1244 1.04
1 1065 1.04
1 3638 1.04
1 57 1.04
1 3550 1.04
1 1809 1.04
1 2577 1.04
1 1741 1.04
1 575 1.04
1 1746 1.04
1 966 1.04
1 1893 1.04
1 3748 1.04
1 3749 1.04
1 1173 1.04
1 3787 1.04
1 1544 1.04
1 3173 1.04
1 2446 1.04
1 774 1.04
1 1284 1.04
1 1784 1.04
1 776 1.04
1 991 1.04
1 3817 1.04
1 2444 1.04
1 1619 1.04
1 1108 1.04
1 1290 1.04
1 238 1.04
1 3821 1.04
1 1451 1.04
1 2029 1.04
1 3380 1.04
1 785 1.04
1 1625 1.04
1 911 1.04
1 3582 1.04
1 3874 1.04
1 1904 1.04
1 1117 1.04
1 2353 1.04
1 2849 1.04
1 2354 1.04
1 2692 1.04
1 2196 1.04
1 525 1.04
1 1010 1.04
1 2048 1.04
1 1015 1.04
1 1203 1.04
1 3148 1.038
1 1932 1.038
1 2525 1.038
1 2170 1.038
1 813 1.038
1 921 1.038
1 3799 1.038
1 1141 1.038
1 2538 1.038
1 1352 1.038
1 105 1.038
1 1041 1.038
1 3709 1.038
1 3778 1.038
1 2459 1.038
1 3296 1.038
1 1233 1.038
1 1566 1.038
1 490 1.038
1 3398 1.038
1 831 1.038
1 327 1.038
1 1062 1.038
1 1569 1.038
1 3727 1.038
1 939 1.038
1 2409 1.038
1 1730 1.038
1 3497 1.038
1 1505 1.038
1 2088 1.038
1 1733 1.038
1 1858 1.038
1 3219 1.038
1 1066 1.038
1 952 1.038
1 2706 1.038
1 1069 1.038
1 1070 1.038
1 669 1.038
1 3786 1.038
1 1074 1.038
1 1258 1.038
1 2718 1.038
1 580 1.038
1 1754 1.038
1 2726 1.038
1 1539 1.038
1 1272 1.038
1 192 1.038
1 3594 1.038
1 3086 1.038
1 1542 1.038
1 1093 1.038
1 1890 1.038
1 3806 1.038
1 1779 1.038
1 2157 1.038
1 406 1.038
1 773 1.038
1 1801 1.038
1 1400 1.038
1 2456 1.038
1 1462 1.038
1 1562 1.038
1 2559 1.038
1 3856 1.038
1 792 1.038
1 797 1.038
1 3836 1.038
1 2049 1.038
1 3853 1.038
1 1917 1.036
1 1646 1.036
1 1833 1.036
1 3275 1.036
1 2528 1.036
1 1350 1.036
1 1043 1.036
1 651 1.036
1 2880 1.036
1 2244 1.036
1 1671 1.036
1 453 1.036
1 334 1.036
1 455 1.036
1 3121 1.036
1 671 1.036
1 1751 1.036
1 2054 1.036
1 2043 1.036
1 346 1.036
1 1424 1.036
1 2895 1.036
1 1536 1.036
1 2593 1.036
1 1766 1.036
1 980 1.036
1 1993 1.036
1 3621 1.036
1 1545 1.036
1 2608 1.036
1 2610 1.036
1 3758 1.036
1 2764 1.036
1 989 1.036
1 600 1.036
1 2614 1.036
1 2021 1.036
1 115 1.036
1 1552 1.036
1 3633 1.036
1 3805 1.036
1 779 1.036
1 239 1.036
1 3642 1.036
1 1004 1.036
1 2691 1.036
1 1631 1.036
1 552 1.036
1 1307 1.036
1 1673 1.036
1 3664 1.036
1 2642 1.036
1 3665 1.036
1 254 1.036
1 2646 1.036
1 715 1.034
1 3801 1.034
1 1831 1.034
1 1022 1.034
1 3746 1.034
1 536 1.034
1 2533 1.034
1 2654 1.034
1 1835 1.034
1 2662 1.034
1 2665 1.034
1 1229 1.034
1 2399 1.034
1 2681 1.034
1 1149 1.034
1 2249 1.034
1 3737 1.034
1 1398 1.034
1 2282 1.034
1 2677 1.034
1 2092 1.034
1 3753 1.034
1 568 1.034
1 340 1.034
1 3767 1.034
1 1077 1.034
1 1978 1.034
1 1079 1.034
1 2426 1.034
1 3573 1.034
1 3720 1.034
1 2041 1.034
1 2145 1.034
1 2429 1.034
1 685 1.034
1 3808 1.034
1 1176 1.034
1 2442 1.034
1 511 1.034
1 3631 1.034
1 2167 1.034
1 2470 1.034
1 2028 1.034
1 3688 1.034
1 2177 1.034
1 2037 1.034
1 791 1.034
1 3567 1.034
1 2636 1.034
1 1634 1.034
1 2892 1.034
1 3844 1.034
1 1471 1.032
1 2940 1.032
1 2650 1.032
1 1484 1.032
1 927 1.032
1 2556 1.032
1 3719 1.032
1 1151 1.032
1 2413 1.032
1 2222 1.032
1 2579 1.032
1 2604 1.032
1 967 1.032
1 2723 1.032
1 1532 1.032
1 810 1.032
1 1427 1.032
1 1274 1.032
1 2747 1.032
1 2151 1.032
1 2755 1.032
1 2766 1.032
1 606 1.032
1 2214 1.032
1 2172 1.032
1 612 1.032
1 1113 1.032
1 416 1.032
1 298 1.032
1 2552 1.032
1 2388 1.03
1 2543 1.03
1 930 1.03
1 2205 1.03
1 2564 1.03
1 2699 1.03
1 3674 1.03
1 2094 1.03
1 571 1.03
1 2580 1.03
1 2714 1.03
1 577 1.03
1 1748 1.03
1 2428 1.03
1 2589 1.03
1 1757 1.03
1 2744 1.03
1 2617 1.03
1 3636 1.03
1 3819 1.03
1 2619 1.03
1 1449 1.03
1 121 1.03
1 610 1.03
1 3663 1.03
1 528 1.03
1 3793 1.03
1 2212 1.028
1 2379 1.028
1 1132 1.028
1 2227 1.028
1 1224 1.028
1 1837 1.028
1 2545 1.028
1 1491 1.028
1 1656 1.028
1 2700 1.028
1 2136 1.028
1 964 1.028
1 3792 1.028
1 2600 1.028
1 1094 1.028
1 2708 1.028
1 2236 1.026
1 2415 1.026
1 2132 1.026
1 3164 1.026
1 2163 1.026
1 1288 1.026
1 1110 1.026
1 3775 1.026
1 1205 1.024
1 2217 1.024
1 2657 1.024
1 1529 1.024
1 682 1.024
1 2983 1.022
1 2237 1.022
1 1743 1.022
1 1670 1.02
1 1124 1.02
1 2585 1.018
1 3076 1.0
1 916 1.0
1 430 1.0
1 1855 1.0
1 110 1.0
1 52 1.0
1 2701 1.0
1 668 1.0
1 1994 1.0
1 2015 1.0
1 992 1.0
1 2047 1.0
1 3867 1.0
1 3872 1.0
1 3876 1.0
2 189 4.744
2 2756 4.706
2 2758 4.666
2 494 4.606
2 290 4.336
2 1887 4.254
2 3637 4.23
2 1029 3.964
2 2760 3.932
2 2761 3.878
2 3296 3.804
2 2757 3.596
2 81 3.594
2 2476 3.544
2 1820 3.518
2 3862 3.484
2 544 3.464
2 1804 3.404
2 3634 3.326
2 3633 3.256
2 2759 3.192
2 3601 3.182
2 2597 3.166
2 2762 3.154
2 3635 2.92
2 940 2.912
2 3811 2.906
2 3863 2.77
2 910 2.742
2 2596 2.702
2 537 2.686
2 793 2.676
2 2570 2.634
2 917 2.622
2 3865 2.6
2 766 2.6
2 1096 2.568
2 3864 2.482
2 1899 2.444
2 1099 2.36
2 38 2.358
2 3619 2.356
2 3866 2.266
2 3553 2.266
2 170 2.204
2 3812 2.144
2 2582 2.028
2 1165 2.008
2 1095 1.994
2 1055 1.988
2 1126 1.966
2 2598 1.958
2 321 1.936
2 545 1.932
2 3578 1.93
2 126 1.922
2 3622 1.922
2 3640 1.888
2 333 1.888
2 1499 1.884
2 236 1.884
2 3158 1.876
2 3624 1.842
2 1593 1.812
2 3623 1.802
2 2849 1.788
2 3606 1.786
2 2846 1.766
2 2687 1.764
2 3604 1.744
2 328 1.74
2 322 1.738
2 3160 1.736
2 245 1.734
2 3603 1.726
2 3555 1.716
2 1951 1.716
2 3568 1.702
2 3607 1.696
2 789 1.686
2 2562 1.682
2 2769 1.68
2 3610 1.68
2 274 1.678
2 756 1.678
2 188 1.672
2 247 1.672
2 2767 1.666
2 310 1.662
2 2763 1.654
2 3608 1.654
2 3602 1.648
2 515 1.64
2 2772 1.638
2 3159 1.638
2 1869 1.62
2 3556 1.618
2 3605 1.602
2 3554 1.584
2 420 1.584
2 7 1.574
2 3620 1.574
2 3609 1.572
2 3561 1.558
2 1463 1.548
2 2787 1.548
2 3518 1.538
2 2781 1.536
2 3172 1.518
2 3616 1.51
2 365 1.51
2 1528 1.504
2 3625 1.492
2 3807 1.492
2 3397 1.492
2 3323 1.49
2 359 1.488
2 3151 1.488
2 1281 1.488
2 3572 1.486
2 1603 1.484
2 3567 1.482
2 3641 1.474
2 3658 1.472
2 3164 1.456
2 2783 1.45
2 3165 1.45
2 3447 1.448
2 208 1.44
2 3166 1.44
2 3806 1.42
2 803 1.408
2 3580 1.406
2 3579 1.406
2 752 1.404
2 2794 1.402
2 3588 1.4
2 3587 1.39
2 2780 1.386
2 3629 1.384
2 3454 1.382
2 3570 1.378
2 3562 1.374
2 3569 1.362
2 3571 1.362
2 1501 1.352
2 1251 1.346
2 3153 1.334
2 1380 1.326
2 2777 1.324
2 3155 1.318
2 3642 1.316
2 872 1.312
2 283 1.302
2 2944 1.3
2 3575 1.296
2 2489 1.296
2 3657 1.296
2 3598 1.288
2 3152 1.284
2 3810 1.284
2 2812 1.28
2 3236 1.278
2 3156 1.272
2 3617 1.268
2 1776 1.268
2 1639 1.266
2 2353 1.266
2 429 1.264
2 2122 1.26
2 2197 1.258
2 830 1.256
2 1260 1.256
2 2189 1.256
2 91 1.256
2 1884 1.256
2 3591 1.256
2 2203 1.254
2 3592 1.254
2 3648 1.254
2 3595 1.254
2 896 1.252
2 568 1.252
2 3132 1.25
2 3599 1.25
2 1454 1.246
2 3577 1.246
2 3593 1.246
2 3552 1.246
2 3573 1.244
2 3649 1.244
2 3565 1.242
2 3157 1.242
2 3075 1.242
2 3178 1.24
2 3077 1.24
2 778 1.238
2 2279 1.238
2 3594 1.238
2 1508 1.238
2 565 1.238
2 654 1.236
2 2983 1.236
2 3563 1.236
2 3149 1.234
2 3182 1.234
2 1254 1.234
2 2628 1.232
2 3590 1.232
2 3549 1.228
2 3615 1.228
2 3813 1.228
2 675 1.226
2 3630 1.226
2 1313 1.226
2 3150 1.226
2 2621 1.226
2 2697 1.226
2 3631 1.224
2 179 1.224
2 3659 1.224
2 539 1.222
2 3576 1.22
2 3600 1.218
2 3650 1.218
2 1053 1.216
2 437 1.212
2 3566 1.212
2 395 1.212
2 2779 1.212
2 3636 1.21
2 3519 1.21
2 1811 1.208
2 3581 1.206
2 1060 1.202
2 1195 1.198
2 3548 1.194
2 3814 1.188
2 3589 1.172
3 1256 4.722
3 2762 2.388
3 3167 2.206
3 3158 2.2
3 3182 2.044
3 3 1.986
3 402 1.736
3 3191 1.73
3 3181 1.662
3 3179 1.592
3 1017 1.55
3 413 1.482
3 3176 1.42
3 3178 1.31
3 1251 1.238
3 3132 1.188
3 1415 1.18
3 2945 1.152
3 1358 1.15
3 1245 1.146
3 305 1.142
3 1360 1.14
3 527 1.138
3 2617 1.132
3 2883 1.132
3 2844 1.13
3 3292 1.128
3 3316 1.128
3 3453 1.128
3 3384 1.126
3 1352 1.124
3 3289 1.124
3 3419 1.122
3 3211 1.12
3 1500 1.114
3 3418 1.114
3 3170 1.114
3 409 1.112
3 2418 1.112
3 3293 1.112
3 766 1.11
3 2782 1.11
3 2997 1.108
3 3017 1.106
3 725 1.106
3 1858 1.106
3 7 1.104
3 1650 1.104
3 3450 1.104
3 803 1.104
3 3426 1.102
3 3282 1.102
3 2164 1.102
3 3297 1.102
3 3251 1.1
3 1870 1.1
3 2459 1.1
3 468 1.098
3 269 1.098
3 3455 1.096
3 910 1.096
3 1189 1.092
3 604 1.092
3 1937 1.092
3 3174 1.092
3 1567 1.09
3 3123 1.09
3 2867 1.09
3 1078 1.09
3 2967 1.09
3 1860 1.088
3 793 1.088
3 1322 1.086
3 3459 1.086
3 2595 1.086
3 2880 1.084
3 242 1.084
3 246 1.084
3 1347 1.082
3 3275 1.082
3 2378 1.082
3 2990 1.082
3 1047 1.082
3 3391 1.082
3 1126 1.08
3 3190 1.08
3 3040 1.078
3 3416 1.078
3 2477 1.078
3 3056 1.078
3 1349 1.076
3 690 1.076
3 3465 1.076
3 2898 1.076
3 3397 1.074
3 2986 1.074
3 721 1.074
3 2824 1.074
3 2794 1.074
3 3087 1.074
3 824 1.074
3 2390 1.072
3 2894 1.072
3 2980 1.07
3 3433 1.07
3 139 1.068
3 3404 1.068
3 3138 1.068
3 3261 1.068
3 3331 1.068
3 3080 1.068
3 2322 1.068
3 3059 1.068
3 3321 1.066
3 3041 1.066
3 2946 1.066
3 1542 1.066
3 2889 1.066
3 3355 1.066
3 1534 1.066
3 3308 1.066
3 2800 1.066
3 3290 1.066
3 356 1.064
3 2907 1.064
3 1465 1.064
3 2142 1.064
3 3021 1.064
3 3399 1.064
3 1333 1.064
3 1029 1.064
3 115 1.062
3 617 1.062
3 3042 1.062
3 745 1.062
3 1376 1.062
3 2953 1.062
3 3050 1.062
3 3348 1.062
3 986 1.062
3 1265 1.06
3 3075 1.06
3 2816 1.06
3 3341 1.06
3 2888 1.06
3 3051 1.06
3 407 1.06
3 1199 1.06
3 2810 1.058
3 2787 1.058
3 2911 1.058
3 2664 1.058
3 2922 1.058
3 2926 1.058
3 2187 1.058
3 2808 1.056
3 3187 1.056
3 3423 1.056
3 2919 1.056
3 2985 1.056
3 322 1.056
3 2960 1.056
3 2899 1.056
3 3128 1.056
3 2869 1.056
3 3454 1.056
3 2905 1.054
3 3037 1.054
3 718 1.054
3 2848 1.054
3 2818 1.054
3 3221 1.054
3 2208 1.054
3 1474 1.054
3 2987 1.054
3 2963 1.054
3 49 1.054
3 3393 1.052
3 3101 1.052
3 3219 1.052
3 2197 1.052
3 2300 1.052
3 3081 1.052
3 2374 1.052
3 517 1.052
3 2895 1.052
3 971 1.052
3 2897 1.052
3 3360 1.052
3 2835 1.052
3 3063 1.052
3 3066 1.052
3 1228 1.05
3 1936 1.05
3 3005 1.05
3 2975 1.05
3 2634 1.05
3 3074 1.05
3 2913 1.05
3 3143 1.05
3 3013 1.05
3 756 1.05
3 3430 1.05
3 1480 1.05
3 2958 1.05
3 3089 1.05
3 2896 1.05
3 3364 1.05
3 684 1.05
3 3366 1.05
3 3324 1.048
3 2044 1.048
3 3107 1.048
3 2186 1.048
3 2793 1.048
3 363 1.048
3 2827 1.048
3 3361 1.048
3 238 1.048
3 2962 1.048
3 1103 1.048
3 1134 1.048
3 2969 1.048
3 380 1.046
3 2873 1.046
3 3103 1.046
3 3302 1.046
3 3072 1.046
3 301 1.046
3 1032 1.046
3 3491 1.046
3 3291 1.046
3 326 1.046
3 2776 1.046
3 3119 1.046
3 3090 1.046
3 2466 1.046
3 2996 1.046
3 2902 1.046
3 3133 1.044
3 2586 1.044
3 2842 1.044
3 2941 1.044
3 3260 1.044
3 2948 1.044
3 2327 1.044
3 260 1.044
3 1993 1.044
3 3115 1.044
3 3616 1.044
3 2954 1.044
3 807 1.044
3 3019 1.044
3 2956 1.044
3 2796 1.044
3 2865 1.044
3 1688 1.044
3 2560 1.044
3 2871 1.044
3 3394 1.042
3 2840 1.042
3 2971 1.042
3 3213 1.042
3 2939 1.042
3 3073 1.042
3 2944 1.042
3 1561 1.042
3 2815 1.042
3 2978 1.042
3 3142 1.042
3 2687 1.042
3 133 1.042
3 890 1.042
3 3356 1.042
3 2398 1.042
3 3208 1.042
3 2864 1.042
3 1808 1.042
3 485 1.042
3 2932 1.042
3 2965 1.042
3 372 1.042
3 3482 1.042
3 101 1.04
3 2088 1.04
3 3222 1.04
3 3378 1.04
3 2909 1.04
3 3198 1.04
3 2228 1.04
3 3413 1.04
3 2847 1.04
3 3010 1.04
3 1562 1.04
3 3044 1.04
3 3333 1.04
3 3440 1.04
3 3045 1.04
3 257 1.04
3 2949 1.04
3 3160 1.04
3 3114 1.04
3 3266 1.04
3 3018 1.04
3 3456 1.04
3 3392 1.04
3 2858 1.04
3 367 1.04
3 872 1.04
3 2859 1.04
3 2412 1.04
3 3027 1.04
3 494 1.04
3 2998 1.04
3 2522 1.04
3 1559 1.04
3 2839 1.038
3 2807 1.038
3 2937 1.038
3 3100 1.038
3 111 1.038
3 2874 1.038
3 2972 1.038
3 3175 1.038
3 179 1.038
3 2912 1.038
3 2979 1.038
3 2819 1.038
3 2982 1.038
3 2756 1.038
3 2891 1.038
3 3053 1.038
3 3237 1.038
3 3458 1.038
3 3322 1.038
3 2930 1.038
3 539 1.038
3 3093 1.038
3 3094 1.038
3 2806 1.038
3 2042 1.036
3 3004 1.036
3 2596 1.036
3 2875 1.036
3 1942 1.036
3 3225 1.036
3 3319 1.036
3 3276 1.036
3 1384 1.036
3 2886 1.036
3 2852 1.036
3 3216 1.036
3 89 1.036
3 1182 1.036
3 2750 1.036
3 3490 1.036
3 2856 1.036
3 2991 1.036
3 2992 1.036
3 1603 1.036
3 3242 1.036
3 3424 1.036
3 1057 1.036
3 2866 1.036
3 3099 1.036
3 18 1.036
3 1130 1.036
3 3130 1.036
3 3408 1.036
3 2134 1.036
3 3070 1.034
3 3007 1.034
3 3448 1.034
3 3224 1.034
3 2644 1.034
3 3420 1.034
3 3012 1.034
3 2885 1.034
3 1058 1.034
3 2738 1.034
3 1459 1.034
3 2340 1.034
3 90 1.034
3 389 1.034
3 3314 1.034
3 2830 1.034
3 1011 1.034
3 2966 1.034
3 3129 1.034
3 3031 1.034
3 3000 1.034
3 3265 1.034
3 1181 1.034
3 2936 1.034
3 603 1.032
3 162 1.032
3 1310 1.032
3 2876 1.032
3 3039 1.032
3 2141 1.032
3 2814 1.032
3 266 1.032
3 2918 1.032
3 3082 1.032
3 2823 1.032
3 2921 1.032
3 3117 1.032
3 3052 1.032
3 2957 1.032
3 3054 1.032
3 3058 1.032
3 2863 1.032
3 2832 1.032
3 2995 1.032
3 3250 1.032
3 1054 1.032
3 3376 1.032
3 3407 1.032
3 3001 1.032
3 3386 1.032
3 3003 1.03
3 1903 1.03
3 554 1.03
3 2940 1.03
3 2811 1.03
3 3071 1.03
3 170 1.03
3 1312 1.03
3 632 1.03
3 2724 1.03
3 3146 1.03
3 555 1.03
3 3049 1.03
3 3022 1.03
3 2955 1.03
3 3020 1.03
3 306 1.03
3 966 1.03
3 3475 1.03
3 1454 1.03
3 1839 1.03
3 3168 1.03
3 2872 1.028
3 546 1.028
3 1 1.028
3 3417 1.028
3 2841 1.028
3 2751 1.028
3 2908 1.028
3 2973 1.028
3 3136 1.028
3 3445 1.028
3 2879 1.028
3 3140 1.028
3 3108 1.028
3 334 1.028
3 2851 1.028
3 2820 1.028
3 2260 1.028
3 3147 1.028
3 2854 1.028
3 231 1.028
3 3118 1.028
3 343 1.028
3 3344 1.028
3 2795 1.028
3 2893 1.028
3 117 1.028
3 3467 1.028
3 457 1.028
3 1753 1.028
3 3375 1.028
3 1510 1.028
3 3062 1.028
3 2999 1.028
3 1912 1.028
3 3032 1.028
3 2935 1.028
3 2432 1.026
3 3332 1.026
3 3069 1.026
3 3405 1.026
3 3006 1.026
3 2813 1.026
3 2845 1.026
3 2846 1.026
3 3508 1.026
3 3227 1.026
3 3510 1.026
3 2915 1.026
3 1362 1.026
3 3144 1.026
3 3112 1.026
3 3047 1.026
3 3014 1.026
3 3288 1.026
3 3016 1.026
3 2920 1.026
3 3303 1.026
3 438 1.026
3 2405 1.026
3 2925 1.026
3 3472 1.026
3 2829 1.026
3 3025 1.026
3 3473 1.026
3 3026 1.026
3 2799 1.026
3 593 1.026
3 3092 1.026
3 618 1.026
3 3028 1.026
3 2964 1.026
3 3480 1.026
3 3515 1.024
3 110 1.024
3 2515 1.024
3 3137 1.024
3 3105 1.024
3 3494 1.024
3 3411 1.024
3 1319 1.024
3 3009 1.024
3 2981 1.024
3 3240 1.024
3 2413 1.024
3 3015 1.024
3 2822 1.024
3 3226 1.024
3 3083 1.024
3 1506 1.024
3 3085 1.024
3 295 1.024
3 3155 1.024
3 894 1.024
3 3357 1.024
3 2927 1.024
3 3412 1.024
3 3388 1.024
3 3337 1.024
3 480 1.024
3 2801 1.024
3 2802 1.024
3 2836 1.024
3 3258 1.024
3 3097 1.024
3 532 1.024
3 3509 1.024
3 3284 1.022
3 3036 1.022
3 3068 1.022
3 3205 1.022
3 3442 1.022
3 608 1.022
3 2877 1.022
3 2910 1.022
3 3106 1.022
3 2977 1.022
3 2882 1.022
3 3511 1.022
3 3451 1.022
3 3145 1.022
3 3248 1.022
3 2951 1.022
3 3279 1.022
3 3350 1.022
3 3318 1.022
3 2355 1.022
3 3116 1.022
3 3270 1.022
3 3326 1.022
3 3084 1.022
3 816 1.022
3 3505 1.022
3 332 1.022
3 1512 1.022
3 2826 1.022
3 410 1.022
3 3312 1.022
3 3183 1.022
3 2959 1.022
3 2993 1.022
3 2862 1.022
3 2994 1.022
3 3327 1.022
3 1055 1.022
3 3401 1.022
3 742 1.022
3 3034 1.022
3 540 1.02
3 84 1.02
3 2582 1.02
3 2029 1.02
3 3398 1.02
3 3134 1.02
3 915 1.02
3 1814 1.02
3 3414 1.02
3 2628 1.02
3 2878 1.02
3 3008 1.02
3 1321 1.02
3 3043 1.02
3 3466 1.02
3 2881 1.02
3 3109 1.02
3 3076 1.02
3 3496 1.02
3 3011 1.02
3 2203 1.02
3 3335 1.02
3 736 1.02
3 2364 1.02
3 2952 1.02
3 3463 1.02
3 2890 1.02
3 3296 1.02
3 3352 1.02
3 2382 1.02
3 3300 1.02
3 3122 1.02
3 3057 1.02
3 3385 1.02
3 1618 1.02
3 2929 1.02
3 3209 1.02
3 3372 1.02
3 3449 1.02
3 3127 1.02
3 1513 1.02
3 3369 1.02
3 3096 1.02
3 3064 1.02
3 2837 1.02
3 81 1.02
3 2037 1.02
3 3035 1.018
3 3396 1.018
3 3135 1.018
3 574 1.018
3 3304 1.018
3 3323 1.018
3 3171 1.018
3 2174 1.018
3 3259 1.018
3 2947 1.018
3 3077 1.018
3 3207 1.018
3 3485 1.018
3 2917 1.018
3 2950 1.018
3 3342 1.018
3 2887 1.018
3 3162 1.018
3 801 1.018
3 411 1.018
3 2246 1.018
3 2329 1.018
3 3462 1.018
3 2989 1.018
3 3120 1.018
3 1551 1.018
3 3471 1.018
3 1635 1.018
3 2828 1.018
3 2861 1.018
3 3363 1.018
3 2928 1.018
3 587 1.018
3 1778 1.018
3 2933 1.018
3 3437 1.018
3 1157 1.018
3 507 1.018
3 2805 1.018
3 1528 1.018
3 2870 1.018
3 3199 1.018
3 3389 1.018
3 3257 1.018
3 2584 1.016
3 3294 1.016
3 3421 1.016
3 3206 1.016
3 2112 1.016
3 2942 1.016
3 3305 1.016
3 2709 1.016
3 2788 1.016
3 3434 1.016
3 1343 1.016
3 3435 1.016
3 3228 1.016
3 3272 1.016
3 2660 1.016
3 3230 1.016
3 1407 1.016
3 3079 1.016
3 2983 1.016
3 3461 1.016
3 3246 1.016
3 3517 1.016
3 3336 1.016
3 3234 1.016
3 3286 1.016
3 3236 1.016
3 3425 1.016
3 3365 1.016
3 896 1.016
3 3121 1.016
3 3088 1.016
3 412 1.016
3 118 1.016
3 3202 1.016
3 3325 1.016
3 981 1.016
3 3486 1.016
3 3091 1.016
3 3493 1.016
3 3487 1.016
3 3345 1.016
3 3307 1.016
3 1840 1.016
3 2903 1.016
3 3065 1.016
3 3131 1.016
3 1952 1.016
3 3349 1.016
3 1819 1.014
3 3410 1.014
3 1298 1.014
3 3295 1.014
3 2772 1.014
3 3436 1.014
3 3253 1.014
3 223 1.014
3 734 1.014
3 3268 1.014
3 2916 1.014
3 1721 1.014
3 3046 1.014
3 3283 1.014
3 3215 1.014
3 3285 1.014
3 3428 1.014
3 2825 1.014
3 3359 1.014
3 3301 1.014
3 3470 1.014
3 2441 1.014
3 1704 1.014
3 3370 1.014
3 3210 1.014
3 2833 1.014
3 3126 1.014
3 3061 1.014
3 3029 1.014
3 2803 1.014
3 3478 1.014
3 3095 1.014
3 3354 1.014
3 3186 1.014
3 3188 1.014
3 3557 1.014
3 3271 1.014
3 3582 1.014
3 3193 1.014
3 3340 1.014
3 3439 1.014
3 2938 1.012
3 484 1.012
3 3102 1.012
3 3431 1.012
3 3432 1.012
3 3339 1.012
3 1398 1.012
3 3200 1.012
3 3415 1.012
3 3484 1.012
3 190 1.012
3 2976 1.012
3 3218 1.012
3 3422 1.012
3 3141 1.012
3 2914 1.012
3 2817 1.012
3 2849 1.012
3 2347 1.012
3 3280 1.012
3 2884 1.012
3 2850 1.012
3 3078 1.012
3 3241 1.012
3 754 1.012
3 3214 1.012
3 3048 1.012
3 3245 1.012
3 2984 1.012
3 3346 1.012
3 764 1.012
3 3358 1.012
3 3309 1.012
3 3347 1.012
3 3086 1.012
3 2388 1.012
3 2797 1.012
3 1174 1.012
3 415 1.012
3 3481 1.012
3 3492 1.012
3 459 1.012
3 2621 1.012
3 2931 1.012
3 3477 1.012
3 2513 1.012
3 2934 1.012
3 3033 1.012
3 3338 1.012
3 3002 1.01
3 2906 1.01
3 3328 1.01
3 2809 1.01
3 3329 1.01
3 2605 1.01
3 2843 1.01
3 3104 1.01
3 2974 1.01
3 3443 1.01
3 2307 1.01
3 3506 1.01
3 200 1.01
3 317 1.01
3 2641 1.01
3 39 1.01
3 3267 1.01
3 3429 1.01
3 3229 1.01
3 3281 1.01
3 3249 1.01
3 2821 1.01
3 3232 1.01
3 3233 1.01
3 3351 1.01
3 3306 1.01
3 2924 1.01
3 515 1.01
3 3298 1.01
3 3180 1.01
3 3373 1.01
3 3239 1.01
3 3377 1.01
3 3387 1.01
3 3444 1.01
3 3125 1.01
3 2702 1.01
3 3559 1.01
3 2507 1.01
3 2753 1.01
3 333 1.01
3 1543 1.01
3 3446 1.01
3 3315 1.01
3 2838 1.01
3 2904 1.01
3 3274 1.01
3 3483 1.008
3 509 1.008
3 3400 1.008
3 3177 1.008
3 1218 1.008
3 3382 1.008
3 2812 1.008
3 3256 1.008
3 2943 1.008
3 3310 1.008
3 657 1.008
3 3500 1.008
3 3427 1.008
3 3264 1.008
3 3185 1.008
3 3501 1.008
3 3512 1.008
3 3204 1.008
3 3502 1.008
3 3111 1.008
3 3503 1.008
3 3247 1.008
3 3504 1.008
3 2353 1.008
3 1979 1.008
3 3161 1.008
3 3287 1.008
3 3299 1.008
3 310 1.008
3 564 1.008
3 3441 1.008
3 3313 1.008
3 3452 1.008
3 3474 1.008
3 3124 1.008
3 3514 1.008
3 465 1.008
3 2449 1.008
3 3395 1.008
3 3495 1.008
3 3488 1.008
3 3278 1.008
3 1681 1.008
3 1892 1.008
3 2868 1.008
3 3255 1.008
3 503 1.008
3 3380 1.008
3 3479 1.008
3 243 1.008
3 3197 1.008
3 3098 1.008
3 1978 1.008
3 3220 1.008
3 3277 1.008
3 3353 1.008
3 3614 1.008
3 1288 1.006
3 1274 1.006
3 826 1.006
3 3334 1.006
3 1281 1.006
3 3223 1.006
3 3497 1.006
3 3379 1.006
3 13 1.006
3 3381 1.006
3 405 1.006
3 2636 1.006
3 3499 1.006
3 2237 1.006
3 2240 1.006
3 3343 1.006
3 3163 1.006
3 3263 1.006
3 2855 1.006
3 2760 1.006
3 297 1.006
3 3403 1.006
3 2892 1.006
3 3055 1.006
3 3023 1.006
3 3235 1.006
3 2402 1.006
3 416 1.006
3 3469 1.006
3 3203 1.006
3 2798 1.006
3 2831 1.006
3 3244 1.006
3 3447 1.006
3 41 1.006
3 3252 1.006
3 2834 1.006
3 252 1.006
3 3262 1.006
3 3383 1.006
3 2968 1.006
3 3273 1.006
3 3464 1.006
3 2139 1.006
3 3317 1.004
3 3201 1.004
3 3516 1.004
3 1175 1.004
3 3330 1.004
3 2101 1.004
3 2559 1.004
3 1724 1.004
3 3513 1.004
3 2475 1.004
3 3371 1.004
3 1479 1.004
3 2988 1.004
3 2678 1.004
3 3157 1.004
3 2585 1.004
3 3460 1.004
3 3468 1.004
3 3374 1.004
3 187 1.004
3 2961 1.004
3 3243 1.004
3 3311 1.004
3 1006 1.004
3 3390 1.004
3 3476 1.004
3 675 1.004
3 3507 1.004
3 3212 1.004
3 1133 1.004
3 2900 1.004
3 3194 1.004
3 2804 1.004
3 63 1.004
3 2536 1.004
3 2138 1.004
3 2638 1.004
3 3192 1.004
3 3269 1.004
3 3320 1.004
3 3367 1.004
3 2970 1.002
3 1848 1.002
3 732 1.002
3 3231 1.002
3 3189 1.002
3 205 1.002
3 3217 1.002
3 3489 1.002
3 3597 1.002
3 3362 1.002
3 3238 1.002
3 3368 1.002
3 1564 1.002
3 3409 1.002
3 3196 1.002
3 3406 1.002
3 3067 1.0
3 3038 1.0
3 2130 1.0
3 3498 1.0
3 3139 1.0
3 3438 1.0
3 3184 1.0
3 3110 1.0
3 3195 1.0
3 3113 1.0
3 3457 1.0
3 2853 1.0
3 2923 1.0
3 2857 1.0
3 2860 1.0
3 1049 1.0
3 3024 1.0
3 3060 1.0
3 3254 1.0
3 3402 1.0
3 3030 1.0
3 2901 1.0
3 1831 1.0
4 3521 4.206
4 872 2.978
4 3440 1.976
4 1251 1.55
4 1932 1.448
4 3226 1.446
4 766 1.444
4 690 1.432
4 1226 1.416
4 632 1.412
4 269 1.402
4 1041 1.396
4 3138 1.38
4 3159 1.378
4 3394 1.378
4 3533 1.376
4 3540 1.366
4 3536 1.366
4 1000 1.364
4 816 1.364
4 1531 1.362
4 3534 1.36
4 2789 1.358
4 3165 1.352
4 3537 1.348
4 2427 1.342
4 3535 1.34
4 3333 1.32
4 1808 1.32
4 3542 1.318
4 3160 1.316
4 359 1.306
4 3539 1.284
4 2850 1.274
4 1463 1.264
4 2777 1.264
4 413 1.262
4 3538 1.26
4 3355 1.258
4 3541 1.23
4 3161 1.22
4 3488 1.208
4 2844 1.208
4 3321 1.204
4 1152 1.202
4 2302 1.194
4 3547 1.19
4 3527 1.19
4 491 1.188
4 3525 1.18
4 3532 1.178
4 3272 1.176
4 3158 1.174
4 3546 1.162
4 3523 1.162
4 2172 1.16
4 495 1.154
4 3545 1.154
4 3524 1.152
4 3526 1.152
4 3171 1.15
4 2913 1.148
4 1016 1.146
4 3530 1.146
4 1579 1.144
4 3543 1.144
4 654 1.142
4 3531 1.14
4 3166 1.136
4 2353 1.136
4 2489 1.136
4 3529 1.136
4 678 1.13
4 2902 1.128
4 480 1.128
4 3155 1.126
4 85 1.126
4 1017 1.124
4 3163 1.122
4 3544 1.122
4 1347 1.12
4 3162 1.116
4 3147 1.114
4 3528 1.104
4 3522 1.088
4 3611 1.086
4 2779 1.084
4 2788 1.082
4 55 1.08
4 2867 1.08
4 793 1.08
4 3520 1.078
4 3861 1.078
4 245 1.076
4 971 1.076
4 2776 1.074
4 2622 1.074
4 2794 1.074
4 3558 1.072
4 1593 1.07
4 531 1.07
4 3560 1.068
4 2780 1.068
4 238 1.066
4 3858 1.066
4 585 1.064
4 3860 1.064
4 1858 1.062
4 3612 1.062
4 1510 1.06
4 3557 1.06
4 530 1.052
4 1165 1.052
4 1256 1.052
4 3151 1.052
4 3152 1.052
4 1305 1.048
4 3172 1.048
4 529 1.046
4 1053 1.03
5 3627 3.0
5 3628 3.0
5 3629 3.0
5 618 2.0
5 507 2.0
5 1029 2.0
5 2570 2.0
5 2667 2.0
5 3583 2.0
5 3159 2.0
5 766 2.0
5 1096 1.0
6 537 3.0
6 544 3.0
6 3862 3.0
6 1804 3.0
6 3863 3.0
6 3553 2.0
6 1425 2.0
6 2630 2.0
6 2146 2.0
6 2917 2.0
6 3620 2.0
6 3619 2.0
6 3639 2.0
6 2570 2.0
