1 29 5.616
1 122 4.846
1 36 4.37
1 46 4.152
1 141 3.704
1 55 3.576
1 98 3.44
1 94 3.306
1 217 3.288
1 231 3.244
1 11 3.162
1 216 3.112
1 3 3.11
1 145 3.078
1 237 2.99
1 147 2.876
1 31 2.86
1 150 2.786
1 20 2.748
1 41 2.736
1 123 2.692
1 83 2.684
1 135 2.682
1 101 2.68
1 100 2.674
1 33 2.578
1 57 2.556
1 176 2.514
1 28 2.498
1 56 2.48
1 127 2.474
1 23 2.45
1 22 2.45
1 234 2.44
1 152 2.424
1 191 2.402
1 37 2.382
1 52 2.366
1 9 2.352
1 24 2.35
1 27 2.332
1 132 2.33
1 80 2.328
1 8 2.31
1 140 2.304
1 53 2.286
1 99 2.272
1 32 2.248
1 40 2.238
1 120 2.23
1 90 2.224
1 160 2.214
1 190 2.208
1 149 2.184
1 14 2.172
1 106 2.166
1 4 2.158
1 146 2.15
1 131 2.148
1 2 2.144
1 182 2.116
1 168 2.098
1 153 2.094
1 7 2.088
1 92 2.08
1 125 2.072
1 218 2.072
1 86 2.046
1 229 2.036
1 242 2.036
1 194 2.028
1 16 2.024
1 232 2.02
1 79 2.012
1 219 2.008
1 110 2.006
1 76 2.006
1 44 2.0
1 130 1.994
1 95 1.986
1 119 1.982
1 45 1.972
1 87 1.966
1 111 1.966
1 77 1.962
1 185 1.958
1 210 1.956
1 6 1.946
1 108 1.944
1 213 1.938
1 221 1.938
1 240 1.936
1 35 1.93
1 26 1.928
1 226 1.922
1 103 1.92
1 163 1.906
1 42 1.9
1 139 1.896
1 175 1.894
1 75 1.89
1 1 1.888
1 66 1.884
1 133 1.884
1 38 1.882
1 25 1.868
1 61 1.858
1 207 1.856
1 43 1.856
1 64 1.846
1 239 1.838
1 58 1.836
1 121 1.836
1 68 1.834
1 212 1.826
1 118 1.82
1 243 1.812
1 13 1.802
1 5 1.796
1 124 1.794
1 60 1.79
1 143 1.78
1 17 1.78
1 181 1.768
1 183 1.766
1 180 1.764
1 91 1.76
1 48 1.756
1 102 1.752
1 136 1.746
1 173 1.742
1 144 1.738
1 137 1.736
1 104 1.732
1 215 1.728
1 198 1.726
1 220 1.726
1 107 1.72
1 39 1.718
1 245 1.708
1 174 1.704
1 18 1.702
1 78 1.698
1 129 1.696
1 67 1.692
1 70 1.682
1 225 1.676
1 97 1.662
1 12 1.654
1 186 1.648
1 126 1.642
1 209 1.628
1 214 1.626
1 96 1.618
1 172 1.612
1 187 1.61
1 179 1.6
1 177 1.594
1 184 1.586
1 223 1.586
1 227 1.586
1 15 1.584
1 197 1.57
1 51 1.56
1 188 1.556
1 156 1.556
1 222 1.54
1 233 1.528
1 189 1.516
1 89 1.514
1 93 1.5
1 142 1.492
1 128 1.482
1 192 1.482
1 169 1.468
1 19 1.466
1 47 1.464
1 235 1.456
1 148 1.444
1 49 1.44
1 228 1.44
1 10 1.436
1 81 1.412
1 50 1.404
1 116 1.398
1 30 1.392
1 208 1.39
1 34 1.386
1 171 1.382
1 82 1.376
1 69 1.372
1 59 1.366
1 63 1.364
1 54 1.356
1 65 1.35
1 85 1.336
1 193 1.332
1 244 1.32
1 109 1.318
1 236 1.318
1 224 1.31
1 238 1.28
1 161 1.23
1 204 1.228
1 134 1.224
1 170 1.22
1 21 1.21
1 73 1.202
1 206 1.188
1 159 1.186
1 178 1.174
1 151 1.172
1 166 1.17
1 62 1.154
1 230 1.126
2 122 5.392
2 141 4.576
2 29 4.316
2 36 4.172
2 46 3.6
2 216 3.424
2 98 3.326
2 11 3.322
2 93 3.204
2 55 3.142
2 100 3.062
2 231 3.052
2 232 3.014
2 20 3.002
2 41 2.998
2 217 2.984
2 127 2.978
2 3 2.962
2 191 2.944
2 123 2.874
2 28 2.842
2 90 2.826
2 190 2.772
2 135 2.768
2 145 2.756
2 42 2.746
2 56 2.726
2 176 2.724
2 31 2.722
2 242 2.698
2 237 2.69
2 99 2.688
2 133 2.67
2 96 2.658
2 87 2.65
2 147 2.644
2 146 2.608
2 144 2.592
2 182 2.584
2 6 2.54
2 143 2.534
2 150 2.532
2 163 2.53
2 45 2.502
2 94 2.5
2 140 2.458
2 37 2.458
2 17 2.452
2 234 2.406
2 101 2.352
2 69 2.344
2 136 2.342
2 125 2.332
2 118 2.324
2 33 2.324
2 106 2.324
2 194 2.322
2 1 2.31
2 137 2.308
2 138 2.304
2 168 2.298
2 109 2.28
2 43 2.28
2 81 2.238
2 226 2.232
2 8 2.23
2 218 2.226
2 139 2.22
2 39 2.212
2 92 2.208
2 23 2.192
2 128 2.178
2 130 2.178
2 157 2.168
2 95 2.166
2 215 2.162
2 207 2.158
2 65 2.156
2 209 2.154
2 129 2.154
2 57 2.148
2 148 2.148
2 53 2.148
2 189 2.148
2 22 2.146
2 76 2.14
2 54 2.132
2 198 2.124
2 120 2.118
2 225 2.118
2 230 2.114
2 131 2.112
2 16 2.112
2 27 2.104
2 21 2.094
2 7 2.08
2 82 2.08
2 44 2.08
2 175 2.072
2 15 2.06
2 30 2.05
2 229 2.04
2 77 2.038
2 212 2.036
2 172 2.03
2 222 2.03
2 102 2.028
2 119 2.028
2 177 2.026
2 32 2.024
2 4 2.022
2 83 2.02
2 188 2.01
2 132 2.004
2 149 2.004
2 213 1.996
2 186 1.99
2 51 1.988
2 159 1.978
2 185 1.976
2 12 1.958
2 19 1.958
2 184 1.956
2 124 1.946
2 34 1.936
2 183 1.934
2 80 1.928
2 240 1.926
2 108 1.92
2 200 1.916
2 219 1.902
2 173 1.898
2 152 1.896
2 47 1.89
2 52 1.888
2 5 1.878
2 155 1.874
2 105 1.874
2 224 1.866
2 78 1.852
2 40 1.85
2 121 1.85
2 13 1.846
2 10 1.844
2 193 1.842
2 238 1.842
2 187 1.838
2 126 1.836
2 236 1.826
2 58 1.824
2 66 1.82
2 2 1.818
2 179 1.816
2 211 1.812
2 153 1.808
2 103 1.8
2 89 1.782
2 85 1.774
2 192 1.766
2 9 1.758
2 49 1.756
2 178 1.756
2 110 1.744
2 26 1.742
2 220 1.734
2 221 1.724
2 14 1.71
2 223 1.71
2 18 1.702
2 169 1.698
2 71 1.696
2 72 1.694
2 35 1.692
2 111 1.686
2 227 1.686
2 62 1.68
2 197 1.68
2 208 1.674
2 233 1.672
2 84 1.66
2 60 1.644
2 134 1.636
2 235 1.634
2 181 1.628
2 97 1.624
2 117 1.614
2 48 1.614
2 61 1.614
2 180 1.612
2 67 1.61
2 142 1.606
2 24 1.576
2 199 1.576
2 174 1.562
2 38 1.558
2 59 1.55
2 170 1.546
2 107 1.546
2 156 1.524
2 151 1.518
2 171 1.514
2 245 1.51
2 73 1.49
2 104 1.486
2 160 1.48
2 239 1.474
2 210 1.46
2 205 1.454
2 113 1.4
2 63 1.396
2 70 1.352
2 228 1.348
2 206 1.342
2 164 1.334
2 196 1.32
2 64 1.316
2 214 1.306
2 161 1.294
2 75 1.276
2 88 1.262
2 202 1.218
2 114 1.206
2 74 1.186
2 86 1.174
2 204 1.168
2 116 1.166
2 244 1.16
2 68 1.16
2 91 1.158
2 25 1.146
2 243 1.13
3 141 4.638
3 122 4.55
3 127 3.962
3 214 3.838
3 100 3.754
3 118 3.696
3 232 3.69
3 125 3.672
3 36 3.64
3 123 3.552
3 233 3.524
3 163 3.454
3 164 3.432
3 225 3.398
3 242 3.306
3 120 3.302
3 95 3.278
3 44 3.196
3 147 3.178
3 135 3.174
3 31 3.146
3 94 3.128
3 218 3.07
3 230 3.066
3 226 3.066
3 58 3.058
3 35 3.054
3 145 3.048
3 54 2.988
3 182 2.974
3 99 2.91
3 139 2.9
3 133 2.896
3 29 2.866
3 81 2.846
3 3 2.84
3 234 2.832
3 98 2.806
3 51 2.8
3 102 2.792
3 119 2.772
3 30 2.726
3 41 2.726
3 190 2.712
3 191 2.692
3 146 2.692
3 217 2.692
3 48 2.69
3 215 2.684
3 152 2.67
3 108 2.668
3 62 2.652
3 111 2.636
3 224 2.606
3 142 2.58
3 128 2.576
3 57 2.572
3 17 2.558
3 93 2.546
3 209 2.542
3 47 2.54
3 12 2.528
3 144 2.514
3 175 2.506
3 5 2.504
3 106 2.486
3 20 2.482
3 8 2.468
3 216 2.458
3 193 2.446
3 229 2.432
3 37 2.43
3 239 2.428
3 52 2.422
3 222 2.414
3 78 2.41
3 231 2.406
3 171 2.404
3 65 2.396
3 4 2.384
3 143 2.356
3 140 2.356
3 124 2.35
3 148 2.348
3 61 2.344
3 69 2.332
3 40 2.332
3 188 2.332
3 155 2.328
3 22 2.324
3 34 2.318
3 121 2.266
3 212 2.264
3 103 2.25
3 50 2.244
3 174 2.224
3 60 2.212
3 23 2.212
3 169 2.202
3 187 2.19
3 132 2.188
3 220 2.172
3 1 2.17
3 185 2.17
3 245 2.17
3 126 2.17
3 235 2.166
3 42 2.166
3 39 2.146
3 16 2.144
3 96 2.144
3 194 2.132
3 173 2.13
3 180 2.126
3 2 2.122
3 84 2.11
3 43 2.092
3 28 2.09
3 90 2.088
3 15 2.08
3 9 2.08
3 67 2.06
3 240 2.056
3 109 2.048
3 71 2.046
3 204 2.046
3 238 2.044
3 186 2.042
3 79 2.028
3 206 2.028
3 181 2.028
3 46 2.018
3 137 2.014
3 221 2.012
3 86 2.01
3 236 2.002
3 243 2.002
3 167 2.0
3 151 1.992
3 223 1.992
3 176 1.97
3 170 1.964
3 200 1.96
3 92 1.958
3 183 1.932
3 10 1.93
3 19 1.924
3 150 1.92
3 33 1.918
3 130 1.906
3 129 1.904
3 82 1.9
3 11 1.896
3 168 1.87
3 104 1.844
3 227 1.844
3 114 1.836
3 149 1.836
3 49 1.836
3 7 1.826
3 199 1.824
3 162 1.82
3 237 1.81
3 97 1.806
3 53 1.802
3 172 1.778
3 177 1.778
3 55 1.776
3 87 1.772
3 166 1.764
3 189 1.738
3 153 1.738
3 158 1.712
3 192 1.712
3 112 1.706
3 27 1.702
3 83 1.688
3 198 1.678
3 131 1.67
3 219 1.668
3 38 1.642
3 136 1.632
3 56 1.626
3 64 1.62
3 59 1.614
3 115 1.612
3 6 1.608
3 76 1.604
3 101 1.578
3 228 1.576
3 26 1.56
3 134 1.556
3 14 1.554
3 207 1.544
3 21 1.542
3 213 1.534
3 241 1.532
3 32 1.526
3 25 1.518
3 184 1.51
3 157 1.496
3 178 1.48
3 63 1.426
3 110 1.418
3 179 1.414
3 18 1.412
3 246 1.41
3 45 1.402
3 13 1.372
3 196 1.37
3 68 1.35
3 88 1.334
3 210 1.316
3 70 1.316
3 72 1.29
3 208 1.288
3 66 1.284
3 24 1.278
3 91 1.278
3 202 1.268
3 113 1.262
3 89 1.25
3 161 1.246
3 159 1.242
3 80 1.238
3 74 1.216
3 105 1.19
3 138 1.182
