1 25 3.324
1 44 3.12
1 24 2.998
1 34 2.932
1 51 2.928
1 35 2.808
1 27 2.804
1 52 2.702
1 31 2.666
1 17 2.456
1 18 2.428
1 23 2.414
1 32 2.394
1 33 2.39
1 28 2.308
1 46 2.2
1 9 2.2
1 36 2.128
1 29 2.108
1 43 2.098
1 40 2.086
1 57 2.082
1 21 2.08
1 8 2.08
1 4 2.064
1 26 2.056
1 13 2.054
1 3 2.05
1 7 2.024
1 15 2.022
1 47 2.002
1 54 1.98
1 20 1.958
1 56 1.95
1 49 1.934
1 50 1.934
1 58 1.928
1 11 1.898
1 30 1.888
1 59 1.876
1 45 1.856
1 6 1.854
1 10 1.822
1 19 1.796
1 12 1.75
1 14 1.74
1 42 1.724
1 41 1.684
1 55 1.674
1 16 1.672
1 61 1.668
1 5 1.614
1 53 1.572
1 38 1.564
1 48 1.51
1 37 1.414
1 1 1.358
1 39 1.308
1 22 1.206
1 2 1.132
2 34 2.83
2 51 2.82
2 23 2.76
2 44 2.722
2 7 2.652
2 13 2.574
2 19 2.544
2 46 2.516
2 26 2.5
2 39 2.444
2 30 2.362
2 33 2.24
2 31 2.18
2 21 2.172
2 28 2.052
2 29 2.036
2 8 1.968
2 5 1.868
2 4 1.836
2 12 1.798
2 56 1.782
2 47 1.772
2 17 1.746
2 24 1.744
2 37 1.662
2 58 1.56
2 50 1.526
2 15 1.47
2 9 1.422
2 27 1.39
2 16 1.24
2 53 1.182
3 26 4.092
3 46 3.974
3 23 3.408
3 49 3.294
3 30 3.24
3 33 3.226
3 28 3.218
3 36 3.208
3 27 3.01
3 18 2.97
3 48 2.588
3 52 2.232
3 6 2.124
3 4 1.846
3 12 1.596
3 54 1.592
3 10 1.586
3 14 1.582
3 11 1.572
3 13 1.566
3 37 1.566
3 38 1.55
3 55 1.542
3 8 1.538
3 39 1.51
4 23 3.91
4 31 3.436
4 25 3.306
4 35 3.252
4 46 3.106
4 50 2.838
4 34 2.6
4 20 2.556
4 45 2.55
4 19 2.536
4 33 2.452
4 37 2.32
4 24 2.202
4 47 2.196
4 17 2.16
4 52 2.126
4 48 2.12
4 8 2.092
4 40 2.014
4 15 2.01
4 42 1.964
4 56 1.884
4 5 1.866
4 39 1.854
4 28 1.742
4 36 1.702
4 41 1.652
4 12 1.622
4 29 1.612
4 9 1.492
4 49 1.47
4 51 1.448
4 43 1.44
4 13 1.406
4 55 1.384
4 14 1.37
4 6 1.352
4 32 1.35
4 4 1.312
4 10 1.292
4 16 1.28
4 38 1.25
4 58 1.236
4 30 1.196
4 11 1.158
4 44 1.152
4 61 1.152
5 7 3.87
5 44 3.118
5 51 3.108
5 11 2.966
5 21 2.876
5 26 2.85
5 46 2.688
5 2 2.44
5 34 2.32
5 18 2.312
5 13 2.306
5 8 2.24
5 6 2.236
5 3 2.228
5 31 2.026
5 40 1.992
5 23 1.898
5 41 1.848
5 57 1.808
5 37 1.766
5 5 1.76
5 20 1.746
5 45 1.73
5 36 1.67
5 10 1.63
5 15 1.614
5 48 1.594
5 42 1.59
5 32 1.582
5 33 1.582
5 4 1.574
5 35 1.544
5 47 1.534
5 30 1.534
5 17 1.498
5 38 1.494
5 16 1.488
5 19 1.488
5 12 1.482
5 52 1.452
5 28 1.43
5 27 1.424
5 55 1.414
5 39 1.388
5 25 1.384
5 58 1.36
5 61 1.36
5 60 1.338
5 50 1.336
5 24 1.336
5 56 1.328
5 54 1.324
5 14 1.276
5 9 1.252
5 59 1.246
5 49 1.234
5 53 1.224
5 29 1.21
5 22 1.18
5 43 1.15
