1 1 2.568
1 14 1.086
1 15 1.084
1 28 1.076
1 86 1.076
1 43 1.074
1 81 1.074
1 103 1.074
1 57 1.072
1 71 1.072
1 68 1.07
1 23 1.068
1 60 1.068
1 82 1.068
1 85 1.068
1 13 1.066
1 70 1.066
1 65 1.066
1 12 1.064
1 54 1.064
1 73 1.064
1 18 1.062
1 30 1.062
1 34 1.062
1 29 1.058
1 64 1.058
1 55 1.058
1 93 1.058
1 104 1.058
1 58 1.056
1 59 1.056
1 78 1.056
1 97 1.056
1 27 1.054
1 76 1.054
1 79 1.054
1 19 1.054
1 72 1.052
1 99 1.052
1 7 1.05
1 69 1.05
1 77 1.05
1 89 1.05
1 62 1.048
1 26 1.048
1 100 1.048
1 9 1.048
1 6 1.046
1 66 1.046
1 80 1.046
1 91 1.046
1 56 1.044
1 98 1.044
1 17 1.044
1 87 1.042
1 94 1.042
1 83 1.04
1 96 1.04
1 31 1.038
1 32 1.038
1 84 1.038
1 67 1.038
1 75 1.038
1 105 1.038
1 63 1.036
1 90 1.036
1 4 1.036
1 16 1.036
1 2 1.034
1 33 1.034
1 74 1.034
1 88 1.028
1 101 1.028
1 5 1.026
1 53 1.026
1 92 1.024
1 3 1.024
1 10 1.024
1 61 1.022
1 95 1.022
1 22 1.02
1 11 1.01
2 1 2.432
2 41 1.158
2 38 1.142
2 23 1.134
2 44 1.134
2 8 1.124
2 24 1.12
2 4 1.116
2 20 1.116
2 103 1.112
2 2 1.11
2 6 1.11
2 25 1.11
2 26 1.11
2 22 1.108
2 33 1.106
2 9 1.104
2 32 1.102
2 48 1.102
2 7 1.1
2 50 1.1
2 27 1.098
2 49 1.098
2 21 1.098
2 37 1.088
2 52 1.088
2 101 1.088
2 104 1.086
2 5 1.084
2 3 1.08
2 36 1.08
2 43 1.08
2 31 1.078
2 46 1.078
2 19 1.078
2 51 1.076
2 28 1.074
2 47 1.07
2 39 1.068
2 40 1.066
2 45 1.066
2 102 1.062
2 35 1.052
2 42 1.05
3 1 3.0
3 2 3.0
3 3 3.0
