1 39 3.65
1 22 2.668
1 24 2.416
1 1 1.966
1 3 1.912
1 28 1.81
1 37 1.782
1 45 1.586
1 33 1.39
1 284 1.138
1 282 1.122
1 502 1.116
1 133 1.108
1 405 1.1
1 504 1.098
1 536 1.096
1 524 1.096
1 500 1.094
1 541 1.09
1 251 1.088
1 850 1.084
1 293 1.084
1 274 1.084
1 383 1.084
1 506 1.082
1 197 1.08
1 218 1.078
1 585 1.078
1 450 1.078
1 747 1.078
1 349 1.078
1 523 1.078
1 290 1.076
1 354 1.074
1 236 1.074
1 561 1.074
1 448 1.074
1 617 1.072
1 595 1.072
1 592 1.072
1 479 1.072
1 875 1.072
1 611 1.072
1 616 1.072
1 490 1.07
1 674 1.07
1 593 1.07
1 545 1.07
1 599 1.07
1 285 1.07
1 613 1.068
1 311 1.068
1 971 1.068
1 880 1.068
1 955 1.068
1 469 1.066
1 226 1.066
1 412 1.066
1 600 1.066
1 482 1.066
1 456 1.066
1 467 1.064
1 547 1.064
1 845 1.064
1 551 1.064
1 854 1.064
1 512 1.064
1 513 1.064
1 514 1.064
1 590 1.064
1 483 1.062
1 538 1.062
1 540 1.062
1 721 1.06
1 345 1.06
1 181 1.06
1 492 1.06
1 530 1.06
1 292 1.06
1 975 1.06
1 387 1.058
1 494 1.058
1 72 1.058
1 900 1.058
1 881 1.058
1 581 1.058
1 361 1.058
1 534 1.058
1 688 1.058
1 588 1.058
1 461 1.058
1 569 1.056
1 597 1.056
1 549 1.056
1 18 1.056
1 550 1.056
1 887 1.056
1 560 1.056
1 979 1.056
1 454 1.056
1 56 1.056
1 223 1.054
1 964 1.054
1 114 1.054
1 843 1.054
1 49 1.054
1 767 1.054
1 532 1.054
1 609 1.054
1 481 1.054
1 612 1.054
1 891 1.052
1 516 1.052
1 961 1.052
1 719 1.052
1 1003 1.052
1 918 1.052
1 407 1.052
1 498 1.052
1 848 1.052
1 554 1.052
1 851 1.052
1 712 1.052
1 453 1.052
1 909 1.052
1 963 1.05
1 338 1.05
1 210 1.05
1 325 1.05
1 531 1.05
1 685 1.05
1 568 1.05
1 480 1.05
1 757 1.048
1 213 1.048
1 378 1.048
1 499 1.048
1 602 1.048
1 298 1.048
1 529 1.048
1 533 1.048
1 885 1.048
1 956 1.048
1 587 1.048
1 562 1.048
1 912 1.048
1 487 1.048
1 464 1.046
1 542 1.046
1 839 1.046
1 840 1.046
1 594 1.046
1 526 1.046
1 659 1.046
1 552 1.046
1 849 1.046
1 460 1.046
1 451 1.046
1 960 1.044
1 489 1.044
1 697 1.044
1 466 1.044
1 917 1.044
1 321 1.044
1 41 1.044
1 522 1.044
1 921 1.044
1 525 1.044
1 879 1.044
1 861 1.044
1 930 1.044
1 907 1.044
1 886 1.044
1 937 1.042
1 938 1.042
1 567 1.042
1 870 1.042
1 677 1.042
1 701 1.042
1 548 1.042
1 702 1.042
1 576 1.042
1 901 1.042
1 579 1.042
1 605 1.042
1 262 1.042
1 952 1.042
1 583 1.042
1 535 1.042
1 173 1.042
1 911 1.042
1 867 1.042
1 347 1.04
1 653 1.04
1 873 1.04
1 656 1.04
1 8 1.04
1 574 1.04
1 657 1.04
1 877 1.04
1 923 1.04
1 73 1.04
1 660 1.04
1 252 1.04
1 501 1.04
1 604 1.04
1 709 1.04
1 977 1.04
1 786 1.04
1 910 1.04
1 385 1.04
1 936 1.04
1 296 1.04
1 488 1.04
1 672 1.038
1 2 1.038
1 491 1.038
1 408 1.038
1 819 1.038
1 363 1.038
1 571 1.038
1 409 1.038
1 231 1.038
1 968 1.038
1 969 1.038
1 241 1.038
1 729 1.038
1 474 1.038
1 661 1.038
1 662 1.038
1 929 1.038
1 667 1.038
1 586 1.038
1 384 1.038
1 485 1.038
1 58 1.038
1 62 1.038
1 775 1.036
1 868 1.036
1 264 1.036
1 869 1.036
1 635 1.036
1 219 1.036
1 519 1.036
1 360 1.036
1 941 1.036
1 699 1.036
1 339 1.036
1 520 1.036
1 965 1.036
1 340 1.036
1 322 1.036
1 759 1.036
1 821 1.036
1 945 1.036
1 777 1.036
1 527 1.036
1 706 1.036
1 255 1.036
1 684 1.036
1 950 1.036
1 974 1.036
1 134 1.036
1 954 1.036
1 809 1.036
1 169 1.036
1 350 1.036
1 934 1.036
1 351 1.036
1 750 1.036
1 386 1.036
1 982 1.036
1 913 1.036
1 515 1.036
1 305 1.034
1 673 1.034
1 543 1.034
1 493 1.034
1 895 1.034
1 842 1.034
1 944 1.034
1 391 1.034
1 240 1.034
1 681 1.034
1 473 1.034
1 728 1.034
1 327 1.034
1 578 1.034
1 553 1.034
1 972 1.034
1 781 1.034
1 503 1.034
1 476 1.034
1 256 1.034
1 63 1.034
1 505 1.034
1 555 1.034
1 928 1.034
1 65 1.034
1 372 1.034
1 852 1.034
1 69 1.034
1 507 1.034
1 557 1.034
1 785 1.034
1 584 1.034
1 749 1.034
1 740 1.034
1 935 1.034
1 304 1.034
1 486 1.034
1 68 1.034
1 792 1.032
1 591 1.032
1 128 1.032
1 495 1.032
1 758 1.032
1 967 1.032
1 238 1.032
1 324 1.032
1 847 1.032
1 779 1.032
1 763 1.032
1 925 1.032
1 580 1.032
1 663 1.032
1 606 1.032
1 607 1.032
1 906 1.032
1 853 1.032
1 738 1.032
1 933 1.032
1 669 1.032
1 959 1.032
1 344 1.032
1 1002 1.032
1 915 1.03
1 916 1.03
1 544 1.03
1 652 1.03
1 756 1.03
1 23 1.03
1 468 1.03
1 368 1.03
1 180 1.03
1 424 1.03
1 679 1.03
1 876 1.03
1 658 1.03
1 727 1.03
1 243 1.03
1 762 1.03
1 823 1.03
1 620 1.03
1 644 1.03
1 926 1.03
1 782 1.03
1 734 1.03
1 735 1.03
1 582 1.03
1 736 1.03
1 608 1.03
1 343 1.03
1 508 1.03
1 931 1.03
1 650 1.03
1 651 1.03
1 748 1.03
1 670 1.03
1 790 1.03
1 751 1.03
1 774 1.03
1 752 1.028
1 776 1.028
1 283 1.028
1 940 1.028
1 841 1.028
1 872 1.028
1 546 1.028
1 34 1.028
1 919 1.028
1 638 1.028
1 724 1.028
1 496 1.028
1 640 1.028
1 245 1.028
1 413 1.028
1 472 1.028
1 601 1.028
1 704 1.028
1 416 1.028
1 79 1.028
1 25 1.028
1 509 1.028
1 370 1.028
1 623 1.028
1 477 1.028
1 556 1.028
1 784 1.028
1 275 1.028
1 71 1.028
1 908 1.028
1 38 1.028
1 631 1.028
1 329 1.028
1 389 1.028
1 985 1.028
1 986 1.028
1 404 1.026
1 720 1.026
1 51 1.026
1 281 1.026
1 313 1.026
1 320 1.026
1 637 1.026
1 874 1.026
1 898 1.026
1 822 1.026
1 878 1.026
1 74 1.026
1 948 1.026
1 683 1.026
1 742 1.026
1 927 1.026
1 904 1.026
1 827 1.026
1 337 1.026
1 745 1.026
1 665 1.026
1 374 1.026
1 156 1.026
1 510 1.026
1 978 1.026
1 864 1.026
1 458 1.026
1 668 1.026
1 286 1.026
1 994 1.026
1 691 1.026
1 303 1.026
1 834 1.026
1 716 1.026
1 958 1.026
1 352 1.026
1 315 1.024
1 892 1.024
1 244 1.024
1 817 1.024
1 312 1.024
1 636 1.024
1 796 1.024
1 654 1.024
1 211 1.024
1 897 1.024
1 423 1.024
1 844 1.024
1 411 1.024
1 725 1.024
1 641 1.024
1 618 1.024
1 761 1.024
1 801 1.024
1 577 1.024
1 803 1.024
1 621 1.024
1 949 1.024
1 730 1.024
1 645 1.024
1 475 1.024
1 826 1.024
1 973 1.024
1 646 1.024
1 768 1.024
1 884 1.024
1 976 1.024
1 953 1.024
1 558 1.024
1 348 1.024
1 932 1.024
1 713 1.024
1 787 1.024
1 690 1.024
1 46 1.024
1 484 1.024
1 614 1.024
1 176 1.024
1 48 1.024
1 671 1.024
1 141 1.024
1 565 1.024
1 421 1.024
1 449 1.024
1 718 1.022
1 333 1.022
1 342 1.022
1 942 1.022
1 820 1.022
1 521 1.022
1 4 1.022
1 920 1.022
1 598 1.022
1 703 1.022
1 846 1.022
1 642 1.022
1 970 1.022
1 947 1.022
1 705 1.022
1 643 1.022
1 802 1.022
1 603 1.022
1 429 1.022
1 903 1.022
1 84 1.022
1 301 1.022
1 783 1.022
1 828 1.022
1 829 1.022
1 625 1.022
1 687 1.022
1 746 1.022
1 770 1.022
1 95 1.022
1 863 1.022
1 537 1.022
1 628 1.022
1 865 1.022
1 980 1.022
1 715 1.022
1 789 1.022
1 589 1.022
1 359 1.022
1 174 1.02
1 517 1.02
1 754 1.02
1 518 1.02
1 894 1.02
1 795 1.02
1 676 1.02
1 390 1.02
1 573 1.02
1 922 1.02
1 239 1.02
1 946 1.02
1 924 1.02
1 414 1.02
1 682 1.02
1 780 1.02
1 764 1.02
1 300 1.02
1 766 1.02
1 371 1.02
1 341 1.02
1 373 1.02
1 649 1.02
1 769 1.02
1 375 1.02
1 689 1.02
1 610 1.02
1 811 1.02
1 772 1.02
1 773 1.02
1 866 1.02
1 813 1.02
1 835 1.02
1 52 1.02
1 694 1.02
1 330 1.02
1 334 1.02
1 444 1.02
1 447 1.02
1 353 1.018
1 566 1.018
1 753 1.018
1 837 1.018
1 816 1.018
1 10 1.018
1 465 1.018
1 12 1.018
1 1004 1.018
1 818 1.018
1 722 1.018
1 596 1.018
1 572 1.018
1 655 1.018
1 5 1.018
1 899 1.018
1 402 1.018
1 326 1.018
1 328 1.018
1 905 1.018
1 686 1.018
1 711 1.018
1 280 1.018
1 511 1.018
1 302 1.018
1 812 1.018
1 889 1.018
1 981 1.018
1 996 1.018
1 717 1.018
1 791 1.018
1 60 1.018
1 893 1.016
1 406 1.016
1 392 1.016
1 570 1.016
1 1005 1.016
1 225 1.016
1 410 1.016
1 369 1.016
1 497 1.016
1 471 1.016
1 726 1.016
1 575 1.016
1 619 1.016
1 20 1.016
1 428 1.016
1 825 1.016
1 804 1.016
1 765 1.016
1 733 1.016
1 708 1.016
1 805 1.016
1 87 1.016
1 743 1.016
1 647 1.016
1 744 1.016
1 624 1.016
1 710 1.016
1 664 1.016
1 857 1.016
1 648 1.016
1 54 1.016
1 862 1.016
1 362 1.016
1 666 1.016
1 831 1.016
1 559 1.016
1 44 1.016
1 995 1.016
1 47 1.016
1 563 1.016
1 693 1.016
1 564 1.016
1 615 1.016
1 814 1.016
1 336 1.016
1 365 1.016
1 988 1.016
1 695 1.014
1 310 1.014
1 196 1.014
1 793 1.014
1 797 1.014
1 943 1.014
1 798 1.014
1 470 1.014
1 6 1.014
1 528 1.014
1 459 1.014
1 462 1.014
1 299 1.014
1 430 1.014
1 855 1.014
1 882 1.014
1 808 1.014
1 830 1.014
1 170 1.014
1 832 1.014
1 739 1.014
1 629 1.014
1 957 1.014
1 890 1.014
1 186 1.014
1 66 1.014
1 836 1.012
1 634 1.012
1 939 1.012
1 358 1.012
1 871 1.012
1 675 1.012
1 966 1.012
1 639 1.012
1 760 1.012
1 425 1.012
1 800 1.012
1 427 1.012
1 21 1.012
1 707 1.012
1 622 1.012
1 951 1.012
1 732 1.012
1 883 1.012
1 737 1.012
1 860 1.012
1 992 1.012
1 788 1.012
1 287 1.012
1 692 1.012
1 630 1.012
1 289 1.012
1 632 1.012
1 297 1.012
1 914 1.01
1 633 1.01
1 165 1.01
1 696 1.01
1 355 1.01
1 755 1.01
1 698 1.01
1 224 1.01
1 445 1.01
1 700 1.01
1 364 1.01
1 680 1.01
1 778 1.01
1 824 1.01
1 902 1.01
1 731 1.01
1 856 1.01
1 88 1.01
1 807 1.01
1 478 1.01
1 714 1.01
1 539 1.01
1 306 1.008
1 403 1.008
1 318 1.008
1 838 1.008
1 962 1.008
1 319 1.008
1 896 1.008
1 678 1.008
1 323 1.008
1 415 1.008
1 858 1.008
1 55 1.008
1 859 1.008
1 42 1.008
1 833 1.008
1 288 1.008
1 335 1.006
1 426 1.006
1 291 1.006
1 175 1.006
1 61 1.006
1 815 1.004
1 331 1.004
1 794 1.004
1 723 1.004
1 626 1.004
1 627 1.004
1 806 1.002
1 810 1.002
1 888 1.002
1 741 1.002
1 799 1.0
1 771 1.0
2 3 3.238
2 33 1.382
2 28 1.256
2 24 1.232
2 45 1.16
2 22 1.096
2 157 1.092
2 1 1.09
2 158 1.074
2 120 1.072
2 14 1.07
2 39 1.064
2 15 1.06
2 204 1.06
2 262 1.06
2 191 1.056
2 237 1.056
2 179 1.056
2 103 1.054
2 216 1.054
2 133 1.054
2 166 1.054
2 135 1.054
2 115 1.052
2 181 1.052
2 151 1.052
2 18 1.052
2 37 1.052
2 11 1.052
2 114 1.05
2 227 1.05
2 96 1.05
2 140 1.05
2 102 1.05
2 104 1.048
2 215 1.048
2 163 1.048
2 78 1.048
2 213 1.046
2 5 1.046
2 74 1.046
2 86 1.046
2 273 1.046
2 230 1.046
2 265 1.046
2 167 1.046
2 92 1.044
2 192 1.044
2 95 1.044
2 207 1.044
2 88 1.044
2 209 1.044
2 445 1.044
2 144 1.044
2 221 1.044
2 211 1.044
2 266 1.044
2 302 1.044
2 170 1.042
2 72 1.042
2 97 1.042
2 123 1.042
2 156 1.042
2 159 1.04
2 259 1.04
2 139 1.04
2 36 1.04
2 238 1.04
2 173 1.04
2 195 1.04
2 272 1.04
2 208 1.04
2 20 1.04
2 100 1.04
2 134 1.04
2 56 1.04
2 311 1.04
2 225 1.038
2 307 1.038
2 117 1.038
2 128 1.038
2 152 1.038
2 142 1.038
2 241 1.038
2 25 1.038
2 303 1.036
2 148 1.036
2 105 1.036
2 127 1.036
2 16 1.036
2 162 1.036
2 119 1.036
2 130 1.036
2 7 1.036
2 98 1.036
2 219 1.036
2 274 1.036
2 243 1.036
2 145 1.036
2 80 1.036
2 233 1.036
2 124 1.036
2 82 1.034
2 257 1.034
2 182 1.034
2 193 1.034
2 4 1.034
2 106 1.034
2 107 1.034
2 376 1.034
2 229 1.034
2 176 1.034
2 276 1.034
2 112 1.034
2 989 1.034
2 91 1.034
2 69 1.034
2 245 1.034
2 23 1.032
2 160 1.032
2 249 1.032
2 206 1.032
2 19 1.032
2 242 1.032
2 264 1.032
2 210 1.032
2 146 1.032
2 234 1.032
2 384 1.032
2 246 1.03
2 125 1.03
2 236 1.03
2 149 1.03
2 73 1.03
2 194 1.03
2 271 1.03
2 153 1.03
2 155 1.03
2 446 1.03
2 256 1.03
2 296 1.03
2 169 1.028
2 71 1.028
2 247 1.028
2 248 1.028
2 270 1.028
2 161 1.028
2 85 1.028
2 261 1.028
2 252 1.028
2 109 1.028
2 77 1.028
2 99 1.028
2 132 1.028
2 154 1.028
2 198 1.028
2 275 1.028
2 201 1.028
2 66 1.028
2 235 1.026
2 150 1.026
2 250 1.026
2 218 1.026
2 175 1.026
2 254 1.026
2 177 1.026
2 232 1.026
2 244 1.026
2 280 1.026
2 299 1.026
2 12 1.026
2 168 1.026
2 223 1.026
2 202 1.024
2 41 1.024
2 432 1.024
2 214 1.024
2 42 1.024
2 258 1.024
2 138 1.024
2 347 1.024
2 84 1.024
2 172 1.024
2 377 1.024
2 253 1.024
2 121 1.024
2 187 1.024
2 378 1.024
2 220 1.024
2 29 1.024
2 224 1.022
2 43 1.022
2 183 1.022
2 129 1.022
2 185 1.022
2 240 1.022
2 450 1.022
2 164 1.022
2 197 1.022
2 8 1.022
2 395 1.022
2 110 1.022
2 263 1.022
2 21 1.022
2 67 1.022
2 444 1.022
2 70 1.02
2 180 1.02
2 260 1.02
2 332 1.02
2 367 1.02
2 184 1.02
2 108 1.02
2 174 1.02
2 76 1.02
2 186 1.02
2 422 1.02
2 9 1.02
2 199 1.02
2 255 1.02
2 178 1.02
2 453 1.02
2 190 1.02
2 399 1.02
2 267 1.02
2 136 1.018
2 147 1.018
2 331 1.018
2 203 1.018
2 171 1.018
2 366 1.018
2 205 1.018
2 17 1.018
2 6 1.018
2 217 1.018
2 251 1.018
2 48 1.018
2 436 1.018
2 131 1.018
2 427 1.018
2 55 1.018
2 111 1.018
2 429 1.018
2 289 1.018
2 400 1.018
2 455 1.018
2 65 1.018
2 992 1.018
2 93 1.016
2 126 1.016
2 116 1.016
2 269 1.016
2 433 1.016
2 434 1.016
2 425 1.016
2 196 1.016
2 38 1.016
2 389 1.016
2 52 1.016
2 451 1.016
2 165 1.016
2 428 1.016
2 397 1.016
2 51 1.016
2 292 1.016
2 440 1.016
2 317 1.016
2 419 1.016
2 137 1.014
2 83 1.014
2 993 1.014
2 228 1.014
2 396 1.014
2 379 1.014
2 122 1.014
2 452 1.014
2 188 1.014
2 90 1.014
2 291 1.014
2 64 1.014
2 431 1.014
2 441 1.014
2 313 1.014
2 442 1.014
2 335 1.014
2 405 1.014
2 991 1.014
2 999 1.014
2 401 1.012
2 301 1.012
2 2 1.012
2 418 1.012
2 94 1.012
2 226 1.012
2 284 1.012
2 463 1.012
2 293 1.012
2 435 1.012
2 27 1.012
2 449 1.012
2 89 1.012
2 63 1.012
2 277 1.012
2 398 1.012
2 986 1.012
2 987 1.012
2 357 1.012
2 1001 1.012
2 333 1.01
2 443 1.01
2 457 1.01
2 855 1.01
2 46 1.01
2 141 1.01
2 438 1.01
2 631 1.01
2 380 1.01
2 430 1.01
2 381 1.01
2 222 1.01
2 212 1.01
2 312 1.01
2 40 1.01
2 346 1.01
2 417 1.01
2 420 1.01
2 13 1.008
2 81 1.008
2 268 1.008
2 387 1.008
2 392 1.008
2 388 1.008
2 47 1.008
2 343 1.008
2 87 1.008
2 35 1.008
2 143 1.008
2 53 1.008
2 439 1.008
2 278 1.008
2 113 1.008
2 279 1.008
2 990 1.008
2 26 1.006
2 314 1.006
2 424 1.006
2 393 1.006
2 75 1.006
2 34 1.006
2 394 1.006
2 437 1.006
2 44 1.006
2 200 1.006
2 300 1.006
2 309 1.006
2 310 1.006
2 356 1.006
2 997 1.006
2 1000 1.006
2 456 1.004
2 308 1.004
2 423 1.004
2 458 1.004
2 281 1.004
2 239 1.004
2 426 1.004
2 363 1.004
2 231 1.004
2 101 1.004
2 189 1.004
2 382 1.004
2 998 1.004
2 1004 1.002
2 118 1.002
2 454 1.002
2 390 1.002
2 1002 1.002
2 361 1.0
2 10 1.0
2 79 1.0
3 1 3.47
3 22 2.97
3 28 2.968
3 30 2.488
3 32 2.486
3 31 2.452
3 316 2.434
3 58 2.148
3 293 1.978
3 12 1.924
3 294 1.91
3 128 1.894
3 11 1.862
3 284 1.862
3 33 1.842
3 45 1.792
3 285 1.784
3 289 1.768
3 295 1.762
3 19 1.75
3 279 1.734
3 492 1.702
3 388 1.7
3 50 1.594
3 3 1.494
3 342 1.416
3 59 1.372
3 47 1.372
3 48 1.372
3 407 1.326
3 57 1.32
3 4 1.294
3 39 1.228
3 448 1.216
4 28 3.87
4 45 3.654
4 48 3.438
4 47 3.266
4 3 2.85
4 46 2.282
4 291 2.242
4 289 2.182
4 290 2.14
4 20 2.122
4 55 2.108
4 33 1.98
4 984 1.916
4 95 1.904
4 983 1.796
4 23 1.688
4 24 1.492
4 51 1.474
4 22 1.47
4 277 1.468
4 387 1.462
