1 2295 19.806
1 2075 13.522
1 549 11.162
1 469 11.016
1 1943 10.956
1 555 10.862
1 231 10.656
1 112 8.888
1 1028 8.55
1 716 8.294
1 1199 8.278
1 46 8.116
1 1841 7.044
1 1564 6.69
1 7 6.652
1 204 6.296
1 2648 6.206
1 9 5.952
1 3834 5.79
1 2631 5.704
1 8 5.612
1 543 5.534
1 175 5.196
1 693 5.196
1 1425 5.158
1 123 5.15
1 1351 5.086
1 495 5.034
1 40 4.934
1 1143 4.858
1 3661 4.824
1 456 4.798
1 753 4.794
1 348 4.68
1 226 4.654
1 872 4.56
1 3685 4.392
1 351 4.368
1 1836 4.348
1 81 4.326
1 951 4.232
1 1548 4.208
1 107 4.17
1 49 4.112
1 242 4.108
1 2340 4.06
1 467 4.006
1 1868 3.988
1 45 3.944
1 31 3.928
1 3830 3.91
1 201 3.886
1 252 3.88
1 2197 3.858
1 1317 3.85
1 62 3.844
1 79 3.832
1 1245 3.794
1 1165 3.784
1 38 3.78
1 1058 3.726
1 789 3.714
1 288 3.674
1 349 3.674
1 1162 3.664
1 194 3.624
1 2229 3.61
1 203 3.606
1 179 3.554
1 1605 3.53
1 1541 3.518
1 1635 3.498
1 1925 3.49
1 248 3.486
1 371 3.484
1 315 3.456
1 1896 3.404
1 1973 3.382
1 243 3.378
1 548 3.374
1 472 3.368
1 3815 3.358
1 2540 3.338
1 1345 3.334
1 621 3.334
1 935 3.32
1 196 3.316
1 2439 3.304
1 129 3.29
1 1571 3.282
1 2762 3.272
1 18 3.256
1 2607 3.24
1 537 3.218
1 474 3.214
1 1663 3.192
1 410 3.164
1 43 3.102
1 13 3.098
1 1857 3.09
1 387 3.09
1 3743 3.09
1 295 3.082
1 1902 3.07
1 457 3.062
1 126 3.058
1 1223 3.056
1 345 3.048
1 10 3.046
1 617 3.024
1 170 3.006
1 981 2.996
1 417 2.994
1 2174 2.984
1 970 2.982
1 3825 2.956
1 437 2.942
1 89 2.938
1 305 2.936
1 1846 2.924
1 697 2.924
1 2023 2.916
1 53 2.904
1 2627 2.902
1 375 2.892
1 2615 2.89
1 366 2.89
1 1810 2.888
1 2081 2.886
1 1035 2.884
1 1806 2.876
1 1713 2.858
1 1697 2.854
1 816 2.848
1 722 2.832
1 848 2.828
1 421 2.818
1 373 2.816
1 1321 2.814
1 301 2.81
1 369 2.786
1 596 2.766
1 936 2.756
1 1178 2.75
1 439 2.748
1 35 2.744
1 152 2.74
1 2447 2.738
1 2727 2.73
1 1980 2.726
1 1322 2.708
1 274 2.708
1 2348 2.704
1 1807 2.696
1 613 2.696
1 1637 2.696
1 1095 2.696
1 322 2.694
1 624 2.688
1 700 2.678
1 309 2.662
1 95 2.66
1 751 2.656
1 205 2.646
1 2772 2.64
1 834 2.638
1 1650 2.628
1 1428 2.626
1 398 2.624
1 486 2.62
1 1410 2.618
1 402 2.618
1 1182 2.608
1 378 2.608
1 1138 2.606
1 2655 2.596
1 1847 2.594
1 109 2.592
1 554 2.582
1 1128 2.572
1 34 2.57
1 1297 2.556
1 372 2.554
1 475 2.55
1 498 2.542
1 1220 2.538
1 846 2.536
1 2242 2.524
1 2746 2.52
1 78 2.512
1 3702 2.506
1 39 2.49
1 344 2.482
1 675 2.474
1 3768 2.47
1 235 2.464
1 2164 2.46
1 1385 2.452
1 529 2.45
1 626 2.446
1 539 2.442
1 330 2.442
1 26 2.436
1 2582 2.434
1 923 2.432
1 2408 2.432
1 401 2.428
1 408 2.424
1 1972 2.418
1 296 2.416
1 473 2.414
1 756 2.414
1 681 2.408
1 262 2.404
1 1509 2.394
1 1899 2.39
1 209 2.39
1 3568 2.39
1 3771 2.388
1 1329 2.38
1 1033 2.372
1 1373 2.37
1 2068 2.366
1 1681 2.366
1 1341 2.366
1 140 2.358
1 395 2.348
1 922 2.348
1 692 2.342
1 3154 2.342
1 553 2.336
1 1623 2.332
1 940 2.328
1 487 2.324
1 3619 2.324
1 6 2.322
1 1380 2.322
1 3637 2.316
1 1783 2.316
1 3788 2.314
1 915 2.312
1 1818 2.312
1 749 2.31
1 3785 2.31
1 1391 2.308
1 1052 2.304
1 1025 2.304
1 720 2.3
1 1707 2.296
1 1395 2.292
1 1799 2.288
1 2355 2.286
1 277 2.276
1 489 2.27
1 237 2.268
1 2069 2.266
1 1996 2.262
1 611 2.254
1 3667 2.252
1 206 2.25
1 1736 2.234
1 641 2.232
1 1014 2.232
1 470 2.228
1 2416 2.22
1 760 2.212
1 1384 2.21
1 3705 2.208
1 139 2.208
1 985 2.204
1 91 2.204
1 944 2.202
1 2115 2.194
1 768 2.194
1 4 2.19
1 1319 2.19
1 805 2.184
1 550 2.184
1 1441 2.178
1 1160 2.172
1 414 2.172
1 838 2.17
1 44 2.17
1 356 2.17
1 291 2.166
1 979 2.166
1 934 2.158
1 2716 2.158
1 2389 2.152
1 1038 2.148
1 1183 2.146
1 551 2.138
1 182 2.134
1 2225 2.124
1 1201 2.124
1 33 2.122
1 1774 2.12
1 766 2.11
1 1353 2.108
1 1131 2.106
1 1082 2.106
1 208 2.098
1 1355 2.098
1 1148 2.096
1 510 2.096
1 1358 2.08
1 30 2.08
1 2571 2.08
1 2008 2.064
1 19 2.064
1 1037 2.062
1 213 2.062
1 1326 2.048
1 3690 2.046
1 485 2.044
1 259 2.038
1 358 2.038
1 1849 2.036
1 441 2.032
1 187 2.032
1 508 2.032
1 1644 2.03
1 657 2.028
1 2280 2.024
1 2588 2.024
1 2030 2.022
1 1465 2.022
1 757 2.018
1 108 2.016
1 1152 2.016
1 1303 2.016
1 770 2.016
1 2583 2.012
1 603 2.006
1 271 2.004
1 1732 2.004
1 2682 2.002
1 28 2.002
1 885 1.998
1 2017 1.998
1 55 1.996
1 1596 1.996
1 2087 1.992
1 2427 1.992
1 1011 1.992
1 379 1.986
1 1179 1.982
1 3668 1.98
1 614 1.978
1 1620 1.978
1 343 1.972
1 481 1.97
1 910 1.97
1 1202 1.968
1 15 1.968
1 331 1.968
1 1967 1.964
1 1376 1.962
1 746 1.958
1 607 1.958
1 65 1.954
1 1347 1.952
1 897 1.952
1 2278 1.952
1 1346 1.95
1 287 1.95
1 2597 1.942
1 2672 1.942
1 625 1.942
1 117 1.934
1 290 1.932
1 1411 1.93
1 186 1.928
1 1931 1.924
1 1887 1.924
1 763 1.922
1 184 1.922
1 104 1.918
1 200 1.918
1 180 1.908
1 1969 1.906
1 429 1.906
1 995 1.904
1 1386 1.902
1 1817 1.9
1 111 1.898
1 2269 1.898
1 605 1.898
1 1120 1.898
1 1204 1.894
1 223 1.886
1 360 1.884
1 1034 1.88
1 1343 1.88
1 2618 1.878
1 1936 1.876
1 2275 1.876
1 99 1.874
1 233 1.872
1 815 1.872
1 2461 1.87
1 1750 1.868
1 2436 1.868
1 517 1.868
1 3735 1.866
1 496 1.866
1 2070 1.862
1 74 1.86
1 128 1.86
1 3692 1.858
1 2743 1.858
1 917 1.854
1 247 1.854
1 1230 1.85
1 2255 1.85
1 1121 1.85
1 745 1.848
1 2270 1.848
1 2260 1.846
1 36 1.844
1 2421 1.836
1 2254 1.836
1 1459 1.836
1 2724 1.836
1 1045 1.834
1 1156 1.832
1 80 1.832
1 771 1.83
1 311 1.828
1 1096 1.828
1 1678 1.826
1 1029 1.822
1 321 1.82
1 2076 1.82
1 1009 1.818
1 2756 1.816
1 68 1.814
1 1533 1.814
1 1914 1.814
1 662 1.812
1 1129 1.81
1 3869 1.808
1 2418 1.806
1 2022 1.806
1 516 1.806
1 1480 1.802
1 270 1.8
1 318 1.8
1 336 1.8
1 654 1.798
1 891 1.79
1 1998 1.786
1 157 1.786
1 492 1.786
1 249 1.786
1 2263 1.784
1 2061 1.784
1 302 1.782
1 875 1.782
1 1039 1.78
1 451 1.772
1 533 1.77
1 547 1.77
1 784 1.77
1 1298 1.768
1 1099 1.766
1 2276 1.766
1 3554 1.764
1 3689 1.764
1 2382 1.762
1 230 1.76
1 713 1.76
1 957 1.758
1 832 1.758
1 281 1.756
1 22 1.756
1 1474 1.754
1 148 1.754
1 98 1.754
1 953 1.752
1 1266 1.752
1 1960 1.752
1 256 1.75
1 949 1.748
1 365 1.748
1 389 1.746
1 918 1.742
1 2599 1.74
1 1479 1.736
1 754 1.736
1 1415 1.734
1 2262 1.73
1 2535 1.728
1 632 1.728
1 1017 1.726
1 2065 1.726
1 1454 1.724
1 1859 1.722
1 460 1.722
1 497 1.722
1 1270 1.72
1 2121 1.72
1 642 1.718
1 2003 1.718
1 214 1.718
1 1710 1.716
1 2082 1.714
1 2266 1.714
1 1600 1.712
1 956 1.71
1 263 1.708
1 1501 1.708
1 1589 1.708
1 804 1.706
1 1537 1.706
1 896 1.706
1 2664 1.704
1 2256 1.704
1 2591 1.702
1 2122 1.702
1 1304 1.7
1 2532 1.698
1 1369 1.698
1 793 1.698
1 106 1.696
1 619 1.694
1 244 1.694
1 221 1.694
1 710 1.694
1 2243 1.692
1 420 1.692
1 1661 1.684
1 3752 1.684
1 2112 1.682
1 2134 1.682
1 812 1.682
1 3794 1.682
1 761 1.68
1 2261 1.68
1 1688 1.678
1 1379 1.676
1 353 1.676
1 88 1.676
1 1680 1.674
1 21 1.672
1 176 1.67
1 1970 1.668
1 826 1.668
1 1945 1.668
1 873 1.666
1 178 1.664
1 310 1.664
1 1675 1.662
1 1388 1.662
1 1078 1.66
1 924 1.66
1 64 1.66
1 2265 1.66
1 1170 1.66
1 293 1.66
1 3712 1.658
1 1528 1.658
1 131 1.658
1 11 1.656
1 2302 1.656
1 1237 1.652
1 1158 1.652
1 950 1.652
1 1865 1.652
1 2257 1.652
1 1153 1.652
1 627 1.652
1 1903 1.65
1 94 1.65
1 1813 1.648
1 3684 1.646
1 1854 1.646
1 2277 1.646
1 899 1.646
1 737 1.644
1 946 1.644
1 1555 1.642
1 874 1.642
1 1338 1.642
1 245 1.64
1 386 1.64
1 515 1.64
1 630 1.638
1 2058 1.638
1 168 1.638
1 1193 1.638
1 2264 1.638
1 1032 1.636
1 3248 1.636
1 2844 1.636
1 1714 1.634
1 584 1.634
1 96 1.632
1 1950 1.632
1 2127 1.632
1 559 1.632
1 527 1.632
1 465 1.63
1 458 1.626
1 61 1.626
1 977 1.626
1 119 1.626
1 2111 1.624
1 2663 1.624
1 2221 1.622
1 2109 1.622
1 2641 1.622
1 1747 1.62
1 189 1.62
1 719 1.618
1 1349 1.618
1 32 1.618
1 1104 1.616
1 2541 1.614
1 333 1.614
1 1390 1.614
1 199 1.614
1 1618 1.612
1 267 1.612
1 2113 1.612
1 2251 1.612
1 1851 1.612
1 357 1.612
1 628 1.612
1 3823 1.61
1 2062 1.61
1 1314 1.61
1 1389 1.608
1 1698 1.608
1 3854 1.608
1 2150 1.606
1 2128 1.604
1 278 1.6
1 2271 1.6
1 2452 1.598
1 1519 1.594
1 1383 1.594
1 1995 1.592
1 283 1.592
1 2253 1.59
1 1920 1.588
1 1371 1.586
1 190 1.586
1 2267 1.586
1 2274 1.586
1 2474 1.586
1 156 1.584
1 2733 1.584
1 2072 1.584
1 2406 1.582
1 1254 1.582
1 3687 1.582
1 2410 1.58
1 314 1.578
1 839 1.578
1 1696 1.578
1 269 1.576
1 645 1.574
1 2258 1.574
1 1682 1.574
1 1560 1.574
1 341 1.572
1 1655 1.568
1 1361 1.568
1 661 1.568
1 1700 1.568
1 1708 1.566
1 1405 1.566
1 2737 1.564
1 937 1.564
1 2526 1.56
1 3423 1.56
1 2273 1.56
1 1626 1.56
1 1852 1.558
1 1198 1.558
1 1694 1.558
1 3760 1.556
1 1804 1.556
1 476 1.556
1 2059 1.554
1 2 1.552
1 738 1.552
1 1418 1.552
1 2771 1.552
1 1381 1.552
1 2515 1.552
1 1378 1.55
1 2586 1.55
1 173 1.548
1 764 1.548
1 342 1.546
1 2025 1.546
1 509 1.544
1 2288 1.54
1 198 1.54
1 1460 1.54
1 2702 1.538
1 1393 1.538
1 1394 1.538
1 1127 1.538
1 300 1.538
1 1702 1.538
1 2155 1.536
1 2735 1.534
1 60 1.534
1 2252 1.534
1 833 1.532
1 1336 1.532
1 1531 1.53
1 2272 1.53
1 215 1.53
1 1134 1.528
1 530 1.528
1 726 1.528
1 1500 1.528
1 3742 1.528
1 787 1.528
1 1691 1.528
1 2097 1.526
1 2203 1.526
1 814 1.526
1 1703 1.524
1 1018 1.524
1 827 1.524
1 377 1.524
1 471 1.524
1 1679 1.524
1 2945 1.522
1 2381 1.522
1 2596 1.522
1 560 1.522
1 2310 1.52
1 1372 1.52
1 134 1.52
1 3755 1.518
1 573 1.518
1 2259 1.516
1 1189 1.516
1 920 1.516
1 2085 1.516
1 1374 1.514
1 556 1.514
1 1485 1.512
1 1370 1.512
1 1076 1.512
1 2031 1.512
1 24 1.51
1 1513 1.51
1 1185 1.51
1 1716 1.508
1 2518 1.506
1 1705 1.506
1 667 1.506
1 1396 1.506
1 282 1.504
1 1377 1.504
1 2056 1.504
1 1118 1.504
1 2330 1.502
1 2621 1.502
1 732 1.502
1 1044 1.502
1 1422 1.5
1 1984 1.5
1 718 1.5
1 3714 1.5
1 1690 1.5
1 1375 1.498
1 1382 1.498
1 526 1.498
1 3774 1.496
1 1689 1.496
1 86 1.496
1 1918 1.494
1 1261 1.494
1 1423 1.494
1 1704 1.492
1 821 1.492
1 2734 1.492
1 905 1.492
1 1693 1.492
1 220 1.492
1 1711 1.49
1 447 1.49
1 2130 1.49
1 2422 1.49
1 1999 1.488
1 1339 1.488
1 2007 1.486
1 2014 1.486
1 329 1.486
1 777 1.484
1 1695 1.484
1 1133 1.482
1 2499 1.48
1 12 1.48
1 687 1.48
1 2080 1.48
1 69 1.478
1 2268 1.478
1 1685 1.478
1 133 1.478
1 545 1.476
1 2690 1.476
1 1699 1.476
1 1648 1.474
1 1436 1.474
1 3691 1.472
1 729 1.472
1 17 1.472
1 2063 1.472
1 2066 1.472
1 2584 1.47
1 724 1.47
1 1055 1.47
1 2455 1.47
1 830 1.468
1 705 1.468
1 1030 1.466
1 2678 1.466
1 824 1.464
1 1246 1.464
1 2010 1.462
1 1724 1.462
1 207 1.462
1 1692 1.462
1 1867 1.46
1 1786 1.46
1 1764 1.46
1 2000 1.458
1 1771 1.458
1 2091 1.458
1 440 1.458
1 1207 1.458
1 1791 1.458
1 861 1.458
1 1496 1.456
1 2463 1.456
1 1706 1.454
1 273 1.454
1 652 1.454
1 2369 1.454
1 1248 1.454
1 1687 1.454
1 1331 1.454
1 835 1.454
1 225 1.454
1 1636 1.454
1 2645 1.454
1 3802 1.452
1 1787 1.452
1 1701 1.452
1 546 1.45
1 752 1.45
1 585 1.45
1 1683 1.45
1 2736 1.448
1 183 1.448
1 1103 1.448
1 2099 1.446
1 445 1.446
1 236 1.444
1 339 1.444
1 2064 1.444
1 2060 1.442
1 2090 1.442
1 633 1.44
1 801 1.44
1 436 1.44
1 466 1.44
1 1278 1.44
1 818 1.44
1 1737 1.44
1 1313 1.438
1 27 1.438
1 564 1.438
1 2078 1.438
1 616 1.438
1 2105 1.434
1 894 1.434
1 1853 1.434
1 1181 1.434
1 2073 1.434
1 1332 1.434
1 2884 1.434
1 228 1.434
1 2116 1.432
1 3826 1.432
1 1432 1.432
1 1123 1.432
1 629 1.432
1 2117 1.43
1 1098 1.43
1 506 1.43
1 1561 1.43
1 1031 1.428
1 2689 1.428
1 41 1.428
1 2071 1.428
1 524 1.428
1 2001 1.424
1 23 1.424
1 3698 1.424
1 1252 1.424
1 2141 1.424
1 971 1.424
1 3730 1.424
1 1139 1.422
1 2110 1.422
1 1253 1.422
1 1677 1.422
1 677 1.42
1 2125 1.42
1 1579 1.42
1 803 1.418
1 20 1.418
1 750 1.418
1 1715 1.416
1 1330 1.416
1 2013 1.416
1 743 1.416
1 748 1.416
1 54 1.416
1 1387 1.416
1 1909 1.416
1 2100 1.414
1 2144 1.414
1 3670 1.414
1 1686 1.414
1 1335 1.414
1 16 1.412
1 2738 1.412
1 618 1.412
1 216 1.412
1 1316 1.41
1 2103 1.41
1 261 1.41
1 819 1.41
1 735 1.41
1 2328 1.41
1 1392 1.41
1 409 1.41
1 1292 1.41
1 759 1.408
1 135 1.408
1 535 1.406
1 1054 1.406
1 162 1.406
1 1951 1.406
1 1360 1.406
1 1215 1.406
1 808 1.404
1 1641 1.404
1 491 1.402
1 1907 1.402
1 1921 1.4
1 3715 1.4
1 2508 1.4
1 42 1.4
1 3803 1.4
1 1761 1.4
1 1368 1.398
1 352 1.398
1 2697 1.398
1 2077 1.398
1 3 1.396
1 1356 1.396
1 947 1.396
1 37 1.396
1 2129 1.394
1 1105 1.394
1 2304 1.394
1 2487 1.392
1 2101 1.392
1 1060 1.392
1 1521 1.392
1 1547 1.392
1 727 1.39
1 1886 1.39
1 2224 1.39
1 740 1.39
1 1086 1.39
1 251 1.39
1 227 1.39
1 2496 1.388
1 2210 1.388
1 758 1.388
1 399 1.388
1 1163 1.388
1 1446 1.388
1 136 1.388
1 3666 1.386
1 721 1.386
1 286 1.386
1 2183 1.386
1 400 1.384
1 1559 1.384
1 2079 1.384
1 2332 1.382
1 733 1.382
1 2401 1.382
1 942 1.382
1 2146 1.382
1 2148 1.382
1 1884 1.382
1 2159 1.382
1 1064 1.38
1 2630 1.38
1 1458 1.38
1 1050 1.378
1 1222 1.378
1 2055 1.378
1 3828 1.378
1 1419 1.376
1 2119 1.376
1 3386 1.376
1 961 1.376
1 856 1.376
1 1792 1.376
1 1621 1.376
1 2603 1.376
1 1657 1.374
1 1145 1.374
1 2120 1.374
1 744 1.374
1 2333 1.374
1 1633 1.374
1 806 1.372
1 540 1.372
1 1071 1.372
1 2551 1.37
1 468 1.37
1 1435 1.37
1 2377 1.368
1 234 1.368
1 2009 1.368
1 2124 1.368
1 2290 1.368
1 2319 1.368
1 1239 1.368
1 222 1.368
1 1712 1.366
1 541 1.366
1 3701 1.366
1 586 1.366
1 212 1.366
1 438 1.364
1 1490 1.364
1 1101 1.364
1 3724 1.364
1 2166 1.364
1 1344 1.364
1 1019 1.362
1 730 1.362
1 14 1.362
1 2057 1.362
1 2201 1.362
1 2114 1.36
1 1570 1.36
1 2074 1.36
1 2505 1.358
1 3583 1.358
1 3761 1.358
1 3773 1.358
1 2906 1.356
1 403 1.356
1 232 1.354
1 1492 1.354
1 2506 1.354
1 742 1.354
1 1773 1.354
1 1188 1.354
1 2108 1.352
1 1363 1.352
1 25 1.352
1 1514 1.352
1 767 1.352
1 1285 1.352
1 1184 1.352
1 146 1.35
1 2529 1.35
1 431 1.35
1 747 1.35
1 1265 1.35
1 1507 1.35
1 2305 1.35
1 396 1.35
1 505 1.35
1 1551 1.35
1 1651 1.348
1 1942 1.348
1 608 1.348
1 1502 1.348
1 1084 1.348
1 393 1.348
1 876 1.346
1 1442 1.346
1 513 1.346
1 2486 1.344
1 717 1.344
1 734 1.344
1 29 1.344
1 57 1.344
1 2161 1.344
1 1310 1.344
1 480 1.342
1 2106 1.342
1 188 1.342
1 1026 1.34
1 3710 1.34
1 2189 1.34
1 1091 1.34
1 2084 1.34
1 218 1.34
1 1257 1.338
1 2308 1.338
1 3877 1.338
1 893 1.338
1 359 1.338
1 788 1.338
1 297 1.338
1 2307 1.336
1 1497 1.336
1 1794 1.336
1 294 1.336
1 1119 1.336
1 712 1.334
1 2494 1.334
1 3708 1.334
1 736 1.334
1 3725 1.334
1 1508 1.334
1 1083 1.334
1 912 1.334
1 521 1.334
1 1003 1.332
1 2519 1.33
1 312 1.33
1 2006 1.33
1 1063 1.33
1 2450 1.33
1 1926 1.328
1 3736 1.328
1 2215 1.326
1 2768 1.326
1 275 1.326
1 292 1.326
1 1997 1.324
1 1174 1.324
1 1845 1.324
1 1047 1.324
1 1928 1.324
1 2787 1.324
1 887 1.324
1 765 1.324
1 3584 1.324
1 217 1.324
1 1122 1.324
1 799 1.324
1 2490 1.322
1 2107 1.322
1 1842 1.322
1 2096 1.322
1 2791 1.322
1 3586 1.322
1 1684 1.322
1 1295 1.322
1 2478 1.322
1 1709 1.32
1 2182 1.32
1 2042 1.32
1 1107 1.32
1 2098 1.318
1 385 1.318
1 762 1.318
1 2311 1.318
1 703 1.318
1 707 1.318
1 1475 1.316
1 380 1.316
1 143 1.316
1 2346 1.316
1 2476 1.316
1 913 1.316
1 419 1.316
1 2296 1.314
1 3754 1.314
1 2316 1.314
1 2435 1.314
1 674 1.314
1 2479 1.314
1 2102 1.312
1 1653 1.312
1 2011 1.312
1 588 1.312
1 731 1.31
1 2234 1.31
1 47 1.31
1 51 1.31
1 1640 1.31
1 185 1.31
1 974 1.31
1 849 1.31
1 2466 1.31
1 2481 1.31
1 2644 1.308
1 1924 1.308
1 959 1.308
1 1517 1.308
1 1674 1.308
1 2488 1.306
1 499 1.306
1 1543 1.306
1 3166 1.306
1 653 1.306
1 2483 1.306
1 2498 1.304
1 3289 1.304
1 2367 1.304
1 2289 1.304
1 2142 1.304
1 191 1.304
1 858 1.304
1 2782 1.304
1 3679 1.302
1 2089 1.302
1 1975 1.302
1 338 1.302
1 3791 1.302
1 2306 1.302
1 725 1.3
1 728 1.3
1 2118 1.3
1 2301 1.3
1 1583 1.3
1 2187 1.3
1 968 1.3
1 2320 1.3
1 2342 1.3
1 124 1.3
1 2002 1.298
1 1850 1.298
1 1155 1.298
1 2297 1.298
1 870 1.298
1 2184 1.298
1 2503 1.296
1 2298 1.296
1 3765 1.296
1 67 1.296
1 2313 1.296
1 2321 1.296
1 2323 1.296
1 2156 1.296
1 2344 1.296
1 1798 1.296
1 241 1.296
1 1803 1.296
1 2083 1.296
1 219 1.296
1 544 1.294
1 2370 1.294
1 2309 1.294
1 1795 1.294
1 2453 1.294
1 2626 1.294
1 1016 1.292
1 1036 1.292
1 2292 1.292
1 2331 1.292
1 443 1.29
1 3797 1.29
1 1461 1.29
1 2855 1.29
1 1027 1.288
1 807 1.288
1 2495 1.288
1 2534 1.288
1 2005 1.288
1 2501 1.288
1 1407 1.288
1 809 1.288
1 2318 1.288
1 782 1.288
1 3833 1.288
1 418 1.288
1 2485 1.286
1 2491 1.286
1 3103 1.286
1 103 1.286
1 1291 1.286
1 459 1.286
1 2181 1.286
1 2315 1.286
1 2324 1.286
1 1642 1.286
1 623 1.286
1 2497 1.284
1 276 1.284
1 3723 1.284
1 1482 1.284
1 2312 1.284
1 2347 1.284
1 1240 1.282
1 1739 1.282
1 210 1.282
1 50 1.28
1 2188 1.28
1 2153 1.28
1 2728 1.28
1 851 1.278
1 2326 1.278
1 3168 1.276
1 1499 1.276
1 2695 1.276
1 769 1.276
1 3587 1.276
1 1558 1.276
1 2812 1.276
1 3696 1.276
1 229 1.274
1 2711 1.274
1 2190 1.274
1 844 1.274
1 2317 1.274
1 2294 1.274
1 2335 1.274
1 1180 1.274
1 2717 1.274
1 1630 1.274
1 2286 1.272
1 689 1.272
1 195 1.272
1 2329 1.272
1 1793 1.272
1 843 1.27
1 2434 1.27
1 2343 1.27
1 1796 1.27
1 3643 1.27
1 2517 1.27
1 790 1.27
1 2398 1.268
1 1434 1.268
1 2322 1.268
1 1805 1.268
1 1228 1.266
1 741 1.266
1 2283 1.266
1 847 1.266
1 3829 1.266
1 1135 1.266
1 367 1.264
1 1947 1.264
1 1844 1.264
1 825 1.264
1 2012 1.264
1 463 1.264
1 772 1.264
1 3871 1.264
1 850 1.264
1 1057 1.262
1 2502 1.262
1 1966 1.262
1 945 1.262
1 289 1.262
1 2445 1.262
1 862 1.262
1 3831 1.262
1 1953 1.26
1 1876 1.26
1 2293 1.26
1 350 1.26
1 1277 1.26
1 857 1.26
1 1219 1.26
1 1450 1.26
1 1002 1.26
1 5 1.258
1 2104 1.258
1 1137 1.258
1 2371 1.258
1 394 1.258
1 2325 1.258
1 854 1.258
1 2334 1.258
1 778 1.258
1 1342 1.258
1 3677 1.258
1 739 1.256
1 1238 1.256
1 1581 1.256
1 2034 1.256
1 914 1.256
1 2931 1.256
1 2493 1.254
1 1140 1.254
1 1955 1.254
1 933 1.254
1 1962 1.254
1 3445 1.254
1 565 1.254
1 2185 1.254
1 972 1.254
1 1756 1.254
1 3671 1.254
1 604 1.254
1 125 1.254
1 2173 1.254
1 2500 1.252
1 2233 1.252
1 840 1.252
1 2327 1.252
1 3158 1.252
1 2337 1.252
1 3632 1.252
1 211 1.252
1 1293 1.252
1 2200 1.252
1 428 1.25
1 1488 1.25
1 1126 1.25
1 2126 1.25
1 1567 1.25
1 2696 1.25
1 2285 1.25
1 70 1.25
1 1782 1.25
1 1762 1.25
1 3553 1.25
1 1318 1.248
1 2492 1.248
1 3717 1.248
1 1593 1.248
1 3585 1.248
1 698 1.248
1 1563 1.248
1 255 1.248
1 1481 1.248
1 1493 1.246
1 1827 1.246
1 102 1.246
1 2536 1.246
1 1843 1.246
1 166 1.246
1 561 1.246
1 1591 1.246
1 2193 1.246
1 2338 1.246
1 127 1.246
1 2482 1.246
1 2180 1.244
1 2186 1.244
1 2171 1.244
1 1195 1.244
1 1776 1.244
1 868 1.244
1 317 1.242
1 1919 1.242
1 1585 1.242
1 477 1.242
1 2291 1.242
1 3625 1.242
1 1615 1.242
1 1629 1.242
1 2484 1.24
1 567 1.24
1 2300 1.24
1 1609 1.24
1 696 1.24
1 795 1.24
1 3729 1.238
1 1929 1.238
1 2373 1.238
1 1068 1.238
1 1863 1.238
1 1986 1.238
1 853 1.238
1 1607 1.238
1 1613 1.238
1 1186 1.238
1 1518 1.236
1 999 1.236
1 493 1.236
1 1738 1.236
1 755 1.236
1 2303 1.236
1 688 1.236
1 1603 1.236
1 592 1.236
1 2336 1.236
1 1251 1.234
1 479 1.234
1 2067 1.234
1 426 1.232
1 1933 1.232
1 3172 1.232
1 2566 1.232
1 2299 1.232
1 2590 1.232
1 1789 1.232
1 407 1.232
1 867 1.232
1 1000 1.232
1 1115 1.232
1 1860 1.23
1 562 1.23
1 1576 1.23
1 1588 1.23
1 2314 1.23
1 2016 1.23
1 699 1.23
1 1323 1.23
1 2345 1.23
1 130 1.23
1 1645 1.228
1 1948 1.228
1 2507 1.228
1 2366 1.228
1 2563 1.228
1 2376 1.228
1 3599 1.228
1 845 1.228
1 2194 1.228
1 1166 1.228
1 855 1.228
1 1797 1.228
1 783 1.228
1 1912 1.228
1 656 1.226
1 284 1.226
1 59 1.226
1 1409 1.226
1 1898 1.226
1 2477 1.226
1 100 1.224
1 2004 1.224
1 1923 1.224
1 325 1.224
1 1573 1.224
1 3673 1.224
1 177 1.224
1 1979 1.224
1 2147 1.224
1 694 1.224
1 2341 1.224
1 494 1.224
1 2489 1.222
1 1175 1.222
1 1235 1.222
1 1957 1.222
1 58 1.222
1 842 1.222
1 3732 1.222
1 1187 1.222
1 1340 1.222
1 2680 1.22
1 1958 1.22
1 566 1.22
1 2375 1.22
1 3556 1.22
1 860 1.22
1 3215 1.218
1 1489 1.218
1 164 1.218
1 1963 1.218
1 1574 1.218
1 2704 1.218
1 1072 1.218
1 2713 1.218
1 464 1.218
1 2287 1.218
1 969 1.218
1 2576 1.218
1 1276 1.218
1 507 1.218
1 2160 1.218
1 2473 1.218
1 2202 1.218
1 1231 1.216
1 1956 1.216
1 2595 1.216
1 888 1.216
1 2570 1.216
1 63 1.216
1 1586 1.216
1 72 1.216
1 1595 1.216
1 973 1.216
1 412 1.216
1 2444 1.216
1 2780 1.216
1 2352 1.216
1 87 1.216
1 224 1.216
1 364 1.216
1 424 1.214
1 1324 1.214
1 1214 1.212
1 155 1.212
1 1927 1.212
1 2365 1.212
1 1402 1.212
1 1869 1.212
1 2192 1.212
1 2468 1.212
1 3704 1.21
1 1042 1.21
1 1669 1.21
1 1510 1.21
1 3527 1.21
1 841 1.21
1 1878 1.21
1 975 1.21
1 3859 1.21
1 690 1.21
1 1606 1.21
1 2339 1.21
1 2139 1.21
1 1760 1.21
1 3777 1.208
1 822 1.208
1 889 1.208
1 1587 1.208
1 864 1.208
1 2781 1.208
1 2199 1.208
1 2480 1.208
1 97 1.206
1 1643 1.206
1 2504 1.206
1 1580 1.206
1 1260 1.206
1 2725 1.206
1 142 1.206
1 3624 1.206
1 2472 1.206
1 1049 1.204
1 1473 1.204
1 304 1.204
1 638 1.204
1 435 1.204
1 881 1.204
1 154 1.202
1 723 1.202
1 1770 1.202
1 1971 1.202
1 1524 1.202
1 3622 1.202
1 865 1.202
1 2175 1.202
1 2628 1.202
1 3850 1.202
1 3847 1.202
1 101 1.2
1 1959 1.2
1 883 1.2
1 1874 1.2
1 1592 1.2
1 2721 1.2
1 877 1.2
1 1610 1.2
1 1790 1.2
1 1051 1.198
1 3741 1.198
1 648 1.198
1 2123 1.198
1 852 1.198
1 2152 1.198
1 1546 1.198
1 1611 1.198
1 1421 1.198
1 1327 1.198
1 3875 1.198
1 488 1.196
1 56 1.196
1 1578 1.196
1 1594 1.196
1 1614 1.196
1 2469 1.196
1 3614 1.196
1 1308 1.196
1 802 1.194
1 2241 1.194
1 172 1.194
1 1572 1.194
1 3506 1.194
1 3790 1.194
1 3375 1.194
1 1590 1.194
1 1597 1.194
1 1325 1.194
1 3662 1.194
1 984 1.192
1 602 1.192
1 993 1.192
1 361 1.192
1 1337 1.192
1 2649 1.19
1 2400 1.19
1 1977 1.19
1 1584 1.19
1 2149 1.19
1 3626 1.19
1 863 1.19
1 3818 1.19
1 542 1.188
1 2239 1.188
1 442 1.188
1 943 1.188
1 174 1.188
1 1616 1.188
1 1453 1.188
1 2993 1.186
1 1838 1.186
1 1191 1.186
1 2131 1.186
1 462 1.186
1 2284 1.186
1 1429 1.186
1 2616 1.186
1 3868 1.186
1 2666 1.184
1 1937 1.184
1 1662 1.184
1 3718 1.184
1 193 1.184
1 1788 1.184
1 866 1.184
1 798 1.184
1 1311 1.184
1 1892 1.182
1 1056 1.182
1 811 1.182
1 1023 1.182
1 1225 1.182
1 1954 1.182
1 659 1.182
1 1964 1.182
1 3835 1.182
1 1946 1.18
1 483 1.18
1 820 1.18
1 2363 1.18
1 1575 1.18
1 461 1.18
1 1599 1.18
1 983 1.18
1 781 1.18
1 2612 1.18
1 1825 1.178
1 2402 1.178
1 450 1.178
1 2687 1.178
1 3770 1.178
1 569 1.178
1 3789 1.178
1 514 1.178
1 3699 1.178
1 1114 1.178
1 2509 1.178
1 1013 1.178
1 3839 1.178
1 160 1.176
1 2623 1.176
1 2575 1.176
1 1256 1.176
1 1535 1.176
1 1612 1.176
1 2633 1.176
1 2783 1.176
1 253 1.176
1 3851 1.176
1 1 1.174
1 1961 1.174
1 1568 1.174
1 2368 1.174
1 2786 1.174
1 1264 1.174
1 1755 1.174
1 684 1.174
1 1881 1.174
1 3731 1.174
1 500 1.174
1 691 1.174
1 1200 1.174
1 1287 1.174
1 1800 1.174
1 1111 1.174
1 1334 1.174
1 246 1.174
1 2784 1.172
1 1840 1.172
1 2279 1.172
1 397 1.172
1 2191 1.172
1 240 1.172
1 1301 1.172
1 3097 1.17
1 2362 1.17
1 280 1.17
1 1364 1.17
1 2086 1.17
1 1976 1.17
1 138 1.17
1 503 1.17
1 2754 1.17
1 2686 1.17
1 531 1.17
1 313 1.168
1 165 1.168
1 663 1.168
1 2424 1.168
1 1879 1.168
1 144 1.168
1 3613 1.168
1 77 1.168
1 3700 1.168
1 83 1.168
1 1664 1.166
1 2530 1.166
1 444 1.166
1 2364 1.166
1 678 1.166
1 71 1.166
1 1426 1.166
1 3827 1.166
1 1604 1.166
1 859 1.166
1 1008 1.166
1 1816 1.166
1 3739 1.166
1 1916 1.164
1 817 1.164
1 2688 1.164
1 1506 1.164
1 1875 1.164
1 478 1.164
1 1765 1.164
1 986 1.164
1 1102 1.164
1 1302 1.164
1 3848 1.164
1 1944 1.162
1 1922 1.162
1 1968 1.162
1 3519 1.162
1 2093 1.162
1 1085 1.162
1 1598 1.162
1 1601 1.162
1 1602 1.162
1 3804 1.162
1 1282 1.162
1 1617 1.162
1 1296 1.162
1 2944 1.16
1 1830 1.16
1 1952 1.16
1 1146 1.16
1 2581 1.16
1 3075 1.16
1 988 1.16
1 3682 1.16
1 2052 1.16
1 1209 1.158
1 308 1.158
1 2531 1.158
1 158 1.158
1 1949 1.158
1 1848 1.158
1 169 1.158
1 3518 1.158
1 673 1.158
1 73 1.158
1 1431 1.158
1 593 1.158
1 1216 1.158
1 1218 1.158
1 1820 1.158
1 634 1.156
1 1130 1.156
1 2653 1.156
1 2386 1.156
1 2667 1.156
1 2372 1.156
1 2742 1.156
1 3716 1.156
1 1882 1.156
1 987 1.156
1 780 1.156
1 254 1.156
1 93 1.156
1 307 1.154
1 1726 1.154
1 2384 1.154
1 2397 1.154
1 1366 1.154
1 2204 1.154
1 1577 1.154
1 954 1.154
1 1873 1.154
1 1608 1.154
1 1328 1.154
1 1811 1.154
1 85 1.154
1 2512 1.154
1 3841 1.154
1 1053 1.152
1 1834 1.152
1 2658 1.152
1 3694 1.152
1 432 1.152
1 1227 1.152
1 3549 1.152
1 320 1.152
1 3612 1.152
1 884 1.152
1 1974 1.152
1 1880 1.152
1 1427 1.152
1 1895 1.152
1 902 1.152
1 82 1.152
1 2751 1.152
1 3680 1.15
1 306 1.15
1 264 1.15
1 1658 1.15
1 1232 1.15
1 167 1.15
1 376 1.15
1 171 1.15
1 1941 1.15
1 1965 1.15
1 595 1.15
1 2454 1.15
1 2513 1.15
1 2053 1.148
1 260 1.148
1 1357 1.148
1 649 1.148
1 3726 1.148
1 1250 1.148
1 3562 1.148
1 2741 1.148
1 1872 1.148
1 346 1.148
1 2729 1.148
1 2432 1.148
1 1221 1.148
1 1802 1.148
1 1309 1.148
1 3836 1.148
1 303 1.146
1 639 1.146
1 2569 1.146
1 1073 1.146
1 1870 1.146
1 1877 1.146
1 589 1.146
1 2748 1.146
1 2018 1.146
1 900 1.146
1 2722 1.146
1 786 1.146
1 2819 1.146
1 704 1.146
1 1819 1.146
1 631 1.146
1 1718 1.146
1 3840 1.146
1 3852 1.146
1 1206 1.144
1 153 1.144
1 3548 1.144
1 3733 1.144
1 3611 1.144
1 452 1.144
1 1744 1.144
1 581 1.144
1 197 1.144
1 2470 1.144
1 518 1.144
1 1456 1.144
1 2038 1.142
1 2770 1.142
1 1136 1.142
1 316 1.142
1 3728 1.142
1 2391 1.142
1 931 1.142
1 3440 1.142
1 570 1.142
1 2133 1.142
1 1749 1.142
1 3595 1.142
1 1540 1.142
1 890 1.142
1 3159 1.142
1 90 1.142
1 92 1.142
1 1469 1.142
1 3843 1.142
1 1212 1.14
1 161 1.14
1 1495 1.14
1 2555 1.14
1 886 1.14
1 2043 1.14
1 587 1.14
1 911 1.14
1 2792 1.14
1 636 1.138
1 1723 1.138
1 2522 1.138
1 538 1.138
1 1727 1.138
1 926 1.138
1 658 1.138
1 2045 1.138
1 2046 1.138
1 869 1.138
1 576 1.138
1 1991 1.138
1 982 1.138
1 113 1.138
1 3819 1.138
1 3856 1.138
1 2195 1.138
1 2198 1.138
1 3738 1.138
1 3845 1.138
1 1649 1.136
1 2775 1.136
1 3323 1.136
1 958 1.136
1 3800 1.136
1 413 1.136
1 3821 1.136
1 423 1.134
1 1722 1.134
1 258 1.134
1 2774 1.134
1 163 1.134
1 1665 1.134
1 2562 1.134
1 1866 1.134
1 1177 1.134
1 1437 1.134
1 406 1.134
1 1217 1.134
1 1320 1.134
1 1333 1.134
1 1457 1.134
1 1628 1.134
1 3651 1.134
1 2511 1.134
1 3329 1.134
1 711 1.134
1 3838 1.134
1 1470 1.134
1 1826 1.132
1 2396 1.132
1 2403 1.132
1 490 1.132
1 2205 1.132
1 382 1.132
1 2567 1.132
1 1582 1.132
1 1668 1.132
1 1632 1.13
1 1769 1.13
1 558 1.13
1 449 1.13
1 2374 1.13
1 879 1.13
1 990 1.13
1 2693 1.13
1 149 1.128
1 1144 1.128
1 1985 1.128
1 141 1.128
1 1988 1.128
1 1885 1.128
1 76 1.128
1 1775 1.128
1 1445 1.128
1 998 1.128
1 1814 1.128
1 250 1.128
1 1721 1.126
1 2785 1.126
1 644 1.126
1 1939 1.126
1 1856 1.126
1 2209 1.126
1 2740 1.126
1 66 1.126
1 3656 1.126
1 1647 1.126
1 404 1.126
1 2019 1.126
1 3563 1.124
1 159 1.124
1 1362 1.124
1 1772 1.124
1 448 1.124
1 2561 1.124
1 2219 1.124
1 390 1.124
1 1520 1.124
1 2044 1.124
1 1089 1.124
1 2752 1.124
1 1777 1.124
1 706 1.124
1 1725 1.122
1 1354 1.122
1 3734 1.122
1 2245 1.122
1 1504 1.122
1 1087 1.122
1 1990 1.122
1 1081 1.122
1 906 1.122
1 2638 1.122
1 3582 1.122
1 3842 1.122
1 3844 1.122
1 3879 1.122
1 422 1.12
1 2395 1.12
1 882 1.12
1 563 1.12
1 575 1.12
1 578 1.12
1 3655 1.12
1 1981 1.12
1 591 1.12
1 3796 1.12
1 3294 1.12
1 3675 1.12
1 84 1.12
1 3857 1.12
1 1821 1.12
1 1728 1.118
1 1652 1.118
1 919 1.118
1 650 1.118
1 655 1.118
1 2674 1.118
1 1989 1.118
1 202 1.118
1 120 1.118
1 2035 1.118
1 3849 1.118
1 427 1.116
1 3779 1.116
1 3780 1.116
1 2546 1.116
1 2550 1.116
1 328 1.116
1 381 1.116
1 1734 1.116
1 1092 1.116
1 2755 1.116
1 2613 1.116
1 3456 1.116
1 1444 1.116
1 1763 1.116
1 2560 1.116
1 132 1.116
1 709 1.116
1 1913 1.116
1 2652 1.114
1 1059 1.114
1 643 1.114
1 482 1.114
1 1352 1.114
1 1359 1.114
1 828 1.114
1 938 1.114
1 2510 1.114
1 2524 1.114
1 574 1.114
1 2675 1.114
1 1267 1.114
1 1275 1.114
1 1778 1.114
1 1281 1.114
1 1552 1.114
1 2168 1.114
1 2777 1.114
1 2351 1.114
1 1299 1.114
1 1627 1.114
1 3676 1.114
1 1717 1.114
1 1048 1.114
1 1719 1.114
1 1729 1.112
1 1348 1.112
1 268 1.112
1 1486 1.112
1 484 1.112
1 2668 1.112
1 3397 1.112
1 1748 1.112
1 192 1.112
1 3814 1.112
1 601 1.112
1 411 1.112
1 1901 1.112
1 3820 1.112
1 1622 1.112
1 620 1.112
1 299 1.112
1 2685 1.112
1 525 1.112
1 1667 1.11
1 3497 1.11
1 347 1.11
1 1759 1.11
1 355 1.11
1 1889 1.11
1 405 1.11
1 1780 1.11
1 3816 1.11
1 118 1.11
1 2349 1.11
1 701 1.11
1 2749 1.11
1 1822 1.108
1 434 1.108
1 1404 1.108
1 1147 1.108
1 2247 1.108
1 1159 1.108
1 680 1.108
1 1268 1.108
1 3795 1.108
1 880 1.108
1 1279 1.108
1 1100 1.108
1 512 1.108
1 238 1.108
1 996 1.108
1 997 1.108
1 523 1.108
1 3870 1.108
1 1720 1.106
1 1639 1.106
1 257 1.106
1 1226 1.106
1 279 1.106
1 374 1.106
1 446 1.106
1 1498 1.106
1 1512 1.106
1 1161 1.106
1 3555 1.106
1 960 1.106
1 2580 1.106
1 3784 1.106
1 1883 1.106
1 599 1.106
1 511 1.106
1 1553 1.106
1 2169 1.106
1 519 1.106
1 3686 1.104
1 1828 1.104
1 1934 1.104
1 2457 1.104
1 2394 1.104
1 1659 1.104
1 285 1.104
1 3565 1.104
1 2137 1.104
1 2718 1.104
1 1430 1.104
1 978 1.104
1 606 1.104
1 2769 1.104
1 2036 1.104
1 708 1.104
1 2359 1.104
1 532 1.102
1 2238 1.102
1 2240 1.102
1 2545 1.102
1 646 1.102
1 2548 1.102
1 647 1.102
1 2549 1.102
1 1938 1.102
1 1154 1.102
1 1258 1.102
1 1079 1.102
1 695 1.102
1 3722 1.102
1 3822 1.102
1 2032 1.102
1 2356 1.102
1 2360 1.102
1 1823 1.1
1 2525 1.1
1 3160 1.1
1 2620 1.1
1 1247 1.1
1 1511 1.1
1 2574 1.1
1 2423 1.1
1 1752 1.1
1 779 1.1
1 610 1.1
1 2779 1.1
1 3688 1.1
1 552 1.1
1 1007 1.1
1 3660 1.1
1 1467 1.1
1 1125 1.1
1 1447 1.098
1 715 1.098
1 2761 1.098
1 1829 1.098
1 1654 1.098
1 2405 1.098
1 2547 1.098
1 323 1.098
1 2206 1.098
1 337 1.098
1 1515 1.098
1 2670 1.098
1 3121 1.098
1 2579 1.098
1 1888 1.098
1 1190 1.098
1 1890 1.098
1 1280 1.098
1 3747 1.098
1 909 1.098
1 1812 1.098
1 3695 1.098
1 702 1.098
1 298 1.098
1 1638 1.098
1 2553 1.098
1 2523 1.096
1 2390 1.096
1 1403 1.096
1 2679 1.096
1 651 1.096
1 2556 1.096
1 829 1.096
1 836 1.096
1 2248 1.096
1 2207 1.096
1 2250 1.096
1 2573 1.096
1 2671 1.096
1 181 1.096
1 1259 1.096
1 2143 1.096
1 810 1.096
1 3808 1.096
1 75 1.096
1 1768 1.096
1 3787 1.096
1 1097 1.096
1 2446 1.096
1 1900 1.096
1 2451 1.096
1 1452 1.096
1 3824 1.096
1 3697 1.096
1 3567 1.096
1 1673 1.096
1 796 1.096
1 145 1.094
1 2650 1.094
1 425 1.094
1 3746 1.094
1 823 1.094
1 1244 1.094
1 2208 1.094
1 2220 1.094
1 1397 1.094
1 1249 1.094
1 2419 1.094
1 1516 1.094
1 580 1.094
1 2428 1.094
1 2430 1.094
1 1433 1.094
1 504 1.094
1 2608 1.094
1 991 1.094
1 2165 1.094
1 1556 1.094
1 416 1.094
1 2643 1.094
1 2708 1.094
1 3678 1.094
1 3878 1.094
1 2647 1.092
1 1021 1.092
1 1831 1.092
1 1833 1.092
1 1478 1.092
1 1483 1.092
1 1940 1.092
1 265 1.092
1 2622 1.092
1 2624 1.092
1 319 1.092
1 1236 1.092
1 2244 1.092
1 1151 1.092
1 2281 1.092
1 3751 1.092
1 1871 1.092
1 2676 1.092
1 2426 1.092
1 2041 1.092
1 3589 1.092
1 2745 1.092
1 892 1.092
1 3173 1.092
1 115 1.092
1 2765 1.092
1 1905 1.092
1 2350 1.092
1 1001 1.092
1 3663 1.092
1 1466 1.092
1 3798 1.09
1 3756 1.09
1 1141 1.09
1 2392 1.09
1 939 1.09
1 2249 1.09
1 660 1.09
1 1733 1.09
1 2222 1.09
1 340 1.09
1 3786 1.09
1 1074 1.09
1 1754 1.09
1 2895 1.09
1 1538 1.09
1 1172 1.09
1 1438 1.09
1 898 1.09
1 2764 1.09
1 1286 1.09
1 1554 1.09
1 609 1.09
1 3654 1.09
1 2859 1.09
1 1785 1.09
1 3837 1.09
1 2212 1.088
1 147 1.088
1 2228 1.088
1 1484 1.088
1 3799 1.088
1 1565 1.088
1 1671 1.088
1 831 1.088
1 454 1.088
1 2092 1.088
1 2095 1.088
1 955 1.088
1 1408 1.088
1 391 1.088
1 2135 1.088
1 2719 1.088
1 1262 1.088
1 3574 1.088
1 1987 1.088
1 3792 1.088
1 3621 1.088
1 3164 1.088
1 1897 1.088
1 989 1.088
1 3817 1.088
1 1906 1.088
1 2789 1.088
1 1625 1.088
1 2634 1.088
1 3645 1.088
1 622 1.088
1 3647 1.088
1 1305 1.088
1 1208 1.086
1 2521 1.086
1 925 1.086
1 2700 1.086
1 2282 1.086
1 3674 1.086
1 1399 1.086
1 568 1.086
1 3783 1.086
1 2720 1.086
1 1527 1.086
1 1529 1.086
1 683 1.086
1 2592 1.086
1 980 1.086
1 2440 1.086
1 1192 1.086
1 1194 1.086
1 2611 1.086
1 2021 1.086
1 2471 1.086
1 121 1.086
1 1400 1.086
1 415 1.086
1 363 1.086
1 1908 1.086
1 1915 1.086
1 3873 1.086
1 1917 1.084
1 3681 1.084
1 2216 1.084
1 536 1.084
1 1832 1.084
1 2732 1.084
1 2404 1.084
1 2393 1.084
1 2458 1.084
1 2681 1.084
1 3719 1.084
1 3398 1.084
1 2706 1.084
1 1070 1.084
1 1255 1.084
1 2673 1.084
1 676 1.084
1 1417 1.084
1 1753 1.084
1 2429 1.084
1 3749 1.084
1 2443 1.084
1 2610 1.084
1 1781 1.084
1 3631 1.084
1 2167 1.084
1 3652 1.084
1 2177 1.084
1 3874 1.084
1 2692 1.084
1 2635 1.084
1 2636 1.084
1 3236 1.084
1 1203 1.084
1 2378 1.082
1 433 1.082
1 3778 1.082
1 2544 1.082
1 1660 1.082
1 2557 1.082
1 2246 1.082
1 1569 1.082
1 2698 1.082
1 1731 1.082
1 1735 1.082
1 670 1.082
1 1743 1.082
1 1413 1.082
1 2425 1.082
1 1420 1.082
1 590 1.082
1 2744 1.082
1 354 1.082
1 2594 1.082
1 1093 1.082
1 594 1.082
1 2606 1.082
1 3634 1.082
1 2609 1.082
1 1196 1.082
1 2763 1.082
1 2617 1.082
1 1108 1.082
1 908 1.082
1 2196 1.082
1 1824 1.08
1 2217 1.08
1 2387 1.08
1 266 1.08
1 921 1.08
1 2538 1.08
1 272 1.08
1 1494 1.08
1 2399 1.08
1 932 1.08
1 1670 1.08
1 2407 1.08
1 941 1.08
1 3737 1.08
1 2568 1.08
1 948 1.08
1 334 1.08
1 1401 1.08
1 3638 1.08
1 952 1.08
1 3757 1.08
1 2420 1.08
1 571 1.08
1 2712 1.08
1 1522 1.08
1 1080 1.08
1 1982 1.08
1 2145 1.08
1 2431 1.08
1 1539 1.08
1 2593 1.08
1 3594 1.08
1 1542 1.08
1 2600 1.08
1 1544 1.08
1 3629 1.08
1 1550 1.08
1 2766 1.08
1 1448 1.08
1 2029 1.08
1 2629 1.08
1 2637 1.08
1 2790 1.08
1 1562 1.08
1 3025 1.08
1 520 1.08
1 1005 1.08
1 2750 1.08
1 1012 1.08
1 3855 1.08
1 1315 1.078
1 3745 1.078
1 2731 1.078
1 151 1.078
1 2533 1.078
1 2528 1.078
1 2539 1.078
1 1046 1.078
1 1233 1.078
1 1150 1.078
1 1062 1.078
1 2564 1.078
1 3683 1.078
1 2411 1.078
1 2158 1.078
1 1858 1.078
1 384 1.078
1 1067 1.078
1 1930 1.078
1 3759 1.078
1 1742 1.078
1 2136 1.078
1 1412 1.078
1 965 1.078
1 579 1.078
1 682 1.078
1 1530 1.078
1 1168 1.078
1 3596 1.078
1 2437 1.078
1 597 1.078
1 895 1.078
1 1440 1.078
1 2163 1.078
1 522 1.078
1 3775 1.078
1 2694 1.078
1 2639 1.078
1 2048 1.078
1 797 1.078
1 800 1.078
1 3853 1.078
1 2520 1.076
1 2651 1.076
1 1022 1.076
1 1476 1.076
1 1024 1.076
1 1365 1.076
1 2565 1.076
1 2211 1.076
1 1398 1.076
1 335 1.076
1 1861 1.076
1 2558 1.076
1 392 1.076
1 1075 1.076
1 962 1.076
1 963 1.076
1 577 1.076
1 1978 1.076
1 3572 1.076
1 3573 1.076
1 1751 1.076
1 3748 1.076
1 1983 1.076
1 3588 1.076
1 1271 1.076
1 2433 1.076
1 3592 1.076
1 1274 1.076
1 2438 1.076
1 1779 1.076
1 774 1.076
1 116 1.076
1 2162 1.076
1 2767 1.076
1 3636 1.076
1 1451 1.076
1 1462 1.076
1 1116 1.076
1 792 1.076
1 1307 1.076
1 1312 1.076
1 635 1.074
1 150 1.074
1 1211 1.074
1 1932 1.074
1 2385 1.074
1 1224 1.074
1 2660 1.074
1 1142 1.074
1 2665 1.074
1 2459 1.074
1 2236 1.074
1 1656 1.074
1 1241 1.074
1 1935 1.074
1 2699 1.074
1 1505 1.074
1 453 1.074
1 1164 1.074
1 671 1.074
1 679 1.074
1 1263 1.074
1 3721 1.074
1 1269 1.074
1 1169 1.074
1 2601 1.074
1 2441 1.074
1 1439 1.074
1 1549 1.074
1 1784 1.074
1 1443 1.074
1 2614 1.074
1 239 1.074
1 2776 1.074
1 2214 1.074
1 3642 1.074
1 2632 1.074
1 2353 1.074
1 2691 1.074
1 1631 1.074
1 2040 1.074
1 794 1.074
1 2358 1.074
1 1471 1.072
1 714 1.072
1 2223 1.072
1 2983 1.072
1 813 1.072
1 2170 1.072
1 2226 1.072
1 368 1.072
1 2659 1.072
1 3296 1.072
1 324 1.072
1 326 1.072
1 1243 1.072
1 2705 1.072
1 2572 1.072
1 1745 1.072
1 1525 1.072
1 2585 1.072
1 1532 1.072
1 582 1.072
1 1534 1.072
1 1272 1.072
1 2747 1.072
1 2442 1.072
1 1106 1.072
1 907 1.072
1 1801 1.072
1 2172 1.072
1 1113 1.072
1 2462 1.072
1 1455 1.072
1 2179 1.072
1 1672 1.072
1 3832 1.072
1 1132 1.07
1 3693 1.07
1 1041 1.07
1 2542 1.07
1 2683 1.07
1 2684 1.07
1 1472 1.07
1 1242 1.07
1 2231 1.07
1 3750 1.07
1 1065 1.07
1 3219 1.07
1 2094 1.07
1 666 1.07
1 2710 1.07
1 2578 1.07
1 1523 1.07
1 3767 1.07
1 2138 1.07
1 2604 1.07
1 966 1.07
1 1416 1.07
1 3781 1.07
1 1757 1.07
1 3809 1.07
1 878 1.07
1 3086 1.07
1 3618 1.07
1 2602 1.07
1 1891 1.07
1 2157 1.07
1 3758 1.07
1 901 1.07
1 776 1.07
1 903 1.07
1 3633 1.07
1 1449 1.07
1 3653 1.07
1 3641 1.07
1 785 1.07
1 1004 1.07
1 1117 1.07
1 2178 1.07
1 3763 1.07
1 1010 1.07
1 1911 1.07
1 3665 1.07
1 2916 1.07
1 2514 1.07
1 2051 1.07
1 3793 1.07
1 2516 1.07
1 2646 1.07
1 2554 1.068
1 3148 1.068
1 2380 1.068
1 3776 1.068
1 637 1.068
1 2657 1.068
1 1837 1.068
1 1839 1.068
1 1487 1.068
1 3709 1.068
1 929 1.068
1 2543 1.068
1 930 1.068
1 1666 1.068
1 557 1.068
1 48 1.068
1 1730 1.068
1 3648 1.068
1 3475 1.068
1 2232 1.068
1 2414 1.068
1 2703 1.068
1 665 1.068
1 1862 1.068
1 388 1.068
1 2132 1.068
1 2577 1.068
1 2605 1.068
1 3772 1.068
1 1893 1.068
1 2054 1.068
1 2589 1.068
1 1536 1.068
1 685 1.068
1 1273 1.068
1 1767 1.068
1 1094 1.068
1 773 1.068
1 114 1.068
1 2448 1.068
1 904 1.068
1 1619 1.068
1 2028 1.068
1 1110 1.068
1 612 1.068
1 3380 1.068
1 3646 1.068
1 1006 1.068
1 2707 1.068
1 2049 1.068
1 1468 1.068
1 640 1.066
1 3707 1.066
1 105 1.066
1 2460 1.066
1 2235 1.066
1 2880 1.066
1 3669 1.066
1 1676 1.066
1 837 1.066
1 2409 1.066
1 3711 1.066
1 383 1.066
1 3753 1.066
1 2669 1.066
1 572 1.066
1 2714 1.066
1 3766 1.066
1 1746 1.066
1 1077 1.066
1 1171 1.066
1 501 1.066
1 1176 1.066
1 1283 1.066
1 775 1.066
1 2464 1.066
1 1815 1.066
1 362 1.066
1 791 1.066
1 1910 1.066
1 2357 1.066
1 137 1.066
1 2940 1.064
1 3801 1.064
1 1210 1.064
1 1477 1.064
1 2383 1.064
1 2654 1.064
1 2527 1.064
1 3165 1.064
1 1229 1.064
1 2230 1.064
1 2237 1.064
1 3727 1.064
1 871 1.064
1 1808 1.064
1 1864 1.064
1 669 1.064
1 1741 1.064
1 2715 1.064
1 3720 1.064
1 1758 1.064
1 1766 1.064
1 1992 1.064
1 502 1.064
1 1545 1.064
1 1894 1.064
1 1197 1.064
1 3805 1.064
1 1289 1.064
1 1290 1.064
1 2778 1.064
1 1294 1.064
1 2361 1.064
1 2176 1.064
1 2354 1.064
1 1634 1.064
1 2642 1.064
1 528 1.064
1 1205 1.062
1 3275 1.062
1 2227 1.062
1 370 1.062
1 2662 1.062
1 3706 1.062
1 928 1.062
1 3713 1.062
1 1566 1.062
1 1061 1.062
1 1503 1.062
1 455 1.062
1 1066 1.062
1 3744 1.062
1 2140 1.062
1 3769 1.062
1 583 1.062
1 686 1.062
1 976 1.062
1 1993 1.062
1 2753 1.062
1 598 1.062
1 2020 1.062
1 2024 1.062
1 994 1.062
1 1109 1.062
1 2619 1.062
1 2033 1.062
1 1300 1.062
1 1904 1.062
1 2037 1.062
1 2475 1.062
1 1464 1.062
1 3664 1.062
1 3846 1.062
1 534 1.06
1 1646 1.06
1 1835 1.06
1 3169 1.06
1 1040 1.06
1 3764 1.06
1 1234 1.06
1 1149 1.06
1 1367 1.06
1 332 1.06
1 3782 1.06
1 2088 1.06
1 2413 1.06
1 1157 1.06
1 1069 1.06
1 2709 1.06
1 3551 1.06
1 3703 1.06
1 1414 1.06
1 967 1.06
1 2723 1.06
1 2726 1.06
1 1167 1.06
1 3593 1.06
1 1090 1.06
1 2151 1.06
1 2640 1.06
1 600 1.06
1 2027 1.06
1 3566 1.06
1 2039 1.06
1 2849 1.06
1 2892 1.06
1 1015 1.06
1 3672 1.06
1 1020 1.058
1 3740 1.058
1 1213 1.058
1 1350 1.058
1 2537 1.058
1 3811 1.058
1 327 1.058
1 2677 1.058
1 3520 1.058
1 1406 1.058
1 1740 1.058
1 672 1.058
1 1424 1.058
1 1088 1.058
1 3806 1.058
1 3813 1.058
1 3630 1.058
1 2213 1.058
1 2456 1.058
1 3644 1.058
1 2465 1.058
1 2050 1.058
1 1124 1.058
1 2218 1.056
1 2625 1.056
1 927 1.056
1 2412 1.056
1 3550 1.056
1 2656 1.054
1 2388 1.054
1 664 1.054
1 2417 1.054
1 1809 1.054
1 1288 1.054
1 122 1.054
1 1624 1.054
1 2379 1.052
1 2730 1.052
1 3569 1.052
1 1526 1.052
1 2661 1.052
1 2739 1.052
1 2598 1.052
1 1557 1.052
1 2559 1.052
1 1491 1.05
1 3564 1.05
1 3762 1.05
1 2587 1.05
1 1173 1.05
1 1284 1.05
1 2773 1.05
1 1463 1.05
1 1306 1.05
1 2415 1.048
1 2154 1.048
1 964 1.046
1 2026 1.046
1 2552 1.044
1 1043 1.042
1 615 1.042
1 2449 1.04
1 1112 1.038
1 2467 1.038
1 3076 1.0
1 916 1.0
1 430 1.0
1 1855 1.0
1 110 1.0
1 52 1.0
1 2701 1.0
1 668 1.0
1 1994 1.0
1 2015 1.0
1 992 1.0
1 2047 1.0
1 3867 1.0
1 3872 1.0
1 3876 1.0
2 189 7.636
2 2756 7.446
2 2758 7.408
2 494 7.322
2 290 7.074
2 3637 6.988
2 1887 6.748
2 2761 6.712
2 2760 6.568
2 2757 6.51
2 3296 6.338
2 81 6.338
2 1029 6.258
2 1820 6.228
2 3634 5.954
2 3633 5.888
2 2597 5.788
2 2759 5.786
2 2476 5.748
2 3862 5.672
2 1804 5.614
2 910 5.218
2 544 5.14
2 2596 5.05
2 917 4.976
2 940 4.894
2 3811 4.85
2 2762 4.742
2 3635 4.728
2 2570 4.6
2 3865 4.594
2 3864 4.554
2 3601 4.506
2 3863 4.47
2 537 4.344
2 3619 4.132
2 793 4.108
2 766 4.046
2 3812 3.95
2 1899 3.902
2 3553 3.888
2 170 3.862
2 2582 3.856
2 2598 3.724
2 1096 3.688
2 3866 3.684
2 236 3.67
2 38 3.396
2 1099 3.338
2 1165 3.2
2 333 3.134
2 1095 3.13
2 1055 3.008
2 1126 2.99
2 321 2.922
2 3640 2.914
2 3624 2.866
2 126 2.854
2 3622 2.842
2 545 2.802
2 3609 2.75
2 3623 2.73
2 2562 2.722
2 1499 2.714
2 3158 2.714
2 3607 2.702
2 3610 2.702
2 3604 2.678
2 3556 2.674
2 3602 2.64
2 188 2.634
2 3603 2.628
2 2772 2.618
2 3554 2.614
2 2687 2.596
2 3578 2.59
2 515 2.584
2 420 2.578
2 328 2.562
2 7 2.556
2 3605 2.55
2 3606 2.53
2 1593 2.522
2 1951 2.518
2 789 2.512
2 1869 2.486
2 3608 2.482
2 2769 2.474
2 2846 2.466
2 3555 2.462
2 247 2.446
2 365 2.442
2 310 2.398
2 756 2.398
2 2767 2.394
2 322 2.382
2 3159 2.358
2 245 2.344
2 2787 2.332
2 2763 2.324
2 1528 2.254
2 2849 2.244
2 208 2.23
2 2781 2.21
2 3160 2.196
2 2783 2.172
2 3164 2.17
2 274 2.134
2 3807 2.13
2 3568 2.124
2 803 2.086
2 3620 2.058
2 3806 2.026
2 3172 1.994
2 3625 1.98
2 2780 1.976
2 3323 1.958
2 1603 1.95
2 3616 1.918
2 359 1.914
2 3397 1.882
2 752 1.878
2 3518 1.874
2 2794 1.872
2 3580 1.87
2 3561 1.85
2 3454 1.846
2 3629 1.842
2 1463 1.824
2 3165 1.818
2 3567 1.816
2 2944 1.816
2 3151 1.81
2 3447 1.794
2 3641 1.786
2 3579 1.774
2 3810 1.76
2 3658 1.76
2 3588 1.752
2 3562 1.75
2 3572 1.748
2 1281 1.744
2 3166 1.744
2 3587 1.728
2 1251 1.722
2 3571 1.71
2 283 1.66
2 3155 1.656
2 3570 1.648
2 3569 1.638
2 3617 1.612
2 3573 1.606
2 1380 1.594
2 3152 1.584
2 2777 1.58
2 1501 1.58
2 3642 1.578
2 2779 1.57
2 872 1.564
2 3153 1.556
2 3657 1.552
2 3575 1.546
2 3132 1.536
2 2812 1.536
2 830 1.516
2 2353 1.498
2 2489 1.488
2 3156 1.478
2 2189 1.444
2 3595 1.44
2 3178 1.432
2 3565 1.43
2 3600 1.428
2 1254 1.426
2 2983 1.424
2 3581 1.422
2 1454 1.42
2 1639 1.418
2 3548 1.418
2 3649 1.418
2 3648 1.416
2 3577 1.416
2 1060 1.416
2 3077 1.416
2 1260 1.414
2 3566 1.41
2 1776 1.41
2 3552 1.41
2 3650 1.41
2 1053 1.408
2 3593 1.408
2 429 1.406
2 654 1.406
2 3075 1.402
2 675 1.402
2 3636 1.4
2 3631 1.398
2 1313 1.398
2 1508 1.398
2 2203 1.396
2 3519 1.396
2 3236 1.394
2 2628 1.394
2 1884 1.394
2 91 1.392
2 3549 1.392
2 896 1.39
2 3598 1.39
2 2697 1.39
2 3659 1.39
2 179 1.388
2 3591 1.388
2 2197 1.386
2 395 1.386
2 539 1.386
2 3150 1.384
2 2122 1.382
2 1195 1.382
2 3594 1.382
2 1811 1.382
2 3149 1.38
2 2279 1.376
2 3157 1.374
2 3630 1.374
2 3590 1.374
2 2621 1.372
2 3563 1.372
2 3589 1.37
2 778 1.368
2 3182 1.368
2 568 1.368
2 3814 1.368
2 3813 1.366
2 565 1.36
2 3592 1.358
2 3576 1.358
2 3615 1.356
2 3599 1.356
2 437 1.354
3 1256 7.04
3 2762 3.29
3 3158 3.144
3 3167 3.078
3 3182 2.78
3 3 2.744
3 3191 2.378
3 402 2.254
3 3181 2.14
3 3179 2.04
3 413 1.864
3 1017 1.846
3 3176 1.636
3 3178 1.538
3 1251 1.5
3 3211 1.34
3 910 1.338
3 2945 1.338
3 2844 1.328
3 1415 1.324
3 305 1.324
3 2617 1.312
3 527 1.302
3 1358 1.298
3 2782 1.294
3 1245 1.292
3 2867 1.286
3 1360 1.28
3 3132 1.28
3 766 1.27
3 3289 1.268
3 3316 1.264
3 3418 1.262
3 2869 1.26
3 3293 1.252
3 3419 1.248
3 725 1.242
3 1322 1.234
3 3292 1.234
3 2894 1.234
3 3251 1.232
3 2794 1.232
3 3190 1.232
3 690 1.23
3 1858 1.23
3 3051 1.226
3 803 1.22
3 2798 1.212
3 1199 1.212
3 322 1.208
3 7 1.206
3 2997 1.206
3 3348 1.202
3 824 1.2
3 1078 1.2
3 1352 1.198
3 1500 1.198
3 3099 1.198
3 3453 1.196
3 3426 1.194
3 3455 1.192
3 3275 1.19
3 409 1.188
3 3291 1.188
3 1870 1.186
3 3282 1.186
3 3465 1.186
3 3041 1.184
3 1057 1.184
3 3068 1.182
3 3433 1.182
3 468 1.18
3 1860 1.18
3 3290 1.18
3 2418 1.176
3 793 1.174
3 2896 1.174
3 2390 1.168
3 1650 1.166
3 3308 1.166
3 3141 1.164
3 756 1.164
3 3057 1.164
3 2883 1.162
3 3061 1.162
3 179 1.16
3 3170 1.16
3 3221 1.158
3 3331 1.156
3 2903 1.156
3 3073 1.154
3 1542 1.154
3 604 1.154
3 1265 1.152
3 101 1.152
3 2164 1.152
3 1047 1.152
3 459 1.152
3 2900 1.152
3 3393 1.15
3 2459 1.15
3 3416 1.148
3 3261 1.148
3 1465 1.148
3 2805 1.148
3 1349 1.146
3 3079 1.146
3 3430 1.146
3 3081 1.146
3 3450 1.146
3 2877 1.144
3 3459 1.144
3 3133 1.142
3 2873 1.142
3 2887 1.142
3 2904 1.142
3 3002 1.14
3 3174 1.14
3 2937 1.138
3 2991 1.138
3 2412 1.138
3 415 1.138
3 2971 1.136
3 301 1.136
3 2954 1.136
3 2987 1.136
3 3355 1.136
3 2960 1.136
3 2901 1.136
3 2536 1.136
3 2924 1.134
3 2933 1.134
3 3038 1.132
3 3137 1.132
3 896 1.132
3 1567 1.132
3 2831 1.132
3 1011 1.132
3 2142 1.13
3 890 1.13
3 2828 1.13
3 3004 1.128
3 2946 1.128
3 2920 1.128
3 1912 1.128
3 1333 1.128
3 1157 1.128
3 3384 1.128
3 1134 1.126
3 736 1.124
3 3078 1.124
3 2983 1.124
3 2919 1.124
3 310 1.124
3 2899 1.124
3 2807 1.122
3 2941 1.122
3 3039 1.122
3 2909 1.122
3 3072 1.122
3 3260 1.122
3 2916 1.122
3 2595 1.122
3 986 1.122
3 3071 1.12
3 2813 1.12
3 2819 1.12
3 2322 1.12
3 2958 1.12
3 3026 1.12
3 2833 1.12
3 2839 1.118
3 3006 1.118
3 3074 1.118
3 2914 1.118
3 2980 1.118
3 2921 1.118
3 2378 1.118
3 3086 1.118
3 1603 1.118
3 1126 1.118
3 3391 1.118
3 3454 1.118
3 2605 1.116
3 2112 1.116
3 3049 1.116
3 2466 1.116
3 81 1.116
3 1321 1.114
3 133 1.114
3 3117 1.114
3 3059 1.114
3 1130 1.114
3 3219 1.112
3 3103 1.112
3 162 1.112
3 2910 1.112
3 1347 1.112
3 3076 1.112
3 3053 1.112
3 3314 1.112
3 2863 1.112
3 2994 1.112
3 84 1.11
3 2970 1.11
3 3324 1.11
3 3013 1.11
3 2855 1.11
3 2382 1.11
3 2477 1.11
3 3208 1.11
3 2088 1.108
3 2644 1.108
3 2197 1.108
3 3142 1.108
3 1189 1.108
3 3092 1.108
3 3168 1.108
3 2584 1.106
3 608 1.106
3 754 1.106
3 971 1.106
3 3364 1.106
3 3029 1.106
3 3094 1.106
3 532 1.106
3 2596 1.104
3 2787 1.104
3 1561 1.104
3 2880 1.104
3 2917 1.104
3 721 1.104
3 2957 1.104
3 3058 1.104
3 380 1.102
3 3101 1.102
3 2848 1.102
3 3341 1.102
3 2923 1.102
3 2799 1.102
3 2932 1.102
3 2966 1.102
3 2934 1.102
3 3040 1.1
3 2889 1.1
3 3118 1.1
3 3237 1.1
3 2388 1.1
3 3120 1.1
3 1892 1.1
3 2969 1.1
3 3035 1.098
3 2841 1.098
3 3397 1.098
3 3404 1.098
3 2911 1.098
3 2949 1.098
3 2818 1.098
3 764 1.098
3 2824 1.098
3 3242 1.098
3 2929 1.098
3 3096 1.098
3 546 1.096
3 3134 1.096
3 1936 1.096
3 1942 1.096
3 2912 1.096
3 3333 1.096
3 3423 1.096
3 2956 1.096
3 2992 1.096
3 1103 1.096
3 3095 1.096
3 2835 1.096
3 503 1.096
3 2938 1.094
3 111 1.094
3 2875 1.094
3 139 1.094
3 2811 1.094
3 190 1.094
3 2237 1.094
3 3111 1.094
3 2260 1.094
3 3022 1.094
3 3085 1.094
3 3020 1.094
3 2825 1.094
3 3294 1.092
3 2939 1.092
3 1274 1.092
3 3010 1.092
3 718 1.092
3 3044 1.092
3 734 1.092
3 2664 1.092
3 745 1.092
3 894 1.092
3 587 1.092
3 3372 1.092
3 2999 1.092
3 3321 1.09
3 2975 1.09
3 2130 1.09
3 3264 1.09
3 242 1.09
3 3083 1.09
3 2797 1.09
3 2861 1.09
3 2996 1.09
3 3376 1.09
3 2560 1.09
3 115 1.088
3 2628 1.088
3 1312 1.088
3 3276 1.088
3 2953 1.088
3 2858 1.088
3 2989 1.088
3 485 1.088
3 3063 1.088
3 2902 1.088
3 2228 1.086
3 2812 1.086
3 3140 1.086
3 2847 1.086
3 3187 1.086
3 3143 1.086
3 2327 1.086
3 3046 1.086
3 3016 1.086
3 269 1.086
3 2984 1.086
3 3266 1.086
3 2891 1.086
3 2892 1.086
3 2893 1.086
3 3183 1.086
3 2862 1.086
3 2800 1.086
3 3250 1.086
3 3126 1.086
3 3399 1.086
3 110 1.084
3 2044 1.084
3 2842 1.084
3 3414 1.084
3 1182 1.084
3 3052 1.084
3 3202 1.084
3 3089 1.084
3 2621 1.084
3 3375 1.084
3 18 1.084
3 49 1.084
3 372 1.084
3 2814 1.082
3 2979 1.082
3 2915 1.082
3 2885 1.082
3 3146 1.082
3 1993 1.082
3 1459 1.082
3 3019 1.082
3 1512 1.082
3 2990 1.082
3 389 1.082
3 3124 1.082
3 2804 1.082
3 2943 1.08
3 2976 1.08
3 2944 1.08
3 3075 1.08
3 2947 1.08
3 2948 1.08
3 2300 1.08
3 3288 1.08
3 3084 1.08
3 3344 1.08
3 3297 1.08
3 3123 1.08
3 2832 1.08
3 3125 1.08
3 2930 1.08
3 2836 1.08
3 2134 1.08
3 2634 1.078
3 2815 1.078
3 3109 1.078
3 2851 1.078
3 3346 1.078
3 3087 1.078
3 3055 1.078
3 3056 1.078
3 539 1.078
3 480 1.078
3 3389 1.078
3 3070 1.076
3 3107 1.076
3 3227 1.076
3 2854 1.076
3 3122 1.076
3 3093 1.076
3 1688 1.076
3 3386 1.076
3 2905 1.074
3 3104 1.074
3 3253 1.074
3 3110 1.074
3 2884 1.074
3 3147 1.074
3 1474 1.074
3 2988 1.074
3 2449 1.074
3 1054 1.074
3 1937 1.074
3 3066 1.074
3 2936 1.074
3 2586 1.072
3 2907 1.072
3 2174 1.072
3 3043 1.072
3 2978 1.072
3 3011 1.072
3 3420 1.072
3 2849 1.072
3 3440 1.072
3 3144 1.072
3 2340 1.072
3 3017 1.072
3 2822 1.072
3 332 1.072
3 3361 1.072
3 3472 1.072
3 2895 1.072
3 2513 1.072
3 3128 1.072
3 356 1.07
3 617 1.07
3 3042 1.07
3 3082 1.07
3 90 1.07
3 1480 1.07
3 2374 1.07
3 2793 1.07
3 3054 1.07
3 306 1.07
3 3322 1.07
3 2998 1.07
3 2522 1.07
3 3000 1.07
3 2582 1.068
3 1228 1.068
3 1 1.068
3 2101 1.068
3 2878 1.068
3 632 1.068
3 2846 1.068
3 1562 1.068
3 3240 1.068
3 2687 1.068
3 260 1.068
3 3490 1.068
3 2856 1.068
3 1551 1.068
3 2441 1.068
3 1510 1.068
3 3030 1.068
3 3032 1.068
3 2968 1.068
3 2906 1.066
3 3213 1.066
3 574 1.066
3 3005 1.066
3 2942 1.066
3 2879 1.066
3 2186 1.066
3 3267 1.066
3 2203 1.066
3 3077 1.066
3 257 1.066
3 1384 1.066
3 3616 1.066
3 2355 1.066
3 807 1.066
3 816 1.066
3 2402 1.066
3 1704 1.066
3 3493 1.066
3 2801 1.066
3 2868 1.066
3 3037 1.064
3 2908 1.064
3 2709 1.064
3 657 1.064
3 1343 1.064
3 2816 1.064
3 3012 1.064
3 2951 1.064
3 3015 1.064
3 2795 1.064
3 2860 1.064
3 3025 1.064
3 238 1.064
3 2897 1.064
3 2838 1.064
3 2808 1.062
3 3069 1.062
3 1281 1.062
3 2876 1.062
3 3378 1.062
3 1319 1.062
3 2636 1.062
3 3080 1.062
3 2820 1.062
3 2738 1.062
3 3226 1.062
3 3456 1.062
3 367 1.062
3 117 1.062
3 1839 1.062
3 3036 1.06
3 3400 1.06
3 554 1.06
3 3302 1.06
3 2843 1.06
3 3138 1.06
3 3413 1.06
3 2882 1.06
3 3047 1.06
3 2724 1.06
3 3491 1.06
3 2952 1.06
3 411 1.06
3 872 1.06
3 1753 1.06
3 494 1.06
3 1559 1.06
3 200 1.058
3 1032 1.058
3 2886 1.058
3 2918 1.058
3 517 1.058
3 3298 1.058
3 2398 1.058
3 2931 1.058
3 3031 1.058
3 2870 1.058
3 3065 1.058
3 3265 1.058
3 3003 1.056
3 3332 1.056
3 2973 1.056
3 170 1.056
3 2750 1.056
3 2208 1.056
3 438 1.056
3 3392 1.056
3 363 1.056
3 3088 1.056
3 966 1.056
3 2927 1.056
3 2993 1.056
3 1029 1.056
3 3130 1.056
3 1952 1.056
3 3482 1.056
3 3001 1.056
3 3409 1.056
3 1819 1.054
3 3135 1.054
3 2977 1.054
3 3230 1.054
3 2240 1.054
3 89 1.054
3 2888 1.054
3 2986 1.054
3 3116 1.054
3 2922 1.054
3 3236 1.054
3 2959 1.054
3 3325 1.054
3 2965 1.054
3 1513 1.054
3 507 1.054
3 63 1.054
3 2029 1.052
3 2840 1.052
3 2940 1.052
3 2141 1.052
3 1362 1.052
3 2981 1.052
3 2985 1.052
3 2760 1.052
3 2857 1.052
3 3412 1.052
3 187 1.052
3 3395 1.052
3 540 1.05
3 3136 1.05
3 2974 1.05
3 3105 1.05
3 3224 1.05
3 2641 1.05
3 3228 1.05
3 3451 1.05
3 3145 1.05
3 3216 1.05
3 2756 1.05
3 3018 1.05
3 3286 1.05
3 3458 1.05
3 3467 1.05
3 2829 1.05
3 2961 1.05
3 3027 1.05
3 3060 1.05
3 3360 1.05
3 333 1.05
3 1528 1.05
3 3557 1.05
3 1181 1.05
3 2871 1.05
3 2872 1.048
3 3198 1.048
3 3008 1.048
3 2845 1.048
3 3342 1.048
3 3428 1.048
3 3090 1.048
3 457 1.048
3 2995 1.048
3 3062 1.048
3 3407 1.048
3 3284 1.046
3 2751 1.046
3 3431 1.046
3 3007 1.046
3 3106 1.046
3 3014 1.046
3 3215 1.046
3 3112 1.046
3 3285 1.046
3 1058 1.046
3 3050 1.046
3 3462 1.046
3 3390 1.046
3 2864 1.046
3 2898 1.046
3 3210 1.046
3 2834 1.046
3 2837 1.046
3 3516 1.044
3 3304 1.044
3 2881 1.044
3 3343 1.044
3 2821 1.044
3 295 1.044
3 2926 1.044
3 3481 1.044
3 2963 1.044
3 3366 1.044
3 2507 1.044
3 2753 1.044
3 2967 1.044
3 3033 1.044
3 3274 1.044
3 2042 1.042
3 2972 1.042
3 3223 1.042
3 2850 1.042
3 3160 1.042
3 3279 1.042
3 3114 1.042
3 3318 1.042
3 2823 1.042
3 326 1.042
3 2776 1.042
3 2405 1.042
3 1534 1.042
3 2859 1.042
3 3024 1.042
3 593 1.042
3 1454 1.042
3 684 1.042
3 2802 1.042
3 1681 1.042
3 3478 1.042
3 2037 1.042
3 2935 1.042
3 3509 1.042
3 3515 1.04
3 3100 1.04
3 3445 1.04
3 3045 1.04
3 2817 1.04
3 3241 1.04
3 2890 1.04
3 3356 1.04
3 3301 1.04
3 3474 1.04
3 2187 1.04
3 2964 1.04
3 3476 1.04
3 3488 1.04
3 3252 1.04
3 3354 1.04
3 3446 1.04
3 3034 1.04
3 3102 1.038
3 915 1.038
3 2810 1.038
3 3175 1.038
3 3494 1.038
3 3139 1.038
3 317 1.038
3 246 1.038
3 3195 1.038
3 2475 1.038
3 2826 1.038
3 3365 1.038
3 3357 1.038
3 2796 1.038
3 3311 1.038
3 3244 1.038
3 3028 1.038
3 2865 1.038
3 742 1.038
3 3064 1.038
3 243 1.038
3 3408 1.038
3 3582 1.038
3 3411 1.036
3 3319 1.036
3 223 1.036
3 334 1.036
3 3189 1.036
3 2660 1.036
3 2413 1.036
3 1979 1.036
3 3245 1.036
3 555 1.036
3 2827 1.036
3 3238 1.036
3 412 1.036
3 2928 1.036
3 3091 1.036
3 3486 1.036
3 3479 1.036
3 3201 1.034
3 3410 1.034
3 2874 1.034
3 3421 1.034
3 603 1.034
3 2772 1.034
3 3415 1.034
3 3448 1.034
3 2913 1.034
3 1407 1.034
3 2955 1.034
3 3023 1.034
3 3345 1.034
3 3127 1.034
3 3380 1.034
3 1840 1.034
3 3394 1.032
3 1903 1.032
3 3205 1.032
3 3256 1.032
3 3259 1.032
3 3108 1.032
3 3435 1.032
3 3504 1.032
3 3300 1.032
3 407 1.032
3 2830 1.032
3 3424 1.032
3 3388 1.032
3 3417 1.03
3 1288 1.03
3 3295 1.03
3 3222 1.03
3 1310 1.03
3 3432 1.03
3 3323 1.03
3 3231 1.03
3 3438 1.03
3 405 1.03
3 3009 1.03
3 3508 1.03
3 3280 1.03
3 3485 1.03
3 3048 1.03
3 231 1.03
3 3155 1.03
3 3352 1.03
3 3471 1.03
3 3377 1.03
3 3470 1.03
3 465 1.03
3 3337 1.03
3 1808 1.03
3 2803 1.03
3 3067 1.028
3 1298 1.028
3 1814 1.028
3 2788 1.028
3 2950 1.028
3 266 1.028
3 3161 1.028
3 3246 1.028
3 1506 1.028
3 3234 1.028
3 343 1.028
3 3021 1.028
3 2678 1.028
3 2925 1.028
3 118 1.028
3 3313 1.028
3 3385 1.028
3 3370 1.028
3 3327 1.028
3 41 1.028
3 3307 1.028
3 3220 1.028
3 3396 1.026
3 2809 1.026
3 3225 1.026
3 3171 1.026
3 2852 1.026
3 3233 1.026
3 3326 1.026
3 3119 1.026
3 3203 1.026
3 3444 1.026
3 3243 1.026
3 1006 1.026
3 3492 1.026
3 3278 1.026
3 3437 1.026
3 3258 1.026
3 3098 1.026
3 2515 1.024
3 3339 1.024
3 3484 1.024
3 3310 1.024
3 3496 1.024
3 3281 1.024
3 3113 1.024
3 3461 1.024
3 3463 1.024
3 3115 1.024
3 3263 1.024
3 297 1.024
3 1635 1.024
3 3374 1.024
3 1618 1.024
3 3475 1.024
3 3449 1.024
3 3305 1.022
3 3466 1.022
3 3429 1.022
3 2364 1.022
3 3248 1.022
3 3350 1.022
3 3303 1.022
3 3306 1.022
3 3312 1.022
3 3460 1.022
3 416 1.022
3 3363 1.022
3 2962 1.022
3 3209 1.022
3 618 1.022
3 3186 1.022
3 3199 1.022
3 3334 1.02
3 3200 1.02
3 3434 1.02
3 3510 1.02
3 3272 1.02
3 2347 1.02
3 1721 1.02
3 3229 1.02
3 3247 1.02
3 3214 1.02
3 801 1.02
3 3505 1.02
3 3347 1.02
3 515 1.02
3 3121 1.02
3 3239 1.02
3 3387 1.02
3 3401 1.02
3 2866 1.02
3 3559 1.02
3 3254 1.02
3 1543 1.02
3 3097 1.02
3 3197 1.02
3 3367 1.02
3 3317 1.018
3 3330 1.018
3 3442 1.018
3 3436 1.018
3 3184 1.018
3 3299 1.018
3 3336 1.018
3 1479 1.018
3 410 1.018
3 3235 1.018
3 2702 1.018
3 1055 1.018
3 3212 1.018
3 3315 1.018
3 1978 1.018
3 2638 1.018
3 3192 1.018
3 826 1.016
3 3206 1.016
3 732 1.016
3 3498 1.016
3 3511 1.016
3 3358 1.016
3 3270 1.016
3 3296 1.016
3 3441 1.016
3 2585 1.016
3 3368 1.016
3 1049 1.016
3 981 1.016
3 3514 1.016
3 3402 1.016
3 3255 1.016
3 3262 1.016
3 3480 1.016
3 2138 1.016
3 3277 1.016
3 509 1.014
3 3328 1.014
3 3405 1.014
3 1218 1.014
3 3443 1.014
3 2307 1.014
3 3381 1.014
3 13 1.014
3 3506 1.014
3 3427 1.014
3 39 1.014
3 205 1.014
3 3204 1.014
3 3335 1.014
3 3283 1.014
3 3217 1.014
3 3457 1.014
3 2853 1.014
3 3162 1.014
3 3489 1.014
3 3351 1.014
3 3371 1.014
3 3373 1.014
3 3359 1.014
3 3495 1.014
3 3507 1.014
3 252 1.014
3 3194 1.014
3 3129 1.014
3 3271 1.014
3 3193 1.014
3 3196 1.014
3 3257 1.014
3 3269 1.014
3 3406 1.014
3 2139 1.014
3 2432 1.012
3 484 1.012
3 3329 1.012
3 2559 1.012
3 1398 1.012
3 3382 1.012
3 3500 1.012
3 3185 1.012
3 3512 1.012
3 3502 1.012
3 2353 1.012
3 3249 1.012
3 3232 1.012
3 3517 1.012
3 564 1.012
3 3309 1.012
3 3362 1.012
3 1174 1.012
3 1778 1.012
3 3369 1.012
3 1831 1.012
3 3320 1.012
3 3464 1.012
3 3398 1.01
3 3177 1.01
3 1848 1.01
3 3497 1.01
3 3218 1.01
3 3422 1.01
3 3501 1.01
3 1376 1.01
3 2982 1.01
3 3163 1.01
3 2329 1.01
3 3425 1.01
3 3180 1.01
3 3468 1.01
3 3469 1.01
3 3473 1.01
3 1564 1.01
3 3383 1.01
3 2806 1.01
3 3338 1.01
3 3439 1.01
3 3614 1.01
3 3379 1.008
3 3499 1.008
3 3503 1.008
3 3447 1.008
3 1133 1.008
3 3188 1.008
3 3131 1.008
3 3273 1.008
3 3349 1.008
3 3353 1.008
3 3483 1.006
3 1175 1.006
3 3207 1.006
3 1724 1.006
3 3513 1.006
3 2246 1.006
3 3597 1.006
3 3403 1.006
3 3157 1.006
3 675 1.006
3 3268 1.004
3 3452 1.004
3 3340 1.004
3 3287 1.002
3 3477 1.002
3 3487 1.0
4 3521 6.2
4 872 4.86
4 3440 2.782
4 1226 2.122
4 3394 2.108
4 3533 2.052
4 3536 2.036
4 1932 2.032
4 1251 2.02
4 1808 2.01
4 3226 1.992
4 632 1.966
4 816 1.924
4 766 1.916
4 3541 1.896
4 3165 1.88
4 3540 1.868
4 3355 1.866
4 2850 1.864
4 1000 1.852
4 3138 1.852
4 3159 1.848
4 1041 1.846
4 269 1.828
4 690 1.828
4 3539 1.824
4 3542 1.79
4 3537 1.752
4 3535 1.75
4 1531 1.688
4 2789 1.678
4 2427 1.646
4 359 1.63
4 3534 1.618
4 3161 1.576
4 654 1.55
4 3538 1.538
4 3160 1.514
4 1463 1.476
4 3171 1.476
4 3333 1.472
4 491 1.466
4 2902 1.456
4 3488 1.446
4 3527 1.432
4 413 1.424
4 2844 1.418
4 3522 1.414
4 2777 1.406
4 3147 1.404
4 2913 1.4
4 85 1.394
4 1347 1.392
4 3545 1.376
4 1152 1.374
4 3528 1.372
4 3524 1.366
4 3531 1.366
4 2172 1.358
4 678 1.356
4 3525 1.35
4 3272 1.348
4 1016 1.342
4 495 1.34
4 3532 1.34
4 2302 1.338
4 480 1.33
4 3543 1.328
4 1579 1.326
4 3529 1.322
4 3321 1.32
4 3158 1.314
4 3546 1.294
4 3523 1.292
4 3544 1.288
4 3526 1.286
4 3166 1.282
4 1017 1.28
4 3530 1.266
4 3155 1.25
4 3547 1.248
4 3163 1.23
4 238 1.224
4 2353 1.224
4 3162 1.214
4 2489 1.204
4 2867 1.164
4 2780 1.16
4 3560 1.158
4 3612 1.152
4 531 1.14
4 585 1.132
4 530 1.128
4 3611 1.126
4 2779 1.122
4 2788 1.122
4 1858 1.12
4 2622 1.116
4 3861 1.116
4 3520 1.114
4 3860 1.114
4 2776 1.112
4 2794 1.11
4 529 1.108
4 1256 1.108
4 3557 1.108
4 1510 1.106
4 3151 1.104
4 3858 1.104
4 1305 1.102
4 793 1.098
4 3558 1.098
4 245 1.094
4 55 1.092
4 3152 1.092
4 1053 1.092
4 971 1.09
4 1593 1.086
4 3172 1.082
4 1165 1.08
5 3627 3.0
5 3628 3.0
5 3629 3.0
5 618 2.0
5 507 2.0
5 1029 2.0
5 2570 2.0
5 2667 2.0
5 3583 2.0
5 3159 2.0
5 766 2.0
5 1096 1.0
6 537 3.0
6 544 3.0
6 3862 3.0
6 1804 3.0
6 3863 3.0
6 3553 2.0
6 1425 2.0
6 2630 2.0
6 2146 2.0
6 2917 2.0
6 3620 2.0
6 3619 2.0
6 3639 2.0
6 2570 2.0
