1 29 10.958
1 36 8.534
1 122 8.21
1 46 7.512
1 98 7.258
1 55 6.57
1 11 6.462
1 141 6.324
1 20 6.082
1 3 5.938
1 231 5.674
1 217 5.652
1 94 5.63
1 31 5.496
1 216 5.45
1 135 5.416
1 147 5.36
1 41 5.264
1 9 5.264
1 237 5.11
1 28 5.064
1 145 5.044
1 33 5.004
1 123 5.004
1 14 4.852
1 2 4.852
1 83 4.776
1 101 4.77
1 57 4.748
1 80 4.654
1 127 4.63
1 32 4.616
1 150 4.562
1 100 4.514
1 37 4.492
1 99 4.444
1 149 4.41
1 24 4.338
1 234 4.234
1 131 4.186
1 176 4.112
1 120 4.094
1 56 4.088
1 132 4.07
1 44 4.044
1 16 4.032
1 75 3.964
1 53 3.948
1 52 3.948
1 6 3.946
1 22 3.934
1 146 3.922
1 152 3.902
1 140 3.814
1 106 3.808
1 23 3.796
1 160 3.728
1 191 3.698
1 213 3.698
1 4 3.668
1 130 3.632
1 190 3.568
1 7 3.542
1 86 3.516
1 229 3.488
1 79 3.48
1 17 3.45
1 218 3.448
1 90 3.422
1 76 3.416
1 39 3.414
1 25 3.4
1 125 3.396
1 226 3.394
1 168 3.374
1 139 3.348
1 27 3.348
1 232 3.33
1 8 3.316
1 35 3.258
1 26 3.22
1 182 3.216
1 219 3.204
1 111 3.156
1 58 3.146
1 40 3.132
1 212 3.128
1 64 3.12
1 48 3.116
1 92 3.114
1 136 3.112
1 124 3.104
1 38 3.082
1 133 3.08
1 110 3.072
1 239 3.072
1 108 3.052
1 13 3.014
1 87 3.012
1 185 2.992
1 194 2.97
1 1 2.958
1 103 2.942
1 242 2.938
1 95 2.928
1 91 2.908
1 137 2.902
1 175 2.9
1 118 2.9
1 121 2.894
1 77 2.886
1 129 2.884
1 221 2.88
1 60 2.878
1 119 2.874
1 43 2.826
1 66 2.784
1 45 2.782
1 5 2.78
1 70 2.778
1 173 2.752
1 15 2.746
1 220 2.744
1 210 2.732
1 153 2.726
1 42 2.684
1 225 2.66
1 126 2.642
1 144 2.632
1 163 2.626
1 61 2.624
1 240 2.612
1 215 2.588
1 207 2.568
1 107 2.56
1 89 2.548
1 78 2.524
1 68 2.518
1 198 2.516
1 243 2.512
1 67 2.492
1 143 2.488
1 172 2.466
1 183 2.462
1 181 2.452
1 177 2.444
1 233 2.404
1 102 2.4
1 186 2.384
1 174 2.374
1 104 2.374
1 12 2.366
1 214 2.366
1 180 2.356
1 142 2.342
1 10 2.314
1 184 2.314
1 245 2.266
1 187 2.248
1 197 2.244
1 96 2.242
1 179 2.238
1 18 2.22
1 51 2.186
1 223 2.172
1 227 2.154
1 97 2.14
1 156 2.138
1 209 2.112
1 19 2.096
1 49 2.058
1 189 2.058
1 30 2.032
1 93 2.026
1 188 2.004
1 222 1.994
1 81 1.992
1 169 1.97
1 128 1.922
1 54 1.886
1 192 1.866
1 171 1.86
1 69 1.848
1 235 1.826
1 47 1.816
1 34 1.814
1 161 1.812
1 50 1.808
1 85 1.774
1 63 1.754
1 109 1.752
1 65 1.738
1 116 1.716
1 59 1.714
1 228 1.694
1 148 1.688
1 82 1.686
1 208 1.598
1 193 1.544
1 244 1.544
1 238 1.5
1 204 1.498
1 236 1.49
1 224 1.486
1 73 1.472
1 170 1.472
1 134 1.452
1 21 1.444
1 159 1.41
1 178 1.348
1 206 1.344
1 151 1.302
1 230 1.28
1 166 1.262
1 62 1.21
2 122 9.654
2 29 9.148
2 141 8.968
2 36 8.234
2 46 7.136
2 11 6.6
2 98 6.42
2 93 6.23
2 20 6.148
2 231 6.086
2 127 5.9
2 216 5.862
2 135 5.768
2 3 5.684
2 123 5.662
2 55 5.618
2 232 5.3
2 99 5.298
2 41 5.234
2 28 5.228
2 125 5.124
2 96 5.122
2 217 5.092
2 118 4.988
2 237 4.966
2 144 4.95
2 42 4.896
2 56 4.866
2 163 4.852
2 146 4.828
2 176 4.828
2 37 4.82
2 100 4.794
2 138 4.746
2 234 4.736
2 94 4.712
2 242 4.71
2 147 4.692
2 150 4.666
2 191 4.648
2 133 4.602
2 182 4.596
2 17 4.584
2 87 4.582
2 33 4.576
2 90 4.54
2 6 4.522
2 190 4.42
2 31 4.412
2 143 4.412
2 145 4.29
2 69 4.256
2 130 4.152
2 137 4.116
2 39 4.1
2 157 4.09
2 194 4.07
2 131 4.046
2 44 4.046
2 8 4.026
2 76 4.016
2 108 3.99
2 109 3.95
2 213 3.95
2 92 3.946
2 57 3.924
2 212 3.91
2 139 3.898
2 226 3.898
2 53 3.878
2 1 3.856
2 140 3.846
2 95 3.844
2 120 3.84
2 215 3.832
2 43 3.824
2 15 3.818
2 16 3.802
2 136 3.788
2 45 3.778
2 128 3.768
2 218 3.758
2 65 3.754
2 168 3.754
2 51 3.716
2 225 3.7
2 101 3.696
2 30 3.63
2 129 3.616
2 80 3.608
2 81 3.584
2 132 3.572
2 149 3.55
2 124 3.532
2 189 3.49
2 19 3.47
2 198 3.458
2 82 3.456
2 106 3.432
2 21 3.414
2 219 3.382
2 175 3.356
2 5 3.336
2 152 3.316
2 23 3.304
2 105 3.296
2 7 3.288
2 207 3.284
2 172 3.266
2 32 3.264
2 119 3.258
2 155 3.256
2 186 3.256
2 209 3.254
2 13 3.254
2 22 3.242
2 121 3.24
2 230 3.234
2 224 3.182
2 12 3.174
2 83 3.154
2 77 3.146
2 148 3.128
2 27 3.122
2 184 3.094
2 52 3.092
2 177 3.068
2 54 3.054
2 78 3.04
2 200 3.02
2 102 3.012
2 4 3.002
2 2 2.99
2 229 2.962
2 222 2.918
2 153 2.916
2 110 2.902
2 34 2.9
2 126 2.876
2 240 2.868
2 35 2.866
2 188 2.834
2 9 2.824
2 179 2.82
2 103 2.812
2 173 2.802
2 211 2.798
2 169 2.778
2 185 2.768
2 58 2.762
2 183 2.746
2 40 2.74
2 66 2.722
2 49 2.7
2 89 2.698
2 220 2.688
2 26 2.678
2 159 2.676
2 47 2.658
2 238 2.654
2 187 2.652
2 236 2.652
2 14 2.62
2 85 2.61
2 142 2.608
2 221 2.598
2 233 2.578
2 71 2.568
2 62 2.55
2 48 2.534
2 178 2.496
2 10 2.482
2 72 2.454
2 18 2.438
2 180 2.4
2 60 2.392
2 181 2.34
2 192 2.332
2 193 2.322
2 197 2.298
2 117 2.282
2 223 2.272
2 235 2.254
2 208 2.222
2 84 2.216
2 171 2.19
2 24 2.182
2 111 2.174
2 61 2.156
2 161 2.146
2 134 2.144
2 199 2.126
2 156 2.118
2 107 2.118
2 210 2.116
2 38 2.106
2 67 2.088
2 227 2.084
2 59 2.074
2 174 2.058
2 97 2.058
2 104 2.042
2 73 2.004
2 151 1.994
2 160 1.99
2 245 1.922
2 170 1.908
2 239 1.854
2 113 1.742
2 206 1.71
2 63 1.692
2 205 1.676
2 75 1.65
2 228 1.626
2 196 1.616
2 70 1.602
2 74 1.554
2 64 1.55
2 214 1.532
2 202 1.528
2 88 1.512
2 164 1.506
2 86 1.37
2 25 1.362
2 244 1.358
2 68 1.352
2 204 1.35
2 114 1.288
2 116 1.258
2 243 1.256
2 91 1.252
3 141 9.98
3 127 9.2
3 122 9.108
3 118 8.3
3 120 7.536
3 125 7.334
3 36 7.318
3 163 7.234
3 100 7.18
3 123 6.88
3 214 6.756
3 135 6.72
3 44 6.546
3 35 6.5
3 95 6.432
3 232 6.314
3 164 6.288
3 218 6.206
3 94 6.17
3 225 6.164
3 147 6.15
3 145 6.15
3 233 6.062
3 98 6.034
3 31 6.032
3 3 5.982
3 99 5.956
3 146 5.95
3 54 5.67
3 142 5.646
3 234 5.614
3 230 5.61
3 242 5.574
3 182 5.552
3 81 5.544
3 226 5.53
3 30 5.472
3 119 5.472
3 152 5.426
3 58 5.416
3 139 5.384
3 217 5.296
3 29 5.26
3 62 5.216
3 133 5.182
3 12 5.168
3 51 5.168
3 17 5.03
3 41 4.976
3 215 4.92
3 128 4.908
3 8 4.83
3 52 4.734
3 191 4.694
3 224 4.636
3 239 4.628
3 111 4.582
3 190 4.576
3 108 4.568
3 5 4.562
3 212 4.528
3 1 4.502
3 4 4.496
3 20 4.466
3 175 4.448
3 124 4.428
3 47 4.424
3 57 4.414
3 48 4.388
3 216 4.346
3 16 4.33
3 93 4.286
3 40 4.252
3 106 4.246
3 121 4.178
3 143 4.166
3 39 4.164
3 102 4.162
3 229 4.134
3 169 4.066
3 2 4.006
3 144 3.966
3 140 3.964
3 209 3.938
3 67 3.93
3 22 3.916
3 15 3.904
3 132 3.896
3 37 3.886
3 220 3.86
3 60 3.806
3 34 3.802
3 231 3.79
3 78 3.766
3 188 3.762
3 155 3.74
3 171 3.706
3 69 3.694
3 65 3.688
3 42 3.658
3 90 3.652
3 193 3.638
3 23 3.59
3 187 3.566
3 222 3.558
3 109 3.548
3 43 3.526
3 50 3.482
3 84 3.48
3 204 3.472
3 148 3.472
3 9 3.47
3 103 3.452
3 71 3.436
3 206 3.436
3 174 3.418
3 235 3.412
3 61 3.386
3 185 3.364
3 28 3.36
3 180 3.334
3 33 3.328
3 173 3.288
3 96 3.244
3 126 3.242
3 137 3.236
3 221 3.212
3 79 3.192
3 167 3.182
3 236 3.166
3 186 3.16
3 46 3.154
3 151 3.148
3 194 3.092
3 149 3.092
3 170 3.082
3 238 3.068
3 86 3.036
3 19 3.008
3 11 3.006
3 114 2.99
3 172 2.99
3 245 2.99
3 223 2.984
3 243 2.97
3 181 2.94
3 240 2.928
3 189 2.92
3 129 2.912
3 130 2.906
3 10 2.9
3 199 2.89
3 112 2.888
3 162 2.888
3 82 2.866
3 6 2.814
3 200 2.794
3 177 2.788
3 183 2.774
3 227 2.774
3 49 2.756
3 176 2.73
3 92 2.718
3 150 2.698
3 97 2.696
3 241 2.616
3 7 2.614
3 237 2.606
3 168 2.6
3 53 2.584
3 131 2.574
3 83 2.492
3 136 2.472
3 104 2.398
3 55 2.392
3 38 2.372
3 87 2.37
3 192 2.35
3 166 2.348
3 63 2.276
3 153 2.262
3 158 2.244
3 25 2.24
3 115 2.234
3 198 2.218
3 21 2.208
3 27 2.19
3 101 2.186
3 64 2.178
3 26 2.162
3 184 2.15
3 59 2.148
3 213 2.108
3 228 2.098
3 134 2.094
3 76 2.078
3 196 2.072
3 219 2.07
3 32 2.014
3 56 1.994
3 157 1.974
3 178 1.908
3 207 1.896
3 88 1.876
3 110 1.832
3 68 1.824
3 179 1.812
3 24 1.804
3 14 1.774
3 70 1.732
3 208 1.722
3 45 1.712
3 66 1.712
3 246 1.708
3 13 1.7
3 18 1.684
3 202 1.682
3 210 1.658
3 91 1.614
3 161 1.566
3 113 1.546
3 72 1.534
3 89 1.492
3 80 1.45
3 74 1.368
3 138 1.366
3 159 1.358
3 105 1.346
