1 25 6.02
1 51 5.348
1 44 5.342
1 24 5.196
1 34 4.776
1 27 4.54
1 52 4.486
1 35 4.466
1 46 4.456
1 31 4.448
1 23 4.328
1 17 4.214
1 18 3.788
1 33 3.636
1 36 3.598
1 32 3.444
1 28 3.438
1 43 3.414
1 21 3.4
1 26 3.372
1 40 3.358
1 9 3.358
1 50 3.27
1 13 3.256
1 58 3.252
1 57 3.25
1 7 3.25
1 19 3.202
1 56 3.196
1 3 3.192
1 4 3.154
1 29 3.148
1 49 3.144
1 30 3.056
1 47 3.012
1 15 2.998
1 54 2.966
1 8 2.916
1 59 2.86
1 20 2.772
1 45 2.678
1 11 2.668
1 6 2.668
1 12 2.648
1 10 2.48
1 14 2.464
1 55 2.45
1 38 2.35
1 16 2.348
1 48 2.348
1 5 2.268
1 42 2.18
1 41 2.132
1 61 2.076
1 53 2.066
1 39 1.884
1 37 1.792
1 1 1.6
1 22 1.454
1 2 1.328
2 34 4.93
2 23 4.918
2 51 4.736
2 7 4.694
2 44 4.67
2 13 4.526
2 46 4.302
2 19 4.22
2 26 4.184
2 39 4.156
2 33 3.754
2 30 3.724
2 31 3.542
2 21 3.434
2 28 3.296
2 8 2.978
2 29 2.946
2 56 2.808
2 5 2.722
2 24 2.694
2 12 2.672
2 17 2.65
2 47 2.602
2 4 2.558
2 37 2.538
2 50 2.41
2 58 1.994
2 15 1.952
2 27 1.866
2 9 1.814
2 16 1.418
2 53 1.31
3 26 5.796
3 46 5.782
3 28 5.642
3 30 5.642
3 33 5.638
3 18 5.634
3 36 5.602
3 27 5.5
3 49 4.824
3 23 4.77
3 48 4.654
3 52 2.936
3 6 2.878
3 4 2.814
3 37 1.948
3 39 1.946
3 14 1.944
3 10 1.936
3 38 1.934
3 54 1.934
3 8 1.932
3 11 1.93
3 13 1.93
3 55 1.93
3 12 1.924
4 23 7.608
4 31 6.22
4 25 6.022
4 35 5.838
4 46 5.516
4 50 5.19
4 19 4.694
4 34 4.646
4 45 4.338
4 20 4.304
4 33 4.23
4 17 3.966
4 24 3.782
4 52 3.736
4 5 3.654
4 56 3.638
4 47 3.566
4 48 3.55
4 37 3.358
4 15 3.114
4 42 3.106
4 12 3.088
4 40 3.028
4 8 3.026
4 36 2.9
4 9 2.808
4 39 2.752
4 49 2.438
4 41 2.336
4 28 2.282
4 29 2.22
4 43 1.932
4 13 1.83
4 16 1.83
4 10 1.822
4 51 1.82
4 32 1.782
4 55 1.742
4 4 1.624
4 6 1.588
4 14 1.58
4 58 1.53
4 38 1.472
4 30 1.338
4 44 1.28
4 61 1.27
4 11 1.254
5 7 6.948
5 44 5.282
5 51 5.208
5 11 5.194
5 46 4.99
5 21 4.892
5 26 4.892
5 18 4.424
5 13 4.326
5 8 4.234
5 3 3.888
5 2 3.862
5 6 3.552
5 34 3.42
5 40 3.268
5 31 3.04
5 57 2.866
5 36 2.856
5 5 2.824
5 15 2.806
5 23 2.704
5 41 2.69
5 10 2.622
5 37 2.566
5 45 2.498
5 20 2.488
5 33 2.424
5 16 2.404
5 52 2.294
5 4 2.286
5 32 2.278
5 48 2.274
5 42 2.16
5 35 2.154
5 17 2.128
5 47 2.122
5 19 2.106
5 60 2.1
5 30 2.092
5 28 2.012
5 12 2.002
5 25 1.988
5 27 1.938
5 39 1.89
5 24 1.848
5 58 1.846
5 55 1.822
5 50 1.766
5 38 1.76
5 54 1.694
5 56 1.642
5 22 1.636
5 14 1.618
5 9 1.558
5 29 1.542
5 49 1.54
5 53 1.512
5 61 1.488
5 59 1.434
5 43 1.43
