1 1 3.572
1 19 1.238
1 91 1.186
1 5 1.174
1 34 1.17
1 78 1.166
1 33 1.16
1 12 1.15
1 27 1.148
1 79 1.148
1 26 1.144
1 93 1.144
1 59 1.14
1 29 1.138
1 80 1.138
1 63 1.138
1 55 1.136
1 75 1.136
1 3 1.136
1 31 1.134
1 84 1.132
1 60 1.128
1 6 1.128
1 62 1.126
1 61 1.126
1 7 1.124
1 76 1.124
1 70 1.122
1 99 1.122
1 56 1.12
1 64 1.12
1 71 1.118
1 77 1.118
1 67 1.116
1 100 1.116
1 54 1.114
1 69 1.114
1 85 1.114
1 14 1.114
1 65 1.112
1 89 1.11
1 83 1.11
1 32 1.108
1 74 1.108
1 81 1.106
1 16 1.106
1 13 1.104
1 66 1.104
1 22 1.104
1 30 1.104
1 101 1.104
1 15 1.102
1 82 1.102
1 87 1.102
1 58 1.1
1 72 1.1
1 88 1.1
1 98 1.1
1 23 1.096
1 94 1.094
1 97 1.094
1 43 1.092
1 90 1.092
1 68 1.09
1 57 1.09
1 103 1.09
1 9 1.088
1 4 1.078
1 104 1.074
1 53 1.07
1 105 1.07
1 86 1.068
1 28 1.066
1 73 1.062
1 2 1.06
1 95 1.06
1 18 1.058
1 92 1.058
1 96 1.048
1 10 1.032
1 11 1.026
1 17 1.016
2 1 3.54
2 102 1.266
2 31 1.254
2 26 1.25
2 37 1.242
2 51 1.242
2 49 1.238
2 41 1.232
2 46 1.23
2 3 1.224
2 48 1.224
2 6 1.22
2 23 1.218
2 2 1.216
2 28 1.212
2 22 1.208
2 25 1.206
2 27 1.206
2 7 1.204
2 36 1.204
2 50 1.204
2 4 1.2
2 42 1.198
2 103 1.196
2 20 1.196
2 32 1.192
2 52 1.19
2 35 1.184
2 5 1.182
2 19 1.176
2 38 1.174
2 43 1.174
2 21 1.174
2 8 1.17
2 9 1.168
2 45 1.168
2 24 1.162
2 40 1.16
2 44 1.158
2 101 1.144
2 33 1.142
2 39 1.138
2 104 1.132
2 47 1.118
3 1 3.0
3 2 3.0
3 3 3.0
