1 39 5.412
1 22 3.694
1 24 3.36
1 1 2.544
1 3 2.476
1 37 2.354
1 28 2.096
1 45 2.014
1 33 1.556
1 282 1.392
1 461 1.242
1 568 1.218
1 405 1.208
1 460 1.202
1 72 1.19
1 595 1.188
1 614 1.186
1 550 1.184
1 579 1.184
1 213 1.182
1 536 1.18
1 517 1.178
1 226 1.178
1 846 1.178
1 532 1.178
1 284 1.174
1 290 1.172
1 478 1.172
1 338 1.17
1 469 1.168
1 492 1.168
1 929 1.168
1 456 1.166
1 219 1.164
1 841 1.164
1 490 1.162
1 479 1.162
1 535 1.162
1 114 1.16
1 561 1.16
1 523 1.16
1 600 1.158
1 387 1.156
1 585 1.154
1 275 1.154
1 141 1.154
1 546 1.152
1 236 1.152
1 611 1.152
1 325 1.15
1 516 1.148
1 543 1.146
1 607 1.144
1 133 1.144
1 616 1.144
1 529 1.142
1 383 1.142
1 500 1.14
1 468 1.138
1 547 1.138
1 554 1.138
1 747 1.138
1 538 1.138
1 988 1.138
1 196 1.134
1 961 1.134
1 599 1.134
1 601 1.134
1 409 1.13
1 603 1.13
1 685 1.13
1 854 1.13
1 981 1.13
1 252 1.128
1 578 1.128
1 904 1.128
1 489 1.126
1 524 1.126
1 587 1.126
1 23 1.124
1 494 1.124
1 571 1.124
1 853 1.124
1 71 1.124
1 977 1.124
1 56 1.124
1 542 1.122
1 966 1.12
1 218 1.12
1 573 1.12
1 925 1.12
1 480 1.12
1 613 1.118
1 522 1.118
1 684 1.118
1 506 1.118
1 933 1.118
1 560 1.118
1 980 1.118
1 255 1.116
1 361 1.116
1 610 1.116
1 564 1.116
1 519 1.114
1 594 1.114
1 311 1.114
1 702 1.114
1 502 1.114
1 549 1.114
1 472 1.114
1 552 1.114
1 848 1.114
1 299 1.114
1 580 1.114
1 293 1.114
1 518 1.112
1 8 1.112
1 512 1.112
1 515 1.112
1 491 1.11
1 943 1.11
1 574 1.11
1 847 1.11
1 285 1.11
1 882 1.11
1 557 1.11
1 948 1.108
1 974 1.108
1 732 1.108
1 581 1.108
1 169 1.108
1 496 1.106
1 370 1.106
1 852 1.106
1 349 1.106
1 352 1.106
1 896 1.104
1 713 1.104
1 511 1.104
1 887 1.104
1 562 1.104
1 486 1.104
1 867 1.104
1 914 1.102
1 962 1.102
1 593 1.102
1 944 1.102
1 391 1.102
1 473 1.102
1 528 1.102
1 690 1.102
1 537 1.102
1 482 1.102
1 588 1.102
1 894 1.1
1 721 1.1
1 238 1.1
1 73 1.1
1 527 1.1
1 849 1.1
1 292 1.1
1 631 1.1
1 186 1.1
1 174 1.098
1 839 1.098
1 675 1.098
1 223 1.098
1 545 1.098
1 181 1.098
1 533 1.098
1 886 1.098
1 451 1.098
1 466 1.096
1 569 1.096
1 243 1.096
1 414 1.096
1 879 1.096
1 509 1.096
1 949 1.096
1 49 1.096
1 134 1.096
1 586 1.096
1 305 1.094
1 718 1.094
1 354 1.094
1 592 1.094
1 210 1.094
1 598 1.094
1 412 1.094
1 551 1.094
1 602 1.094
1 475 1.094
1 84 1.094
1 300 1.094
1 262 1.094
1 274 1.094
1 930 1.094
1 584 1.094
1 833 1.094
1 912 1.094
1 674 1.092
1 495 1.092
1 681 1.092
1 911 1.092
1 959 1.092
1 697 1.09
1 544 1.09
1 390 1.09
1 876 1.09
1 18 1.09
1 658 1.09
1 765 1.09
1 606 1.09
1 534 1.09
1 508 1.09
1 609 1.09
1 484 1.09
1 513 1.09
1 504 1.09
1 565 1.09
1 892 1.088
1 570 1.088
1 920 1.088
1 972 1.088
1 503 1.088
1 749 1.088
1 716 1.088
1 937 1.086
1 617 1.086
1 493 1.086
1 726 1.086
1 823 1.086
1 901 1.086
1 705 1.086
1 474 1.086
1 256 1.086
1 905 1.086
1 88 1.086
1 952 1.086
1 362 1.086
1 932 1.086
1 559 1.086
1 566 1.084
1 938 1.084
1 521 1.084
1 725 1.084
1 845 1.084
1 877 1.084
1 878 1.084
1 553 1.084
1 709 1.084
1 664 1.084
1 691 1.084
1 750 1.084
1 635 1.082
1 963 1.082
1 428 1.082
1 251 1.082
1 605 1.082
1 767 1.082
1 906 1.082
1 769 1.082
1 453 1.082
1 667 1.082
1 865 1.082
1 888 1.082
1 751 1.082
1 891 1.08
1 918 1.08
1 520 1.08
1 572 1.08
1 41 1.08
1 844 1.08
1 231 1.08
1 471 1.08
1 946 1.08
1 802 1.08
1 79 1.08
1 501 1.08
1 663 1.08
1 582 1.08
1 558 1.08
1 862 1.08
1 954 1.08
1 483 1.08
1 910 1.08
1 173 1.08
1 175 1.08
1 539 1.08
1 487 1.08
1 296 1.08
1 465 1.078
1 870 1.078
1 652 1.078
1 1005 1.078
1 655 1.078
1 656 1.078
1 497 1.078
1 900 1.078
1 763 1.078
1 742 1.078
1 928 1.078
1 975 1.078
1 976 1.078
1 863 1.078
1 670 1.078
1 590 1.078
1 464 1.076
1 753 1.076
1 197 1.076
1 965 1.076
1 945 1.076
1 575 1.076
1 604 1.076
1 829 1.076
1 832 1.076
1 612 1.076
1 866 1.076
1 514 1.076
1 913 1.076
1 960 1.074
1 939 1.074
1 840 1.074
1 597 1.074
1 470 1.074
1 898 1.074
1 525 1.074
1 923 1.074
1 706 1.074
1 477 1.074
1 830 1.074
1 359 1.074
1 449 1.074
1 842 1.072
1 345 1.072
1 211 1.072
1 498 1.072
1 576 1.072
1 707 1.072
1 850 1.072
1 881 1.072
1 851 1.072
1 556 1.072
1 861 1.072
1 953 1.072
1 714 1.072
1 957 1.072
1 890 1.072
1 869 1.07
1 51 1.07
1 321 1.07
1 873 1.07
1 225 1.07
1 526 1.07
1 499 1.07
1 733 1.07
1 301 1.07
1 745 1.07
1 768 1.07
1 669 1.07
1 812 1.07
1 176 1.07
1 615 1.07
1 541 1.07
1 915 1.068
1 757 1.068
1 548 1.068
1 680 1.068
1 778 1.068
1 902 1.068
1 555 1.068
1 710 1.068
1 931 1.068
1 885 1.068
1 95 1.068
1 889 1.068
1 2 1.066
1 699 1.066
1 676 1.066
1 921 1.066
1 899 1.066
1 969 1.066
1 824 1.066
1 971 1.066
1 25 1.066
1 645 1.066
1 884 1.066
1 481 1.066
1 448 1.066
1 540 1.066
1 695 1.064
1 793 1.064
1 941 1.064
1 922 1.064
1 324 1.064
1 239 1.064
1 703 1.064
1 947 1.064
1 926 1.064
1 951 1.064
1 883 1.064
1 648 1.064
1 771 1.064
1 985 1.064
1 315 1.062
1 815 1.062
1 723 1.062
1 323 1.062
1 967 1.062
1 779 1.062
1 530 1.062
1 87 1.062
1 766 1.062
1 827 1.062
1 341 1.062
1 507 1.062
1 712 1.062
1 956 1.062
1 934 1.062
1 936 1.062
1 488 1.062
1 344 1.062
1 838 1.06
1 893 1.06
1 942 1.06
1 322 1.06
1 843 1.06
1 724 1.06
1 180 1.06
1 968 1.06
1 822 1.06
1 429 1.06
1 864 1.06
1 668 1.06
1 302 1.06
1 773 1.06
1 693 1.06
1 329 1.06
1 334 1.06
1 591 1.058
1 673 1.058
1 696 1.058
1 653 1.058
1 363 1.058
1 800 1.058
1 950 1.058
1 973 1.058
1 662 1.058
1 708 1.058
1 687 1.058
1 688 1.058
1 770 1.058
1 738 1.058
1 979 1.058
1 835 1.058
1 982 1.058
1 283 1.056
1 677 1.056
1 450 1.056
1 326 1.056
1 476 1.056
1 805 1.056
1 373 1.056
1 608 1.056
1 510 1.056
1 280 1.056
1 454 1.056
1 384 1.056
1 834 1.056
1 672 1.054
1 306 1.054
1 567 1.054
1 406 1.054
1 636 1.054
1 895 1.054
1 339 1.054
1 821 1.054
1 728 1.054
1 731 1.054
1 531 1.054
1 69 1.054
1 907 1.054
1 955 1.054
1 350 1.054
1 38 1.054
1 813 1.054
1 774 1.054
1 694 1.054
1 837 1.052
1 355 1.052
1 754 1.052
1 358 1.052
1 795 1.052
1 467 1.052
1 360 1.052
1 224 1.052
1 919 1.052
1 654 1.052
1 875 1.052
1 762 1.052
1 20 1.052
1 661 1.052
1 744 1.052
1 343 1.052
1 156 1.052
1 170 1.052
1 787 1.052
1 935 1.052
1 52 1.052
1 330 1.052
1 353 1.05
1 165 1.05
1 347 1.05
1 917 1.05
1 1004 1.05
1 872 1.05
1 897 1.05
1 245 1.05
1 704 1.05
1 642 1.05
1 241 1.05
1 74 1.05
1 730 1.05
1 63 1.05
1 686 1.05
1 828 1.05
1 807 1.05
1 736 1.05
1 374 1.05
1 810 1.05
1 715 1.05
1 303 1.05
1 563 1.05
1 790 1.05
1 386 1.05
1 752 1.048
1 333 1.048
1 698 1.048
1 820 1.048
1 410 1.048
1 760 1.048
1 577 1.048
1 781 1.048
1 623 1.048
1 855 1.048
1 624 1.048
1 666 1.048
1 651 1.048
1 740 1.048
1 58 1.048
1 304 1.048
1 814 1.048
1 444 1.048
1 868 1.046
1 633 1.046
1 319 1.046
1 871 1.046
1 964 1.046
1 678 1.046
1 799 1.046
1 641 1.046
1 970 1.046
1 643 1.046
1 459 1.046
1 660 1.046
1 903 1.046
1 927 1.046
1 826 1.046
1 746 1.046
1 788 1.046
1 995 1.046
1 289 1.046
1 62 1.046
1 389 1.046
1 940 1.044
1 756 1.044
1 596 1.044
1 701 1.044
1 679 1.044
1 640 1.044
1 6 1.044
1 618 1.044
1 727 1.044
1 298 1.044
1 825 1.044
1 371 1.044
1 337 1.044
1 857 1.044
1 626 1.044
1 737 1.044
1 583 1.044
1 650 1.044
1 348 1.044
1 458 1.044
1 994 1.044
1 385 1.044
1 61 1.044
1 776 1.042
1 335 1.042
1 411 1.042
1 413 1.042
1 657 1.042
1 619 1.042
1 291 1.042
1 505 1.042
1 372 1.042
1 784 1.042
1 649 1.042
1 689 1.042
1 786 1.042
1 375 1.042
1 42 1.042
1 351 1.042
1 671 1.042
1 791 1.042
1 447 1.042
1 403 1.04
1 720 1.04
1 794 1.04
1 281 1.04
1 5 1.04
1 378 1.04
1 682 1.04
1 621 1.04
1 644 1.04
1 328 1.04
1 622 1.04
1 54 1.04
1 859 1.04
1 978 1.04
1 739 1.04
1 692 1.04
1 789 1.04
1 741 1.04
1 958 1.04
1 421 1.04
1 719 1.038
1 817 1.038
1 798 1.038
1 924 1.038
1 620 1.038
1 462 1.038
1 647 1.038
1 908 1.038
1 627 1.038
1 628 1.038
1 629 1.038
1 287 1.038
1 336 1.038
1 775 1.036
1 1003 1.036
1 320 1.036
1 700 1.036
1 729 1.036
1 646 1.036
1 782 1.036
1 735 1.036
1 625 1.036
1 831 1.036
1 47 1.036
1 717 1.036
1 288 1.036
1 819 1.034
1 874 1.034
1 368 1.034
1 804 1.034
1 665 1.034
1 785 1.034
1 808 1.034
1 986 1.034
1 722 1.032
1 639 1.032
1 402 1.032
1 803 1.032
1 880 1.032
1 430 1.032
1 65 1.032
1 809 1.032
1 748 1.032
1 811 1.032
1 46 1.032
1 630 1.032
1 48 1.032
1 66 1.032
1 318 1.03
1 445 1.03
1 34 1.03
1 797 1.03
1 758 1.03
1 4 1.03
1 659 1.03
1 683 1.03
1 734 1.03
1 55 1.03
1 860 1.03
1 44 1.03
1 836 1.028
1 816 1.028
1 244 1.028
1 392 1.028
1 796 1.028
1 759 1.028
1 743 1.028
1 856 1.028
1 711 1.028
1 286 1.028
1 589 1.028
1 632 1.028
1 1002 1.028
1 264 1.026
1 634 1.026
1 916 1.026
1 404 1.026
1 407 1.026
1 340 1.026
1 424 1.026
1 240 1.026
1 426 1.026
1 801 1.026
1 327 1.026
1 638 1.024
1 425 1.024
1 761 1.024
1 416 1.024
1 21 1.024
1 365 1.024
1 12 1.022
1 637 1.022
1 342 1.022
1 764 1.022
1 806 1.022
1 909 1.022
1 485 1.022
1 68 1.022
1 10 1.02
1 755 1.02
1 408 1.02
1 415 1.02
1 427 1.02
1 792 1.018
1 783 1.018
1 996 1.018
1 60 1.018
1 310 1.016
1 331 1.016
1 312 1.016
1 128 1.016
1 858 1.016
1 423 1.014
1 772 1.014
1 297 1.014
1 818 1.012
1 313 1.012
1 364 1.012
1 777 1.012
1 780 1.012
1 992 1.012
1 369 1.004
2 3 4.778
2 33 1.628
2 28 1.396
2 24 1.334
2 45 1.304
2 7 1.17
2 156 1.162
2 269 1.154
2 249 1.154
2 183 1.15
2 22 1.148
2 92 1.144
2 228 1.144
2 120 1.142
2 1 1.138
2 265 1.138
2 258 1.134
2 100 1.134
2 204 1.132
2 113 1.132
2 203 1.13
2 191 1.126
2 422 1.126
2 18 1.12
2 225 1.116
2 446 1.116
2 13 1.112
2 162 1.11
2 242 1.11
2 102 1.11
2 234 1.108
2 376 1.106
2 445 1.106
2 115 1.104
2 174 1.104
2 185 1.104
2 125 1.102
2 248 1.102
2 8 1.102
2 264 1.102
2 83 1.1
2 98 1.1
2 134 1.1
2 233 1.1
2 220 1.098
2 67 1.098
2 213 1.096
2 235 1.096
2 161 1.096
2 131 1.096
2 175 1.096
2 78 1.096
2 187 1.096
2 177 1.096
2 66 1.096
2 4 1.094
2 75 1.094
2 332 1.094
2 86 1.094
2 163 1.094
2 196 1.094
2 88 1.094
2 117 1.092
2 273 1.092
2 209 1.092
2 275 1.092
2 211 1.092
2 71 1.09
2 147 1.09
2 250 1.09
2 144 1.09
2 155 1.09
2 214 1.088
2 215 1.088
2 216 1.088
2 271 1.088
2 25 1.088
2 6 1.086
2 251 1.086
2 122 1.086
2 80 1.086
2 189 1.086
2 69 1.086
2 124 1.086
2 65 1.086
2 81 1.084
2 268 1.084
2 105 1.084
2 307 1.084
2 37 1.084
2 178 1.084
2 311 1.084
2 247 1.082
2 128 1.082
2 238 1.082
2 261 1.082
2 20 1.082
2 199 1.082
2 202 1.08
2 236 1.08
2 16 1.08
2 217 1.08
2 89 1.08
2 114 1.078
2 5 1.078
2 194 1.078
2 96 1.078
2 151 1.078
2 367 1.078
2 87 1.078
2 109 1.078
2 165 1.078
2 133 1.078
2 12 1.078
2 184 1.076
2 164 1.076
2 123 1.076
2 94 1.074
2 237 1.074
2 10 1.074
2 56 1.074
2 103 1.072
2 14 1.072
2 303 1.072
2 270 1.072
2 130 1.072
2 39 1.072
2 101 1.072
2 135 1.072
2 82 1.07
2 116 1.07
2 160 1.07
2 119 1.07
2 111 1.07
2 231 1.07
2 210 1.07
2 136 1.068
2 224 1.068
2 172 1.068
2 218 1.068
2 232 1.068
2 243 1.068
2 244 1.068
2 212 1.068
2 267 1.068
2 17 1.066
2 256 1.066
2 159 1.064
2 149 1.064
2 129 1.064
2 97 1.064
2 252 1.064
2 138 1.062
2 171 1.062
2 423 1.062
2 99 1.062
2 176 1.062
2 223 1.062
2 302 1.062
2 170 1.06
2 192 1.06
2 150 1.06
2 173 1.06
2 239 1.06
2 76 1.06
2 132 1.06
2 168 1.06
2 444 1.06
2 104 1.058
2 193 1.058
2 226 1.058
2 85 1.058
2 205 1.058
2 272 1.058
2 21 1.058
2 254 1.058
2 93 1.056
2 118 1.056
2 179 1.056
2 158 1.054
2 23 1.054
2 73 1.054
2 74 1.054
2 95 1.054
2 36 1.054
2 140 1.054
2 206 1.054
2 27 1.054
2 110 1.054
2 241 1.054
2 90 1.054
2 72 1.052
2 148 1.052
2 127 1.052
2 84 1.052
2 197 1.052
2 253 1.052
2 221 1.052
2 157 1.052
2 245 1.052
2 257 1.05
2 181 1.05
2 240 1.05
2 153 1.05
2 219 1.05
2 263 1.05
2 143 1.05
2 154 1.05
2 166 1.05
2 180 1.048
2 126 1.048
2 347 1.048
2 377 1.048
2 9 1.048
2 198 1.048
2 299 1.048
2 246 1.046
2 137 1.046
2 182 1.046
2 208 1.046
2 230 1.046
2 274 1.046
2 266 1.046
2 79 1.044
2 29 1.044
2 145 1.044
2 255 1.044
2 314 1.042
2 260 1.042
2 201 1.042
2 42 1.04
2 108 1.04
2 19 1.04
2 229 1.04
2 426 1.04
2 437 1.04
2 222 1.04
2 384 1.04
2 77 1.038
2 262 1.038
2 439 1.038
2 112 1.038
2 280 1.038
2 989 1.038
2 457 1.036
2 139 1.036
2 436 1.036
2 207 1.036
2 142 1.036
2 186 1.036
2 51 1.036
2 146 1.036
2 431 1.036
2 169 1.034
2 227 1.034
2 195 1.034
2 34 1.034
2 35 1.034
2 378 1.034
2 438 1.034
2 167 1.034
2 190 1.034
2 296 1.034
2 335 1.034
2 356 1.034
2 388 1.032
2 424 1.032
2 393 1.032
2 152 1.032
2 276 1.032
2 41 1.03
2 394 1.03
2 47 1.03
2 121 1.03
2 291 1.03
2 40 1.03
2 442 1.03
2 855 1.028
2 106 1.028
2 259 1.028
2 141 1.028
2 389 1.028
2 397 1.028
2 11 1.028
2 200 1.028
2 300 1.028
2 310 1.028
2 15 1.026
2 392 1.026
2 631 1.026
2 188 1.026
2 428 1.026
2 992 1.026
2 70 1.024
2 434 1.024
2 107 1.024
2 425 1.024
2 450 1.024
2 379 1.024
2 396 1.024
2 986 1.024
2 429 1.024
2 440 1.024
2 91 1.024
2 441 1.024
2 456 1.022
2 26 1.022
2 418 1.022
2 387 1.022
2 38 1.022
2 451 1.022
2 427 1.022
2 312 1.022
2 390 1.022
2 990 1.022
2 997 1.022
2 1001 1.022
2 301 1.02
2 443 1.02
2 993 1.02
2 281 1.02
2 435 1.02
2 48 1.02
2 381 1.02
2 382 1.02
2 455 1.02
2 400 1.02
2 405 1.02
2 420 1.02
2 1004 1.018
2 432 1.018
2 308 1.018
2 433 1.018
2 463 1.018
2 46 1.018
2 395 1.018
2 52 1.018
2 452 1.018
2 987 1.018
2 398 1.018
2 279 1.018
2 289 1.018
2 430 1.018
2 292 1.018
2 333 1.016
2 293 1.016
2 44 1.016
2 277 1.016
2 380 1.016
2 419 1.016
2 343 1.014
2 449 1.014
2 363 1.014
2 999 1.014
2 1002 1.014
2 361 1.012
2 458 1.012
2 63 1.012
2 453 1.012
2 64 1.012
2 399 1.012
2 309 1.012
2 346 1.012
2 991 1.012
2 43 1.01
2 55 1.01
2 278 1.01
2 313 1.01
2 998 1.01
2 2 1.008
2 401 1.008
2 284 1.008
2 53 1.008
2 454 1.008
2 317 1.008
2 1000 1.008
2 331 1.006
2 417 1.006
2 366 1.004
2 357 1.004
3 1 4.994
3 316 4.608
3 22 4.42
3 32 4.324
3 31 4.302
3 30 4.094
3 28 4.048
3 58 3.49
3 11 3.228
3 128 3.18
3 284 3.124
3 12 2.968
3 295 2.96
3 285 2.94
3 293 2.926
3 492 2.838
3 294 2.816
3 19 2.774
3 279 2.668
3 289 2.624
3 50 2.544
3 388 2.4
3 45 2.382
3 33 2.334
3 47 1.848
3 342 1.838
3 3 1.836
3 48 1.79
3 59 1.698
3 407 1.642
3 57 1.612
3 4 1.606
3 448 1.478
3 39 1.458
4 47 6.884
4 45 6.708
4 48 6.55
4 28 5.82
4 46 5.776
4 3 4.11
4 290 3.75
4 291 3.654
4 20 3.644
4 289 3.612
4 55 3.558
4 984 3.14
4 95 3.038
4 983 3.008
4 33 2.618
4 23 2.462
4 387 1.804
4 24 1.796
4 51 1.792
4 22 1.788
4 277 1.774
