1 639 8.618
1 816 2.806
1 1412 2.552
1 1158 2.058
1 1587 1.826
1 293 1.786
1 1293 1.582
1 432 1.442
1 719 1.334
1 1542 1.318
1 22 1.278
1 1409 1.27
1 276 1.252
1 1341 1.244
1 76 1.242
1 32 1.242
1 740 1.232
1 29 1.23
1 14 1.226
1 519 1.226
1 501 1.224
1 2205 1.222
1 331 1.22
1 2140 1.22
1 2298 1.21
1 923 1.21
1 1738 1.21
1 106 1.208
1 567 1.208
1 61 1.208
1 25 1.208
1 2287 1.204
1 666 1.204
1 445 1.202
1 259 1.202
1 1340 1.202
1 2162 1.2
1 1235 1.2
1 1092 1.2
1 691 1.196
1 1853 1.194
1 502 1.186
1 1221 1.186
1 709 1.184
1 149 1.184
1 101 1.184
1 2011 1.176
1 2188 1.174
1 239 1.174
1 754 1.172
1 1641 1.172
1 42 1.172
1 1207 1.172
1 1313 1.17
1 1987 1.17
1 554 1.17
1 690 1.168
1 383 1.168
1 1407 1.166
1 1988 1.166
1 290 1.166
1 35 1.166
1 629 1.166
1 1081 1.166
1 1342 1.164
1 169 1.164
1 1286 1.162
1 908 1.162
1 261 1.16
1 755 1.16
1 411 1.16
1 1480 1.158
1 663 1.158
1 1976 1.156
1 1622 1.156
1 1639 1.156
1 682 1.154
1 1430 1.154
1 100 1.152
1 1329 1.152
1 542 1.152
1 931 1.152
1 102 1.15
1 1855 1.15
1 980 1.15
1 1554 1.15
1 1525 1.15
1 1180 1.15
1 576 1.15
1 906 1.15
1 623 1.15
1 683 1.148
1 24 1.148
1 2012 1.148
1 2077 1.148
1 766 1.148
1 1656 1.148
1 2279 1.148
1 1461 1.146
1 942 1.146
1 151 1.146
1 1967 1.146
1 1423 1.144
1 1361 1.144
1 945 1.144
1 212 1.144
1 2081 1.144
1 518 1.144
1 1736 1.144
1 2027 1.144
1 662 1.142
1 764 1.142
1 1634 1.142
1 2175 1.142
1 1864 1.142
1 1929 1.142
1 394 1.142
1 1164 1.142
1 1178 1.142
1 1202 1.142
1 44 1.142
1 670 1.14
1 897 1.14
1 905 1.14
1 786 1.14
1 1840 1.14
1 538 1.14
1 1944 1.14
1 976 1.14
1 1908 1.138
1 1350 1.138
1 907 1.138
1 2186 1.138
1 866 1.138
1 1043 1.138
1 2208 1.138
1 679 1.138
1 175 1.138
1 382 1.136
1 875 1.136
1 2254 1.136
1 1581 1.136
1 220 1.136
1 1893 1.136
1 790 1.134
1 2236 1.134
1 2054 1.134
1 2190 1.134
1 1636 1.134
1 1653 1.134
1 1912 1.132
1 1918 1.132
1 397 1.132
1 1924 1.132
1 64 1.132
1 1880 1.132
1 258 1.132
1 2330 1.132
1 2278 1.132
1 2220 1.132
1 1974 1.13
1 1481 1.13
1 2003 1.13
1 1541 1.13
1 222 1.13
1 934 1.128
1 1981 1.128
1 1919 1.128
1 2323 1.128
1 2332 1.128
1 1212 1.128
1 2029 1.128
1 2168 1.126
1 2105 1.126
1 621 1.126
1 1197 1.126
1 1750 1.126
1 1904 1.126
1 673 1.124
1 2290 1.124
1 2167 1.124
1 2234 1.124
1 1857 1.124
1 1607 1.124
1 56 1.124
1 2117 1.124
1 2312 1.124
1 282 1.124
1 2062 1.124
1 1875 1.124
1 294 1.124
1 2013 1.124
1 1181 1.124
1 1667 1.124
1 122 1.122
1 2102 1.122
1 1915 1.122
1 1856 1.122
1 216 1.122
1 2127 1.122
1 526 1.122
1 2070 1.122
1 2080 1.122
1 1969 1.12
1 104 1.12
1 105 1.12
1 1325 1.12
1 1428 1.12
1 2005 1.12
1 1165 1.12
1 80 1.12
1 1959 1.12
1 1318 1.118
1 1162 1.118
1 183 1.118
1 2244 1.118
1 1463 1.118
1 1482 1.118
1 2192 1.118
1 1007 1.118
1 215 1.118
1 1637 1.118
1 2089 1.118
1 1312 1.116
1 2243 1.116
1 642 1.116
1 2324 1.116
1 677 1.116
1 678 1.116
1 342 1.116
1 1149 1.116
1 499 1.116
1 2172 1.114
1 2118 1.114
1 1467 1.114
1 2317 1.114
1 1621 1.114
1 2069 1.114
1 2199 1.114
1 1628 1.114
1 31 1.114
1 457 1.114
1 2024 1.114
1 2283 1.114
1 1910 1.112
1 1832 1.112
1 1425 1.112
1 1940 1.112
1 2066 1.112
1 2071 1.112
1 2010 1.112
1 904 1.112
1 2635 1.112
1 1606 1.11
1 1436 1.11
1 1404 1.11
1 1937 1.11
1 2064 1.11
1 880 1.11
1 2259 1.11
1 2325 1.11
1 1098 1.11
1 2328 1.11
1 1547 1.11
1 2268 1.11
1 1894 1.11
1 2217 1.11
1 1842 1.108
1 2300 1.108
1 2050 1.108
1 1872 1.108
1 117 1.108
1 332 1.108
1 155 1.108
1 1722 1.108
1 774 1.106
1 318 1.106
1 2295 1.106
1 761 1.106
1 1920 1.106
1 2046 1.106
1 1858 1.106
1 1870 1.106
1 1509 1.106
1 295 1.106
1 1657 1.106
1 1958 1.106
1 2215 1.106
1 2231 1.104
1 1431 1.104
1 1615 1.104
1 132 1.104
1 1891 1.104
1 1733 1.104
1 627 1.102
1 1845 1.102
1 1080 1.102
1 676 1.102
1 1913 1.102
1 1922 1.102
1 1986 1.102
1 2315 1.102
1 948 1.102
1 2009 1.102
1 1946 1.102
1 2074 1.102
1 1159 1.102
1 2145 1.102
1 1956 1.102
1 89 1.102
1 2155 1.102
1 701 1.1
1 2238 1.1
1 368 1.1
1 925 1.1
1 2121 1.1
1 1934 1.1
1 1578 1.1
1 1943 1.1
1 1883 1.1
1 1888 1.1
1 1890 1.1
1 1761 1.1
1 1892 1.1
1 497 1.1
1 2083 1.1
1 2153 1.1
1 2025 1.1
1 1968 1.098
1 2033 1.098
1 2104 1.098
1 8 1.098
1 1414 1.098
1 1429 1.098
1 2177 1.098
1 1868 1.098
1 2126 1.098
1 1939 1.098
1 2006 1.098
1 28 1.098
1 1947 1.098
1 2265 1.098
1 416 1.098
1 1972 1.096
1 2100 1.096
1 2045 1.096
1 903 1.096
1 946 1.096
1 2124 1.096
1 2060 1.096
1 1878 1.096
1 1942 1.096
1 2134 1.096
1 2198 1.096
1 1592 1.096
1 2015 1.096
1 2310 1.096
1 2276 1.096
1 1961 1.096
1 1900 1.096
1 1907 1.094
1 1195 1.094
1 1979 1.094
1 888 1.094
1 2239 1.094
1 1432 1.094
1 148 1.094
1 1630 1.094
1 2141 1.094
1 2076 1.094
1 2023 1.094
1 669 1.092
1 2037 1.092
1 2303 1.092
1 1990 1.092
1 1931 1.092
1 953 1.092
1 1553 1.092
1 2322 1.092
1 1030 1.092
1 1633 1.092
1 1148 1.092
1 1150 1.092
1 38 1.092
1 1902 1.092
1 1765 1.092
1 435 1.09
1 1992 1.09
1 2183 1.09
1 1933 1.09
1 2059 1.09
1 1999 1.09
1 1590 1.09
1 2270 1.09
1 1039 1.09
1 2147 1.09
1 1848 1.088
1 2047 1.088
1 2051 1.088
1 2116 1.088
1 1927 1.088
1 2053 1.088
1 915 1.088
1 2191 1.088
1 1147 1.088
1 1941 1.088
1 2143 1.088
1 1691 1.088
1 1899 1.088
1 2090 1.088
1 2219 1.088
1 1783 1.086
1 1588 1.086
1 599 1.086
1 1337 1.086
1 685 1.086
1 893 1.086
1 2304 1.086
1 2187 1.086
1 2252 1.086
1 1513 1.086
1 528 1.086
1 2004 1.086
1 1879 1.086
1 2260 1.086
1 1884 1.086
1 2201 1.086
1 2331 1.086
1 1889 1.086
1 2144 1.086
1 1172 1.086
1 757 1.086
1 1896 1.086
1 2087 1.086
1 2154 1.086
1 1319 1.084
1 2106 1.084
1 1169 1.084
1 1862 1.084
1 2181 1.084
1 2246 1.084
1 2056 1.084
1 697 1.084
1 1612 1.084
1 1469 1.084
1 2249 1.084
1 66 1.084
1 2275 1.084
1 715 1.084
1 2094 1.082
1 1905 1.082
1 509 1.082
1 2165 1.082
1 2041 1.082
1 1365 1.082
1 1917 1.082
1 2173 1.082
1 1603 1.082
1 2114 1.082
1 1865 1.082
1 1928 1.082
1 2182 1.082
1 710 1.082
1 1877 1.082
1 1881 1.082
1 1885 1.082
1 2075 1.082
1 1760 1.082
1 1898 1.082
1 180 1.082
1 1134 1.08
1 2227 1.08
1 1851 1.08
1 1385 1.08
1 1982 1.08
1 895 1.08
1 1985 1.08
1 292 1.08
1 2135 1.08
1 1882 1.08
1 1945 1.08
1 2072 1.08
1 2137 1.08
1 322 1.08
1 1887 1.08
1 595 1.08
1 1962 1.08
1 2030 1.08
1 1906 1.078
1 1970 1.078
1 1849 1.078
1 2040 1.078
1 2170 1.078
1 2107 1.078
1 2307 1.078
1 2139 1.078
1 1997 1.078
1 1405 1.078
1 638 1.078
1 1950 1.078
1 1735 1.078
1 2084 1.078
1 2212 1.078
1 1960 1.078
1 1964 1.078
1 1306 1.076
1 2223 1.076
1 2035 1.076
1 1973 1.076
1 1384 1.076
1 1980 1.076
1 2171 1.076
1 1163 1.076
1 1923 1.076
1 2311 1.076
1 2007 1.076
1 2327 1.076
1 1632 1.076
1 1886 1.076
1 1171 1.076
1 1182 1.076
1 708 1.076
1 2286 1.074
1 2289 1.074
1 2039 1.074
1 2296 1.074
1 2042 1.074
1 588 1.074
1 1860 1.074
1 2180 1.074
1 2247 1.074
1 2057 1.074
1 1871 1.074
1 2319 1.074
1 2256 1.074
1 1133 1.074
1 2138 1.074
1 1170 1.074
1 2206 1.074
1 2079 1.074
1 625 1.074
1 1957 1.074
1 2021 1.074
1 2150 1.074
1 2280 1.074
1 1562 1.072
1 922 1.072
1 103 1.072
1 2098 1.072
1 758 1.072
1 2103 1.072
1 2302 1.072
1 1378 1.072
1 2176 1.072
1 494 1.072
1 2248 1.072
1 1031 1.072
1 1873 1.072
1 1936 1.072
1 1151 1.072
1 2264 1.072
1 1763 1.072
1 1297 1.072
1 735 1.07
1 2226 1.07
1 2099 1.07
1 794 1.07
1 896 1.07
1 2178 1.07
1 2245 1.07
1 1932 1.07
1 2063 1.07
1 1000 1.07
1 2002 1.07
1 2131 1.07
1 2221 1.07
1 1589 1.068
1 1598 1.068
1 2049 1.068
1 2115 1.068
1 2122 1.068
1 2320 1.068
1 2132 1.068
1 2017 1.068
1 2082 1.068
1 626 1.068
1 2551 1.068
1 1298 1.068
1 977 1.066
1 1847 1.066
1 2036 1.066
1 2230 1.066
1 198 1.066
1 2119 1.066
1 2185 1.066
1 2125 1.066
1 2189 1.066
1 2204 1.066
1 1638 1.066
1 2014 1.066
1 1952 1.066
1 1712 1.066
1 1184 1.066
1 1075 1.066
1 2159 1.064
1 2222 1.064
1 1167 1.064
1 2095 1.064
1 2294 1.064
1 1852 1.064
1 2235 1.064
1 2108 1.064
1 2174 1.064
1 196 1.064
1 1925 1.064
1 284 1.064
1 2253 1.064
1 2196 1.064
1 2016 1.064
1 2423 1.064
1 2022 1.064
1 1729 1.064
1 2088 1.064
1 2218 1.064
1 1135 1.062
1 1309 1.062
1 1844 1.062
1 1368 1.062
1 933 1.062
1 1859 1.062
1 2112 1.062
1 1005 1.062
1 796 1.062
1 1993 1.062
1 57 1.062
1 1869 1.062
1 2318 1.062
1 876 1.062
1 2258 1.062
1 217 1.062
1 2326 1.062
1 2263 1.062
1 2073 1.062
1 1045 1.062
1 2211 1.062
1 345 1.062
1 40 1.062
1 451 1.06
1 2032 1.06
1 1317 1.06
1 2038 1.06
1 512 1.06
1 2110 1.06
1 1116 1.06
1 2240 1.06
1 442 1.06
1 1139 1.06
1 459 1.06
1 712 1.06
1 466 1.06
1 23 1.06
1 2508 1.06
1 726 1.06
1 1720 1.06
1 2214 1.06
1 2284 1.06
1 713 1.058
1 2161 1.058
1 510 1.058
1 1200 1.058
1 798 1.058
1 2299 1.058
1 635 1.058
1 1991 1.058
1 2000 1.058
1 1530 1.058
1 1938 1.058
1 297 1.058
1 1953 1.058
1 2028 1.058
1 1966 1.058
1 2562 1.058
1 2160 1.056
1 2224 1.056
1 1004 1.056
1 640 1.056
1 1594 1.056
1 1287 1.056
1 1824 1.056
1 1854 1.056
1 2055 1.056
1 1611 1.056
1 1226 1.056
1 2120 1.056
1 1995 1.056
1 1876 1.056
1 2257 1.056
1 1499 1.056
1 484 1.056
1 2266 1.056
1 36 1.056
1 878 1.056
1 1445 1.056
1 2092 1.056
1 251 1.054
1 1975 1.054
1 7 1.054
1 404 1.054
1 1921 1.054
1 1926 1.054
1 390 1.054
1 2250 1.054
1 2321 1.054
1 1153 1.054
1 1949 1.054
1 1955 1.054
1 912 1.054
1 2026 1.054
1 1401 1.052
1 10 1.052
1 1539 1.052
1 1994 1.052
1 1008 1.052
1 714 1.052
1 2008 1.052
1 1100 1.052
1 597 1.052
1 1954 1.052
1 2018 1.052
1 2156 1.052
1 2157 1.052
1 1311 1.05
1 2166 1.05
1 430 1.05
1 1863 1.05
1 2374 1.05
1 2313 1.05
1 1500 1.05
1 2443 1.05
1 53 1.05
1 881 1.05
1 2329 1.05
1 2123 1.05
1 1346 1.05
1 2274 1.05
1 2415 1.05
1 535 1.05
1 879 1.05
1 2091 1.05
1 919 1.05
1 1843 1.048
1 2096 1.048
1 2288 1.048
1 2225 1.048
1 1331 1.048
1 788 1.048
1 1978 1.048
1 2426 1.048
1 941 1.048
1 1022 1.048
1 139 1.048
1 2184 1.048
1 2316 1.048
1 1714 1.048
1 2001 1.048
1 1454 1.048
1 2195 1.048
1 73 1.048
1 973 1.048
1 541 1.048
1 2078 1.048
1 1155 1.048
1 2085 1.048
1 614 1.048
1 2158 1.048
1 920 1.048
1 2573 1.048
1 2293 1.046
1 109 1.046
1 1107 1.046
1 2232 1.046
1 1916 1.046
1 937 1.046
1 2241 1.046
1 1119 1.046
1 803 1.046
1 1996 1.046
1 1206 1.046
1 2067 1.046
1 1174 1.046
1 1650 1.046
1 163 1.046
1 1713 1.046
1 170 1.046
1 622 1.046
1 698 1.044
1 2163 1.044
1 1911 1.044
1 2101 1.044
1 65 1.044
1 753 1.044
1 2431 1.044
1 1131 1.044
1 1609 1.044
1 1613 1.044
1 2314 1.044
1 979 1.044
1 467 1.044
1 1948 1.044
1 891 1.044
1 902 1.044
1 549 1.044
1 2213 1.044
1 2152 1.044
1 1270 1.044
1 2593 1.042
1 1079 1.042
1 2 1.042
1 1288 1.042
1 1599 1.042
1 511 1.042
1 407 1.042
1 717 1.042
1 1602 1.042
1 872 1.042
1 13 1.042
1 443 1.042
1 1225 1.042
1 1468 1.042
1 200 1.042
1 654 1.042
1 870 1.042
1 131 1.042
1 2261 1.042
1 2136 1.042
1 1106 1.042
1 1711 1.042
1 1188 1.042
1 254 1.042
1 909 1.042
1 1901 1.042
1 2093 1.042
1 1204 1.04
1 2291 1.04
1 1099 1.04
1 752 1.04
1 684 1.04
1 1861 1.04
1 2058 1.04
1 958 1.04
1 2061 1.04
1 2129 1.04
1 2194 1.04
1 529 1.04
1 886 1.04
1 310 1.04
1 889 1.04
1 2202 1.04
1 1332 1.04
1 2454 1.04
1 1519 1.04
1 1566 1.04
1 477 1.04
1 46 1.04
1 1903 1.04
1 2034 1.038
1 2599 1.038
1 186 1.038
1 936 1.038
1 2109 1.038
1 1397 1.038
1 1617 1.038
1 1984 1.038
1 415 1.038
1 2113 1.038
1 2305 1.038
1 1435 1.038
1 2267 1.038
1 1394 1.038
1 2251 1.038
1 1998 1.038
1 2575 1.038
1 2339 1.038
1 711 1.038
1 1564 1.038
1 1448 1.038
1 1372 1.038
1 624 1.038
1 1648 1.038
1 1143 1.038
1 45 1.038
1 366 1.038
1 377 1.036
1 6 1.036
1 2297 1.036
1 437 1.036
1 2048 1.036
1 1117 1.036
1 516 1.036
1 1383 1.036
1 287 1.036
1 884 1.036
1 969 1.036
1 1951 1.036
1 727 1.036
1 2272 1.036
1 2210 1.036
1 41 1.036
1 989 1.036
1 1737 1.036
1 2467 1.036
1 1965 1.036
1 2590 1.036
1 182 1.034
1 2229 1.034
1 1577 1.034
1 1422 1.034
1 184 1.034
1 1114 1.034
1 434 1.034
1 1640 1.034
1 1605 1.034
1 2309 1.034
1 1930 1.034
1 2619 1.034
1 1034 1.034
1 873 1.034
1 1001 1.034
1 2065 1.034
1 1703 1.034
1 1586 1.034
1 2133 1.034
1 882 1.034
1 1626 1.034
1 540 1.034
1 815 1.034
1 2456 1.034
1 610 1.034
1 1179 1.034
1 2459 1.034
1 2209 1.034
1 2277 1.034
1 2086 1.034
1 1753 1.034
1 954 1.034
1 49 1.032
1 2474 1.032
1 589 1.032
1 77 1.032
1 1977 1.032
1 2169 1.032
1 751 1.032
1 938 1.032
1 1601 1.032
1 1983 1.032
1 2427 1.032
1 1196 1.032
1 2179 1.032
1 1867 1.032
1 1770 1.032
1 433 1.032
1 960 1.032
1 1406 1.032
1 195 1.032
1 1708 1.032
1 2128 1.032
1 2193 1.032
1 787 1.032
1 1156 1.032
1 968 1.032
1 2451 1.032
1 87 1.032
1 298 1.032
1 894 1.032
1 1347 1.032
1 1710 1.032
1 877 1.032
1 913 1.032
1 2401 1.032
1 736 1.032
1 1302 1.032
1 2403 1.032
1 738 1.032
1 2470 1.032
1 371 1.032
1 2592 1.032
1 1176 1.03
1 1786 1.03
1 999 1.03
1 2097 1.03
1 1741 1.03
1 193 1.03
1 765 1.03
1 1914 1.03
1 1597 1.03
1 2043 1.03
1 2301 1.03
1 1377 1.03
1 1175 1.03
1 1018 1.03
1 1726 1.03
1 2612 1.03
1 2615 1.03
1 145 1.03
1 2436 1.03
1 99 1.03
1 1140 1.03
1 1033 1.03
1 62 1.03
1 2255 1.03
1 2444 1.03
1 2445 1.03
1 1230 1.03
1 1250 1.03
1 257 1.03
1 2203 1.03
1 2498 1.03
1 2142 1.03
1 900 1.03
1 1349 1.03
1 1895 1.03
1 1897 1.03
1 245 1.03
1 2588 1.03
1 995 1.03
1 668 1.03
1 2472 1.03
1 2031 1.028
1 921 1.028
1 929 1.028
1 1850 1.028
1 1593 1.028
1 120 1.028
1 406 1.028
1 256 1.028
1 1396 1.028
1 2424 1.028
1 2237 1.028
1 1785 1.028
1 1379 1.028
1 1020 1.028
1 1118 1.028
1 2430 1.028
1 1023 1.028
1 2308 1.028
1 1097 1.028
1 956 1.028
1 1614 1.028
1 352 1.028
1 291 1.028
1 1935 1.028
1 312 1.028
1 1321 1.028
1 1623 1.028
1 1666 1.028
1 2448 1.028
1 898 1.028
1 229 1.028
1 899 1.028
1 2146 1.028
1 2395 1.028
1 2463 1.028
1 237 1.028
1 2587 1.028
1 1303 1.028
1 1557 1.028
1 1040 1.026
1 1558 1.026
1 998 1.026
1 1276 1.026
1 181 1.026
1 1491 1.026
1 2418 1.026
1 2044 1.026
1 514 1.026
1 1631 1.026
1 940 1.026
1 2428 1.026
1 811 1.026
1 1296 1.026
1 575 1.026
1 1390 1.026
1 146 1.026
1 60 1.026
1 525 1.026
1 1320 1.026
1 153 1.026
1 1625 1.026
1 2490 1.026
1 971 1.026
1 887 1.026
1 975 1.026
1 337 1.026
1 724 1.026
1 1343 1.026
1 471 1.026
1 1543 1.026
1 338 1.026
1 985 1.026
1 2421 1.026
1 2464 1.026
1 1356 1.026
1 2400 1.026
1 557 1.026
1 2402 1.026
1 992 1.026
1 739 1.026
1 48 1.026
1 2285 1.026
1 2569 1.026
1 2596 1.024
1 1220 1.024
1 2477 1.024
1 2292 1.024
1 405 1.024
1 233 1.024
1 1441 1.024
1 2338 1.024
1 1443 1.024
1 944 1.024
1 591 1.024
1 1645 1.024
1 616 1.024
1 1029 1.024
1 609 1.024
1 2442 1.024
1 2068 1.024
1 2639 1.024
1 2489 1.024
1 885 1.024
1 970 1.024
1 1544 1.024
1 1154 1.024
1 354 1.024
1 340 1.024
1 981 1.024
1 1036 1.024
1 37 1.024
1 1348 1.024
1 2527 1.024
1 883 1.024
1 737 1.024
1 996 1.024
1 2576 1.024
1 2546 1.022
1 1563 1.022
1 2411 1.022
1 1006 1.022
1 1571 1.022
1 747 1.022
1 2601 1.022
1 1011 1.022
1 1715 1.022
1 1434 1.022
1 1437 1.022
1 2420 1.022
1 593 1.022
1 1442 1.022
1 134 1.022
1 1644 1.022
1 791 1.022
1 2052 1.022
1 1573 1.022
1 1608 1.022
1 1304 1.022
1 85 1.022
1 807 1.022
1 158 1.022
1 2439 1.022
1 2623 1.022
1 962 1.022
1 964 1.022
1 213 1.022
1 966 1.022
1 1447 1.022
1 468 1.022
1 716 1.022
1 2262 1.022
1 707 1.022
1 1326 1.022
1 608 1.022
1 1399 1.022
1 2455 1.022
1 1400 1.022
1 892 1.022
1 2269 1.022
1 1502 1.022
1 560 1.022
1 1767 1.022
1 2370 1.022
1 983 1.022
1 2148 1.022
1 2149 1.022
1 1189 1.022
1 2397 1.022
1 1351 1.022
1 1516 1.022
1 1353 1.022
1 2151 1.022
1 1829 1.022
1 991 1.022
1 660 1.022
1 2589 1.022
1 1222 1.022
1 563 1.022
1 1526 1.022
1 2571 1.022
1 2407 1.02
1 378 1.02
1 1344 1.02
1 2579 1.02
1 1002 1.02
1 1846 1.02
1 1909 1.02
1 1277 1.02
1 2164 1.02
1 2478 1.02
1 2384 1.02
1 572 1.02
1 1012 1.02
1 1582 1.02
1 1013 1.02
1 1290 1.02
1 1292 1.02
1 2608 1.02
1 2610 1.02
1 1803 1.02
1 419 1.02
1 1294 1.02
1 590 1.02
1 947 1.02
1 440 1.02
1 1025 1.02
1 458 1.02
1 2434 1.02
1 1136 1.02
1 1028 1.02
1 281 1.02
1 2438 1.02
1 201 1.02
1 1616 1.02
1 2440 1.02
1 1489 1.02
1 1142 1.02
1 461 1.02
1 1596 1.02
1 1595 1.02
1 1673 1.02
1 211 1.02
1 1665 1.02
1 539 1.02
1 1689 1.02
1 2200 1.02
1 1680 1.02
1 972 1.02
1 221 1.02
1 978 1.02
1 2271 1.02
1 244 1.02
1 1769 1.02
1 2462 1.02
1 987 1.02
1 2534 1.02
1 1264 1.02
1 241 1.02
1 1359 1.02
1 1546 1.02
1 1271 1.02
1 2572 1.02
1 2580 1.02
1 2473 1.018
1 997 1.018
1 744 1.018
1 1214 1.018
1 249 1.018
1 2410 1.018
1 387 1.018
1 1568 1.018
1 1363 1.018
1 2600 1.018
1 1585 1.018
1 680 1.018
1 493 1.018
1 1438 1.018
1 1015 1.018
1 1600 1.018
1 581 1.018
1 2425 1.018
1 1504 1.018
1 2609 1.018
1 365 1.018
1 648 1.018
1 2337 1.018
1 2614 1.018
1 1024 1.018
1 1300 1.018
1 951 1.018
1 1392 1.018
1 1307 1.018
1 653 1.018
1 1655 1.018
1 1239 1.018
1 2441 1.018
1 1242 1.018
1 963 1.018
1 2628 1.018
1 2500 1.018
1 2630 1.018
1 72 1.018
1 26 1.018
1 1333 1.018
1 1301 1.018
1 1780 1.018
1 1335 1.018
1 75 1.018
1 1168 1.018
1 720 1.018
1 723 1.018
1 2506 1.018
1 1256 1.018
1 1699 1.018
1 34 1.018
1 1183 1.018
1 231 1.018
1 546 1.018
1 1187 1.018
1 548 1.018
1 732 1.018
1 733 1.018
1 168 1.018
1 1731 1.018
1 990 1.018
1 1357 1.018
1 1144 1.018
1 2547 1.018
1 2350 1.018
1 2281 1.018
1 917 1.018
1 1555 1.018
1 994 1.018
1 564 1.018
1 2570 1.018
1 127 1.018
1 2582 1.018
1 1084 1.016
1 1273 1.016
1 386 1.016
1 1569 1.016
1 1279 1.016
1 1364 1.016
1 2414 1.016
1 1280 1.016
1 2334 1.016
1 1413 1.016
1 932 1.016
1 1236 1.016
1 2602 1.016
1 2233 1.016
1 2605 1.016
1 2422 1.016
1 2351 1.016
1 513 1.016
1 1668 1.016
1 2111 1.016
1 1604 1.016
1 789 1.016
1 1444 1.016
1 1471 1.016
1 1643 1.016
1 2429 1.016
1 1835 1.016
1 1989 1.016
1 2481 1.016
1 1831 1.016
1 2616 1.016
1 2433 1.016
1 649 1.016
1 469 1.016
1 699 1.016
1 1393 1.016
1 1316 1.016
1 1619 1.016
1 1241 1.016
1 1874 1.016
1 2626 1.016
1 1410 1.016
1 2627 1.016
1 1244 1.016
1 965 1.016
1 2483 1.016
1 1246 1.016
1 2487 1.016
1 2447 1.016
1 1328 1.016
1 1330 1.016
1 1334 1.016
1 285 1.016
1 1336 1.016
1 890 1.016
1 1510 1.016
1 319 1.016
1 1697 1.016
1 1145 1.016
1 641 1.016
1 1700 1.016
1 652 1.016
1 496 1.016
1 504 1.016
1 339 1.016
1 1261 1.016
1 2396 1.016
1 1262 1.016
1 2398 1.016
1 2399 1.016
1 1044 1.016
1 914 1.016
1 1267 1.016
1 1201 1.016
1 2559 1.016
1 1706 1.016
1 2404 1.016
1 1166 1.016
1 1580 1.016
1 1205 1.016
1 1274 1.014
1 2409 1.014
1 1565 1.014
1 692 1.014
1 928 1.014
1 768 1.014
1 1228 1.014
1 1572 1.014
1 2416 1.014
1 2603 1.014
1 402 1.014
1 1014 1.014
1 763 1.014
1 1109 1.014
1 1388 1.014
1 1629 1.014
1 2340 1.014
1 773 1.014
1 943 1.014
1 1295 1.014
1 441 1.014
1 594 1.014
1 693 1.014
1 1518 1.014
1 1649 1.014
1 1391 1.014
1 808 1.014
1 1122 1.014
1 952 1.014
1 551 1.014
1 1839 1.014
1 955 1.014
1 1027 1.014
1 2376 1.014
1 521 1.014
1 1308 1.014
1 957 1.014
1 1223 1.014
1 2621 1.014
1 1658 1.014
1 1814 1.014
1 2381 1.014
1 1240 1.014
1 705 1.014
1 961 1.014
1 150 1.014
1 460 1.014
1 1128 1.014
1 1620 1.014
1 289 1.014
1 1828 1.014
1 1323 1.014
1 2629 1.014
1 1495 1.014
1 1624 1.014
1 1501 1.014
1 475 1.014
1 1506 1.014
1 296 1.014
1 1252 1.014
1 152 1.014
1 1682 1.014
1 1451 1.014
1 974 1.014
1 1177 1.014
1 495 1.014
1 651 1.014
1 2510 1.014
1 2389 1.014
1 2460 1.014
1 984 1.014
1 2273 1.014
1 1709 1.014
1 2394 1.014
1 1524 1.014
1 2514 1.014
1 81 1.014
1 2020 1.014
1 730 1.014
1 986 1.014
1 910 1.014
1 731 1.014
1 348 1.014
1 2586 1.014
1 1203 1.014
1 242 1.014
1 1358 1.014
1 1545 1.014
1 95 1.014
1 2282 1.014
1 97 1.014
1 2471 1.014
1 247 1.012
1 248 1.012
1 1971 1.012
1 3 1.012
1 1567 1.012
1 353 1.012
1 675 1.012
1 1161 1.012
1 1094 1.012
1 1009 1.012
1 491 1.012
1 1234 1.012
1 1281 1.012
1 1369 1.012
1 2391 1.012
1 1823 1.012
1 1574 1.012
1 1284 1.012
1 1732 1.012
1 187 1.012
1 1375 1.012
1 121 1.012
1 769 1.012
1 770 1.012
1 771 1.012
1 686 1.012
1 414 1.012
1 1126 1.012
1 1380 1.012
1 1833 1.012
1 1398 1.012
1 1762 1.012
1 689 1.012
1 1446 1.012
1 58 1.012
1 1646 1.012
1 793 1.012
1 2369 1.012
1 1837 1.012
1 550 1.012
1 1838 1.012
1 1026 1.012
1 1651 1.012
1 2618 1.012
1 552 1.012
1 1137 1.012
1 1310 1.012
1 620 1.012
1 1478 1.012
1 2379 1.012
1 454 1.012
1 1487 1.012
1 868 1.012
1 524 1.012
1 871 1.012
1 2625 1.012
1 2386 1.012
1 203 1.012
1 1243 1.012
1 18 1.012
1 874 1.012
1 1734 1.012
1 1472 1.012
1 1792 1.012
1 1247 1.012
1 1677 1.012
1 1248 1.012
1 2449 1.012
1 1678 1.012
1 2450 1.012
1 27 1.012
1 2491 1.012
1 2524 1.012
1 2371 1.012
1 2495 1.012
1 1693 1.012
1 1701 1.012
1 1253 1.012
1 1338 1.012
1 154 1.012
1 1037 1.012
1 612 1.012
1 226 1.012
1 33 1.012
1 982 1.012
1 1345 1.012
1 1260 1.012
1 2019 1.012
1 308 1.012
1 346 1.012
1 911 1.012
1 2584 1.012
1 1191 1.012
1 2585 1.012
1 1192 1.012
1 734 1.012
1 1266 1.012
1 1548 1.012
1 1076 1.012
1 1082 1.012
1 1768 1.012
1 2583 1.012
1 2529 1.012
1 2636 1.012
1 1272 1.01
1 50 1.01
1 2594 1.01
1 2578 1.01
1 2408 1.01
1 671 1.01
1 1275 1.01
1 1238 1.01
1 1360 1.01
1 1788 1.01
1 1764 1.01
1 577 1.01
1 2598 1.01
1 2412 1.01
1 1278 1.01
1 2228 1.01
1 571 1.01
1 2417 1.01
1 328 1.01
1 398 1.01
1 760 1.01
1 1160 1.01
1 582 1.01
1 1371 1.01
1 935 1.01
1 1108 1.01
1 1395 1.01
1 69 1.01
1 2607 1.01
1 133 1.01
1 2540 1.01
1 2541 1.01
1 2343 1.01
1 52 1.01
1 2344 1.01
1 1021 1.01
1 1834 1.01
1 2364 1.01
1 2242 1.01
1 792 1.01
1 1130 1.01
1 950 1.01
1 1813 1.01
1 277 1.01
1 2435 1.01
1 1652 1.01
1 1825 1.01
1 553 1.01
1 431 1.01
1 92 1.01
1 1138 1.01
1 1424 1.01
1 520 1.01
1 1402 1.01
1 1315 1.01
1 1488 1.01
1 1660 1.01
1 2624 1.01
1 527 1.01
1 1492 1.01
1 1322 1.01
1 1324 1.01
1 1327 1.01
1 1676 1.01
1 2631 1.01
1 615 1.01
1 2502 1.01
1 1233 1.01
1 1627 1.01
1 2503 1.01
1 1679 1.01
1 1411 1.01
1 2452 1.01
1 2453 1.01
1 30 1.01
1 1694 1.01
1 1254 1.01
1 1339 1.01
1 488 1.01
1 1642 1.01
1 2457 1.01
1 725 1.01
1 1258 1.01
1 1704 1.01
1 1707 1.01
1 728 1.01
1 1523 1.01
1 547 1.01
1 234 1.01
1 1528 1.01
1 2528 1.01
1 1190 1.01
1 1529 1.01
1 601 1.01
1 90 1.01
1 2465 1.01
1 1534 1.01
1 2543 1.01
1 93 1.01
1 558 1.01
1 1216 1.01
1 916 1.01
1 562 1.01
1 611 1.01
1 1269 1.01
1 1687 1.01
1 2560 1.01
1 47 1.01
1 2405 1.01
1 1549 1.01
1 1077 1.01
1 98 1.01
1 2574 1.01
1 1355 1.008
1 51 1.008
1 1690 1.008
1 385 1.008
1 672 1.008
1 1362 1.008
1 314 1.008
1 2597 1.008
1 1003 1.008
1 4 1.008
1 1227 1.008
1 1570 1.008
1 533 1.008
1 1224 1.008
1 1231 1.008
1 1756 1.008
1 1815 1.008
1 2480 1.008
1 389 1.008
1 1702 1.008
1 492 1.008
1 68 1.008
1 574 1.008
1 2419 1.008
1 784 1.008
1 1285 1.008
1 1584 1.008
1 2634 1.008
1 1439 1.008
1 1016 1.008
1 939 1.008
1 1115 1.008
1 436 1.008
1 1635 1.008
1 687 1.008
1 1019 1.008
1 1470 1.008
1 2611 1.008
1 688 1.008
1 280 1.008
1 1381 1.008
1 2613 1.008
1 1120 1.008
1 949 1.008
1 1299 1.008
1 1455 1.008
1 1503 1.008
1 1610 1.008
1 2375 1.008
1 1314 1.008
1 2622 1.008
1 523 1.008
1 283 1.008
1 1427 1.008
1 1749 1.008
1 202 1.008
1 1490 1.008
1 288 1.008
1 206 1.008
1 1739 1.008
1 463 1.008
1 1672 1.008
1 1152 1.008
1 967 1.008
1 869 1.008
1 2488 1.008
1 1684 1.008
1 474 1.008
1 1249 1.008
1 74 1.008
1 1507 1.008
1 1681 1.008
1 1781 1.008
1 489 1.008
1 2497 1.008
1 486 1.008
1 302 1.008
1 1517 1.008
1 1038 1.008
1 330 1.008
1 1255 1.008
1 333 1.008
1 650 1.008
1 1520 1.008
1 1257 1.008
1 1521 1.008
1 2207 1.008
1 336 1.008
1 2333 1.008
1 1185 1.008
1 2393 1.008
1 901 1.008
1 1527 1.008
1 1263 1.008
1 988 1.008
1 347 1.008
1 665 1.008
1 2536 1.008
1 556 1.008
1 1265 1.008
1 438 1.008
1 91 1.008
1 2466 1.008
1 349 1.008
1 43 1.008
1 350 1.008
1 94 1.008
1 1758 1.008
1 2469 1.008
1 918 1.008
1 741 1.008
1 2561 1.008
1 2591 1.008
1 1208 1.008
1 2406 1.008
1 1 1.006
1 565 1.006
1 1354 1.006
1 1561 1.006
1 566 1.006
1 1210 1.006
1 924 1.006
1 388 1.006
1 930 1.006
1 1822 1.006
1 759 1.006
1 1370 1.006
1 185 1.006
1 260 1.006
1 2604 1.006
1 1289 1.006
1 2606 1.006
1 583 1.006
1 192 1.006
1 11 1.006
1 592 1.006
1 1830 1.006
1 1836 1.006
1 1305 1.006
1 1426 1.006
1 1032 1.006
1 814 1.006
1 455 1.006
1 1141 1.006
1 1146 1.006
1 462 1.006
1 1746 1.006
1 2392 1.006
1 867 1.006
1 207 1.006
1 2130 1.006
1 1494 1.006
1 63 1.006
1 2197 1.006
1 1779 1.006
1 801 1.006
1 1686 1.006
1 487 1.006
1 722 1.006
1 1698 1.006
1 156 1.006
1 2507 1.006
1 2458 1.006
1 1259 1.006
1 2511 1.006
1 1186 1.006
1 160 1.006
1 232 1.006
1 159 1.006
1 1790 1.006
1 1791 1.006
1 500 1.006
1 162 1.006
1 240 1.006
1 1042 1.006
1 1533 1.006
1 508 1.006
1 1456 1.006
1 2468 1.006
1 351 1.006
1 561 1.006
1 1268 1.006
1 246 1.006
1 223 1.006
1 1083 1.006
1 742 1.006
1 1078 1.006
1 2581 1.006
1 2637 1.006
1 2640 1.006
1 746 1.004
1 1782 1.004
1 2475 1.004
1 2476 1.004
1 1811 1.004
1 253 1.004
1 851 1.004
1 2413 1.004
1 490 1.004
1 1229 1.004
1 1095 1.004
1 1757 1.004
1 681 1.004
1 1282 1.004
1 1283 1.004
1 1583 1.004
1 762 1.004
1 1111 1.004
1 1291 1.004
1 1389 1.004
1 1017 1.004
1 191 1.004
1 1091 1.004
1 439 1.004
1 137 1.004
1 1382 1.004
1 1465 1.004
1 2432 1.004
1 1647 1.004
1 598 1.004
1 2617 1.004
1 1132 1.004
1 607 1.004
1 813 1.004
1 1219 1.004
1 1654 1.004
1 1477 1.004
1 2437 1.004
1 522 1.004
1 1659 1.004
1 812 1.004
1 2382 1.004
1 865 1.004
1 1493 1.004
1 19 1.004
1 2482 1.004
1 1661 1.004
1 2499 1.004
1 2446 1.004
1 1496 1.004
1 2501 1.004
1 2632 1.004
1 1157 1.004
1 485 1.004
1 1251 1.004
1 721 1.004
1 2505 1.004
1 729 1.004
1 2461 1.004
1 1789 1.004
1 664 1.004
1 39 1.004
1 1074 1.004
1 993 1.004
1 96 1.004
1 2577 1.004
1 1209 1.002
1 1787 1.002
1 2595 1.002
1 926 1.002
1 927 1.002
1 1367 1.002
1 573 1.002
1 1374 1.002
1 1376 1.002
1 128 1.002
1 2515 1.002
1 1090 1.002
1 135 1.002
1 428 1.002
1 12 1.002
1 2620 1.002
1 700 1.002
1 2378 1.002
1 2380 1.002
1 959 1.002
1 2390 1.002
1 1245 1.002
1 1498 1.002
1 71 1.002
1 1508 1.002
1 1035 1.002
1 2509 1.002
1 1522 1.002
1 2638 1.002
1 2558 1.0
1 2479 1.0
1 1010 1.0
1 1841 1.0
1 2306 1.0
1 138 1.0
1 696 1.0
1 1866 1.0
1 1618 1.0
1 1505 1.0
1 209 1.0
1 718 1.0
1 2216 1.0
1 1963 1.0
1 1759 1.0
1 1352 1.0
1 1771 1.0
2 542 18.4
2 1158 6.1
2 342 5.8
2 1717 5.58
2 73 5.498
2 1722 5.476
2 757 5.464
2 196 5.336
2 863 5.3
2 1421 5.198
2 161 5.15
2 833 5.138
2 835 5.126
2 44 5.026
2 823 5.016
2 820 4.992
2 834 4.992
2 1046 4.94
2 858 4.88
2 639 4.872
2 1067 4.868
2 846 4.862
2 855 4.828
2 841 4.812
2 216 4.792
2 1066 4.774
2 1063 4.732
2 295 4.71
2 824 4.694
2 1053 4.672
2 1051 4.648
2 222 4.644
2 1061 4.64
2 1058 4.628
2 852 4.618
2 829 4.596
2 854 4.59
2 842 4.586
2 856 4.584
2 371 4.566
2 1065 4.56
2 859 4.552
2 845 4.532
2 1454 4.524
2 1073 4.51
2 838 4.51
2 844 4.488
2 1056 4.478
2 1070 4.474
2 1050 4.474
2 847 4.46
2 1060 4.436
2 819 4.432
2 1047 4.432
2 857 4.428
2 626 4.418
2 1055 4.406
2 862 4.406
2 828 4.392
2 1072 4.384
2 818 4.366
2 837 4.352
2 1145 4.35
2 1054 4.338
2 1062 4.334
2 840 4.328
2 1059 4.304
2 864 4.276
2 826 4.274
2 1723 4.248
2 1057 4.246
2 2498 4.244
2 1052 4.242
2 848 4.238
2 817 4.236
2 832 4.218
2 830 4.2
2 861 4.196
2 831 4.168
2 1068 4.156
2 851 4.154
2 193 4.148
2 853 4.142
2 836 4.138
2 1069 4.116
2 1049 4.104
2 860 4.088
2 825 4.084
2 821 4.074
2 1064 4.05
2 180 4.028
2 827 4.026
2 839 4.022
2 850 3.992
2 843 3.978
2 182 3.932
2 1071 3.928
2 849 3.84
2 139 3.824
2 106 3.802
2 344 3.782
2 822 3.74
2 1048 3.726
2 1725 3.69
2 211 3.636
2 148 3.632
2 411 3.63
2 56 3.608
2 484 3.55
2 178 3.476
2 2352 3.392
2 76 3.3
2 1803 3.25
2 6 3.198
2 145 3.176
2 212 3.164
2 160 3.148
2 46 3.134
2 313 3.012
2 1198 2.98
2 369 2.9
2 809 2.892
2 383 2.884
2 803 2.88
2 367 2.834
2 382 2.828
2 880 2.826
2 754 2.824
2 195 2.816
2 807 2.794
2 1729 2.75
2 149 2.742
2 144 2.742
2 810 2.71
2 52 2.71
2 194 2.69
2 1162 2.676
2 35 2.66
2 538 2.648
2 445 2.64
2 808 2.636
2 434 2.574
2 209 2.57
2 173 2.556
2 289 2.524
2 352 2.486
2 625 2.478
2 416 2.458
2 132 2.452
2 451 2.434
2 814 2.418
2 1371 2.412
2 1107 2.408
2 57 2.39
2 128 2.37
2 582 2.366
2 1479 2.36
2 390 2.354
2 1102 2.348
2 1101 2.326
2 1705 2.324
2 715 2.312
2 424 2.3
2 2496 2.294
2 627 2.288
2 763 2.284
2 629 2.282
2 528 2.28
2 1667 2.276
2 53 2.27
2 134 2.268
2 368 2.266
2 554 2.266
2 515 2.262
2 1569 2.25
2 1464 2.248
2 811 2.24
2 169 2.236
2 417 2.23
2 61 2.226
2 2489 2.218
2 1035 2.212
2 1695 2.21
2 312 2.206
2 394 2.192
2 1540 2.176
2 1212 2.166
2 297 2.166
2 314 2.164
2 259 2.138
2 290 2.128
2 751 2.128
2 801 2.126
2 285 2.12
2 2377 2.12
2 894 2.11
2 1720 2.106
2 1733 2.098
2 2562 2.082
2 307 2.076
2 2548 2.068
2 2549 2.064
2 1103 2.056
2 442 2.054
2 1096 2.05
2 181 2.04
2 345 2.036
2 1726 2.034
2 298 2.032
2 37 2.03
2 661 2.018
2 200 2.018
2 585 2.002
2 655 2.0
2 1403 1.992
2 78 1.986
2 1744 1.966
2 1574 1.958
2 130 1.95
2 183 1.95
2 2552 1.944
2 251 1.942
2 455 1.934
2 1718 1.93
2 645 1.926
2 103 1.922
2 660 1.918
2 2337 1.908
2 360 1.906
2 507 1.902
2 802 1.9
2 2534 1.9
2 666 1.898
2 213 1.898
2 1361 1.894
2 780 1.882
2 1575 1.882
2 142 1.882
2 1445 1.874
2 1719 1.872
2 1440 1.872
2 1005 1.87
2 1763 1.868
2 806 1.868
2 1372 1.862
2 779 1.86
2 1556 1.86
2 1177 1.854
2 1968 1.85
2 1216 1.84
2 179 1.834
2 143 1.834
2 778 1.816
2 2531 1.812
2 1782 1.812
2 1691 1.81
2 465 1.808
2 122 1.806
2 499 1.804
2 198 1.8
2 1728 1.798
2 2386 1.794
2 580 1.79
2 782 1.786
2 504 1.782
2 141 1.78
2 1716 1.78
2 776 1.776
2 1581 1.772
2 1780 1.768
2 1721 1.766
2 777 1.764
2 1764 1.764
2 217 1.764
2 1748 1.758
2 105 1.75
2 628 1.746
2 775 1.746
2 1596 1.742
2 176 1.734
2 174 1.732
2 593 1.728
2 1040 1.714
2 123 1.712
2 1765 1.708
2 679 1.706
2 1195 1.702
2 2354 1.702
2 804 1.696
2 1727 1.694
2 294 1.692
2 157 1.688
2 2631 1.688
2 2353 1.684
2 1386 1.684
2 805 1.682
2 635 1.68
2 2345 1.68
2 1196 1.676
2 649 1.674
2 812 1.672
2 269 1.67
2 370 1.67
2 1433 1.67
2 756 1.668
2 1174 1.668
2 1793 1.666
2 1010 1.658
2 438 1.658
2 2359 1.656
2 2522 1.65
2 631 1.648
2 223 1.644
2 634 1.642
2 558 1.64
2 425 1.64
2 1457 1.64
2 781 1.638
2 265 1.638
2 2521 1.634
2 1121 1.634
2 263 1.632
2 630 1.63
2 1801 1.63
2 2355 1.63
2 405 1.628
2 140 1.628
2 8 1.626
2 452 1.626
2 2530 1.626
2 786 1.626
2 1234 1.626
2 2360 1.624
2 1800 1.622
2 29 1.62
2 58 1.62
2 597 1.62
2 471 1.616
2 308 1.612
2 85 1.61
2 266 1.608
2 121 1.608
2 101 1.606
2 2358 1.604
2 642 1.602
2 1673 1.6
2 1797 1.598
2 706 1.596
2 1742 1.594
2 257 1.594
2 1458 1.594
2 1165 1.594
2 2361 1.594
2 502 1.59
2 529 1.588
2 398 1.586
2 469 1.586
2 2550 1.586
2 264 1.586
2 1811 1.586
2 208 1.584
2 1509 1.584
2 2363 1.582
2 1460 1.582
2 2362 1.58
2 483 1.58
2 1415 1.58
2 5 1.576
2 1753 1.574
2 1796 1.574
2 159 1.572
2 1579 1.572
2 278 1.572
2 1676 1.57
2 712 1.57
2 1794 1.568
2 1684 1.566
2 2566 1.566
2 267 1.564
2 543 1.564
2 2563 1.564
2 2568 1.564
2 1795 1.562
2 1798 1.562
2 372 1.56
2 1805 1.56
2 210 1.556
2 2357 1.556
2 272 1.554
2 799 1.55
2 896 1.548
2 1466 1.548
2 647 1.546
2 1804 1.544
2 262 1.544
2 100 1.542
2 407 1.542
2 1199 1.54
2 2532 1.54
2 789 1.54
2 1456 1.538
2 1807 1.538
2 1810 1.538
2 570 1.536
2 197 1.536
2 270 1.534
2 1455 1.534
2 2356 1.534
2 271 1.532
2 636 1.532
2 581 1.53
2 362 1.53
2 381 1.528
2 633 1.526
2 613 1.526
2 1670 1.524
2 365 1.522
2 331 1.522
2 131 1.52
2 1747 1.518
2 468 1.516
2 1431 1.516
2 2533 1.514
2 1462 1.514
2 337 1.512
2 1816 1.512
2 404 1.51
2 568 1.51
2 1703 1.508
2 1097 1.508
2 1669 1.506
2 1671 1.506
2 1802 1.506
2 530 1.506
2 1672 1.504
2 356 1.504
2 1541 1.504
2 654 1.502
2 621 1.5
2 663 1.5
2 310 1.498
2 1808 1.496
2 488 1.494
2 323 1.494
2 1674 1.494
2 1459 1.494
2 640 1.494
2 1799 1.492
2 1806 1.492
2 146 1.488
2 2567 1.488
2 682 1.486
2 569 1.486
2 1675 1.484
2 225 1.48
2 84 1.48
2 1746 1.48
2 361 1.478
2 384 1.478
2 1677 1.476
2 1809 1.474
2 1510 1.472
2 457 1.472
2 1461 1.472
2 268 1.47
2 341 1.468
2 487 1.464
2 1235 1.464
2 2517 1.464
2 2206 1.462
2 1387 1.462
2 2492 1.46
2 1039 1.458
2 456 1.456
2 1588 1.454
2 1360 1.452
2 1411 1.45
2 328 1.45
2 466 1.45
2 55 1.448
2 698 1.448
2 1773 1.446
2 395 1.446
2 2364 1.444
2 526 1.442
2 227 1.438
2 525 1.438
2 189 1.436
2 2387 1.436
2 120 1.436
2 364 1.434
2 531 1.432
2 21 1.43
2 363 1.43
2 155 1.428
2 54 1.428
2 299 1.424
2 693 1.422
2 401 1.42
2 454 1.42
2 432 1.42
2 744 1.42
2 315 1.42
2 1365 1.418
2 1202 1.416
2 2565 1.414
2 1108 1.412
2 408 1.41
2 135 1.41
2 479 1.41
2 292 1.406
2 2580 1.406
2 419 1.404
2 1779 1.404
2 354 1.404
2 1812 1.404
2 2520 1.402
2 771 1.402
2 480 1.4
2 1535 1.396
2 481 1.394
2 1128 1.394
2 796 1.394
2 392 1.392
2 66 1.39
2 353 1.39
2 750 1.388
2 376 1.388
2 459 1.388
2 749 1.388
2 1409 1.386
2 1126 1.386
2 2490 1.386
2 104 1.386
2 632 1.384
2 2295 1.384
2 719 1.384
2 977 1.382
2 2519 1.38
2 1112 1.38
2 67 1.38
2 1079 1.378
2 1688 1.378
2 1514 1.376
2 133 1.374
2 1591 1.374
2 440 1.374
2 355 1.374
2 1696 1.372
2 10 1.372
2 659 1.372
2 2518 1.372
2 2385 1.37
2 215 1.37
2 1087 1.37
2 229 1.366
2 1590 1.366
2 1417 1.364
2 340 1.364
2 79 1.364
2 348 1.364
2 577 1.362
2 1148 1.362
2 1149 1.362
2 2556 1.36
2 333 1.36
2 2537 1.36
2 1213 1.358
2 201 1.358
2 1231 1.356
2 1683 1.356
2 48 1.352
2 1139 1.35
2 703 1.35
2 1109 1.346
2 1583 1.346
2 276 1.346
2 657 1.344
2 1150 1.344
2 396 1.344
2 555 1.344
2 2554 1.342
2 1113 1.342
2 658 1.342
2 482 1.34
2 1098 1.34
2 503 1.338
2 443 1.338
2 7 1.336
2 1759 1.336
2 1689 1.336
2 2564 1.336
2 214 1.334
2 413 1.332
2 1119 1.33
2 68 1.33
2 478 1.33
2 245 1.328
2 516 1.328
2 1106 1.326
2 1362 1.326
2 393 1.326
2 97 1.326
2 412 1.324
2 656 1.324
2 311 1.324
2 736 1.322
2 391 1.322
2 219 1.322
2 1193 1.32
2 767 1.318
2 158 1.316
2 2553 1.314
2 1151 1.314
2 871 1.314
2 444 1.314
2 1215 1.308
2 102 1.306
2 956 1.306
2 1211 1.304
2 1122 1.304
2 389 1.302
2 2348 1.3
2 338 1.3
2 505 1.3
2 748 1.3
2 1755 1.298
2 359 1.298
2 226 1.298
2 1110 1.298
2 1639 1.298
2 464 1.298
2 1511 1.296
2 1512 1.296
2 224 1.294
2 506 1.294
2 1416 1.29
2 709 1.29
2 81 1.29
2 553 1.29
2 1686 1.29
2 1157 1.288
2 713 1.288
2 1300 1.288
2 2375 1.288
2 258 1.288
2 199 1.288
2 324 1.286
2 550 1.286
2 286 1.284
2 707 1.284
2 1712 1.284
2 1560 1.284
2 708 1.282
2 277 1.282
2 230 1.28
2 1582 1.28
2 129 1.278
2 1754 1.278
2 694 1.278
2 1584 1.278
2 2494 1.278
2 1091 1.278
2 2504 1.278
2 498 1.276
2 2555 1.274
2 1384 1.274
2 177 1.274
2 615 1.272
2 2578 1.272
2 437 1.272
2 1739 1.272
2 1116 1.27
2 136 1.27
2 1194 1.27
2 309 1.27
2 397 1.268
2 326 1.268
2 1732 1.268
2 147 1.268
2 1623 1.266
2 1286 1.266
2 1740 1.266
2 439 1.266
2 1568 1.264
2 695 1.264
2 1214 1.264
2 1376 1.264
2 646 1.262
2 1244 1.262
2 470 1.262
2 386 1.26
2 1418 1.26
2 1558 1.26
2 1432 1.26
2 375 1.26
2 518 1.26
2 934 1.26
2 325 1.258
2 301 1.258
2 184 1.258
2 2581 1.258
2 551 1.256
2 541 1.256
2 560 1.254
2 1774 1.254
2 1125 1.254
2 300 1.254
2 524 1.252
2 380 1.252
2 702 1.25
2 1237 1.25
2 2579 1.25
2 2582 1.25
2 327 1.248
2 330 1.248
2 427 1.248
2 1783 1.248
2 1518 1.248
2 2342 1.246
2 1750 1.246
2 2365 1.244
2 539 1.244
2 2346 1.244
2 188 1.244
2 2539 1.244
2 110 1.242
2 2341 1.242
2 343 1.242
2 1515 1.242
2 567 1.242
2 441 1.242
2 127 1.242
2 1784 1.24
2 599 1.24
2 743 1.24
2 745 1.24
2 228 1.238
2 409 1.238
2 517 1.238
2 2493 1.238
2 1745 1.238
2 316 1.236
2 557 1.236
2 1704 1.236
2 402 1.236
2 1665 1.236
2 275 1.236
2 511 1.234
2 605 1.234
2 1533 1.234
2 317 1.232
2 399 1.232
2 137 1.232
2 1230 1.232
2 1484 1.232
2 1508 1.232
2 785 1.232
2 20 1.232
2 1086 1.232
2 816 1.232
2 753 1.23
2 559 1.23
2 624 1.23
2 410 1.23
2 576 1.23
2 595 1.23
2 797 1.23
2 1089 1.23
2 83 1.23
2 2544 1.23
2 1480 1.228
2 472 1.228
2 1538 1.228
2 400 1.226
2 163 1.226
2 171 1.226
2 1080 1.226
2 1550 1.224
2 366 1.224
2 2367 1.224
2 13 1.224
2 1724 1.224
2 1450 1.224
2 1467 1.224
2 218 1.224
2 236 1.222
2 643 1.222
2 2484 1.222
2 2506 1.222
2 546 1.222
2 473 1.222
2 1425 1.22
2 1549 1.22
2 1486 1.22
2 772 1.22
2 332 1.22
2 460 1.22
2 86 1.22
2 254 1.22
2 537 1.218
2 1485 1.218
2 15 1.218
2 2542 1.218
2 2349 1.218
2 1730 1.218
2 206 1.218
2 2538 1.218
2 64 1.216
2 1123 1.216
2 172 1.216
2 334 1.216
2 420 1.216
2 1453 1.216
2 336 1.216
2 795 1.216
2 1356 1.216
2 125 1.216
2 815 1.216
2 1401 1.216
2 320 1.214
2 62 1.214
2 1503 1.214
2 453 1.214
2 701 1.214
2 2509 1.214
2 532 1.212
2 59 1.212
2 2188 1.212
2 1772 1.212
2 167 1.212
2 1288 1.212
2 1664 1.212
2 665 1.212
2 1406 1.21
2 2383 1.21
2 118 1.21
2 800 1.21
2 273 1.21
2 1743 1.21
2 1766 1.21
2 124 1.21
2 2523 1.21
2 2366 1.208
2 450 1.208
2 63 1.208
2 1232 1.208
2 1452 1.208
2 1088 1.208
2 2514 1.208
2 357 1.206
2 446 1.206
2 9 1.206
2 448 1.206
2 164 1.206
2 1495 1.206
2 2388 1.206
2 112 1.206
2 116 1.206
2 256 1.206
2 430 1.206
2 303 1.206
2 1752 1.206
2 1694 1.204
2 1167 1.204
2 166 1.204
2 113 1.204
2 114 1.204
2 18 1.204
2 1129 1.204
2 2505 1.204
2 545 1.204
2 1693 1.202
2 162 1.202
2 773 1.202
2 2335 1.202
2 335 1.202
2 255 1.202
2 1663 1.202
2 306 1.202
2 2508 1.202
2 1537 1.202
2 2574 1.202
2 279 1.2
2 641 1.2
2 1662 1.2
2 1041 1.2
2 252 1.2
2 1778 1.2
2 519 1.2
2 604 1.2
2 418 1.2
2 1536 1.2
2 190 1.198
2 2368 1.198
2 2634 1.198
2 69 1.198
2 1124 1.198
2 1200 1.198
2 1173 1.198
2 32 1.198
2 2535 1.198
2 1474 1.196
2 1548 1.196
2 1429 1.196
2 1483 1.196
2 165 1.196
2 70 1.196
2 374 1.196
2 790 1.196
2 220 1.196
2 544 1.196
2 1373 1.196
2 1685 1.196
2 2513 1.196
2 1172 1.196
2 2525 1.196
2 2545 1.196
2 1552 1.194
2 1038 1.194
2 1585 1.194
2 17 1.194
2 250 1.194
2 1525 1.194
2 429 1.194
2 596 1.194
2 82 1.194
2 244 1.194
2 2526 1.194
2 1105 1.192
2 280 1.192
2 1553 1.192
2 637 1.192
2 111 1.192
2 514 1.192
2 1570 1.192
2 373 1.192
2 783 1.192
2 501 1.192
2 2392 1.192
2 16 1.192
2 644 1.192
2 711 1.192
2 304 1.192
2 2512 1.192
2 406 1.19
2 11 1.19
2 578 1.19
2 704 1.19
2 1131 1.19
2 878 1.19
2 221 1.19
2 1532 1.19
2 1534 1.19
2 207 1.19
2 1104 1.19
2 536 1.188
2 109 1.188
2 579 1.188
2 1576 1.188
2 1127 1.188
2 1402 1.188
2 1827 1.186
2 1404 1.186
2 447 1.186
2 449 1.186
2 1482 1.186
2 1496 1.186
2 2391 1.186
2 1776 1.186
2 1449 1.186
2 2336 1.186
2 903 1.184
2 12 1.184
2 1735 1.184
2 1287 1.184
2 119 1.184
2 274 1.184
2 674 1.184
2 126 1.184
2 2529 1.184
2 699 1.182
2 1777 1.182
2 117 1.182
2 2491 1.182
2 1085 1.182
2 520 1.182
2 358 1.18
2 1045 1.18
2 305 1.18
2 1099 1.18
2 616 1.18
2 1473 1.178
2 700 1.178
2 1233 1.178
2 1531 1.178
2 115 1.176
2 1751 1.176
2 477 1.174
2 249 1.174
2 321 1.172
2 1551 1.166
2 784 1.166
2 1826 1.164
2 329 1.164
2 1775 1.164
2 1465 1.164
2 476 1.162
2 739 1.158
2 600 1.15
2 322 1.0
2 379 1.0
2 2340 1.0
2 1634 1.0
2 1530 1.0
2 1692 1.0
2 2557 1.0
3 335 11.612
3 606 9.496
3 559 8.666
3 616 8.66
3 615 8.642
3 445 8.636
3 611 8.626
3 593 8.436
3 612 8.36
3 613 8.35
3 609 8.334
3 607 8.142
3 614 8.102
3 608 8.096
3 617 7.83
3 610 7.774
3 666 7.6
3 1204 7.488
3 1195 6.198
3 1303 5.648
3 1469 5.598
3 1143 5.586
3 1302 5.258
3 1297 5.206
3 1200 4.58
3 1817 4.23
3 1081 4.042
3 1181 3.832
3 1205 3.78
3 1206 3.662
3 1184 3.614
3 237 3.542
3 10 3.518
3 295 3.49
3 1818 3.444
3 239 3.404
3 1819 3.318
3 147 3.314
3 1820 3.308
3 1821 3.27
3 753 3.218
3 1344 3.208
3 791 2.984
3 1217 2.982
3 1157 2.978
3 691 2.956
3 235 2.906
3 104 2.902
3 1813 2.84
3 1216 2.728
3 2534 2.698
3 180 2.688
3 65 2.484
3 793 2.484
3 42 2.472
3 405 2.47
3 511 2.47
3 37 2.468
3 423 2.46
3 403 2.458
3 421 2.454
3 422 2.426
3 404 2.406
3 792 2.402
3 427 2.346
3 719 2.336
3 182 2.31
3 440 2.308
3 533 2.308
3 1668 2.29
3 514 2.286
3 640 2.26
3 293 2.204
3 535 2.142
3 560 2.114
3 705 2.114
3 390 2.106
3 1476 2.104
3 641 2.086
3 139 2.084
3 1196 2.074
3 1475 2.058
3 1361 2.054
3 528 2.052
3 739 2.044
3 534 2.042
3 238 2.032
3 1586 2.024
3 1366 2.006
3 725 1.974
3 1684 1.7
3 548 1.694
3 2538 1.692
3 934 1.686
3 1497 1.68
3 32 1.676
3 618 1.668
3 1445 1.668
3 1736 1.668
3 2516 1.668
3 2535 1.668
3 700 1.666
3 1496 1.664
3 89 1.664
3 667 1.662
3 2536 1.662
3 1201 1.658
3 576 1.658
3 1419 1.656
3 1109 1.656
3 2373 1.656
3 108 1.654
3 107 1.654
3 459 1.654
3 331 1.652
3 674 1.652
3 581 1.65
3 103 1.65
3 933 1.646
3 1420 1.646
3 699 1.644
3 87 1.642
3 338 1.642
3 648 1.642
3 588 1.638
3 1495 1.638
3 330 1.638
3 601 1.636
3 649 1.636
3 619 1.636
3 254 1.636
3 624 1.636
3 1408 1.632
3 1139 1.632
3 539 1.63
3 106 1.628
3 2537 1.628
3 430 1.626
3 1550 1.626
3 1218 1.626
3 1407 1.624
3 639 1.624
3 2372 1.624
3 1107 1.62
3 698 1.618
3 216 1.618
3 1551 1.6
3 366 1.584
3 88 1.576
4 455 4.0
4 145 4.0
4 146 4.0
4 212 4.0
4 35 3.0
4 175 3.0
4 36 3.0
4 585 3.0
4 1387 3.0
4 769 3.0
4 502 3.0
4 1093 3.0
4 770 3.0
4 1482 3.0
4 757 3.0
4 237 2.0
4 10 2.0
4 188 2.0
4 189 2.0
4 204 2.0
4 243 2.0
4 205 2.0
4 227 2.0
4 542 2.0
4 1421 2.0
4 200 2.0
4 1091 2.0
4 1365 2.0
4 2206 2.0
4 1450 2.0
4 1449 2.0
4 2485 2.0
4 2486 2.0
4 2536 2.0
4 1761 2.0
4 2633 2.0
4 209 1.0
4 257 1.0
4 1559 1.0
5 135 4.0
5 426 4.0
5 427 4.0
5 428 4.0
5 419 2.0
5 420 2.0
5 1406 2.0
5 1405 2.0
6 584 4.0
6 585 4.0
6 586 3.0
6 587 3.0
6 640 3.0
6 641 3.0
6 486 2.0
6 484 2.0
6 602 2.0
6 603 2.0
6 642 2.0
6 1844 2.0
6 2347 2.0
6 2391 2.0
6 1571 2.0
