1 54 3.91
1 55 3.562
1 57 3.214
1 56 2.896
1 169 2.362
1 168 2.304
1 175 2.176
1 158 2.172
1 259 2.158
1 69 2.114
1 152 2.05
1 246 2.008
1 176 1.89
1 252 1.858
1 70 1.854
1 247 1.844
1 35 1.838
1 28 1.828
1 179 1.796
1 34 1.796
1 151 1.78
1 67 1.74
1 96 1.73
1 99 1.73
1 242 1.712
1 183 1.708
1 111 1.686
1 210 1.686
1 88 1.672
1 109 1.67
1 14 1.66
1 172 1.658
1 87 1.636
1 91 1.63
1 241 1.63
1 163 1.614
1 101 1.594
1 245 1.594
1 267 1.594
1 33 1.592
1 217 1.59
1 254 1.582
1 90 1.578
1 159 1.576
1 258 1.572
1 29 1.564
1 98 1.558
1 13 1.552
1 100 1.544
1 61 1.544
1 178 1.538
1 195 1.538
1 191 1.532
1 190 1.514
1 251 1.512
1 243 1.51
1 134 1.508
1 206 1.504
1 112 1.488
1 31 1.48
1 37 1.48
1 248 1.476
1 208 1.474
1 132 1.47
1 260 1.458
1 128 1.452
1 45 1.45
1 133 1.446
1 250 1.44
1 256 1.436
1 177 1.43
1 261 1.426
1 226 1.426
1 199 1.422
1 60 1.422
1 198 1.42
1 97 1.418
1 103 1.414
1 92 1.408
1 1 1.406
1 38 1.404
1 2 1.402
1 220 1.402
1 244 1.396
1 240 1.388
1 36 1.388
1 161 1.386
1 268 1.386
1 257 1.382
1 225 1.382
1 253 1.372
1 264 1.366
1 44 1.362
1 51 1.36
1 276 1.36
1 249 1.358
1 162 1.358
1 219 1.356
1 62 1.356
1 135 1.352
1 238 1.346
1 170 1.344
1 139 1.336
1 17 1.336
1 223 1.336
1 185 1.33
1 117 1.33
1 89 1.328
1 7 1.326
1 207 1.324
1 224 1.322
1 93 1.32
1 270 1.316
1 63 1.314
1 255 1.31
1 222 1.308
1 192 1.302
1 235 1.302
1 130 1.302
1 237 1.3
1 116 1.298
1 187 1.298
1 65 1.298
1 59 1.292
1 102 1.29
1 236 1.29
1 218 1.29
1 186 1.288
1 184 1.284
1 110 1.284
1 58 1.282
1 144 1.274
1 94 1.27
1 131 1.27
1 95 1.264
1 22 1.26
1 239 1.26
1 145 1.258
1 171 1.252
1 79 1.248
1 76 1.248
1 50 1.246
1 269 1.246
1 80 1.242
1 160 1.238
1 71 1.232
1 156 1.23
1 121 1.228
1 12 1.224
1 216 1.222
1 113 1.222
1 74 1.22
1 53 1.22
1 120 1.22
1 72 1.216
1 52 1.214
1 11 1.212
1 125 1.21
1 66 1.208
1 231 1.208
1 18 1.208
1 146 1.208
1 138 1.208
1 265 1.206
1 75 1.206
1 232 1.206
1 271 1.206
1 21 1.204
1 85 1.204
1 104 1.2
1 3 1.198
1 262 1.198
1 20 1.192
1 155 1.19
1 147 1.186
1 188 1.186
1 19 1.182
1 106 1.18
1 215 1.18
1 204 1.174
1 42 1.166
1 274 1.166
1 193 1.166
1 68 1.164
1 273 1.164
1 211 1.162
1 205 1.16
1 47 1.158
1 30 1.154
1 182 1.154
1 10 1.152
1 43 1.152
1 119 1.152
1 275 1.15
1 84 1.15
1 73 1.15
1 9 1.15
1 263 1.148
1 23 1.142
1 83 1.14
1 4 1.14
1 86 1.14
1 200 1.14
1 272 1.14
1 24 1.138
1 115 1.138
1 150 1.138
1 118 1.136
1 141 1.136
1 234 1.136
1 173 1.134
1 105 1.134
1 266 1.134
1 213 1.132
1 64 1.128
1 6 1.126
1 143 1.122
1 129 1.12
1 137 1.12
1 8 1.116
1 46 1.114
1 233 1.098
1 212 1.094
1 189 1.094
1 39 1.086
1 194 1.086
1 165 1.084
1 214 1.082
1 26 1.08
1 180 1.08
1 157 1.078
1 107 1.078
1 124 1.078
1 203 1.078
1 15 1.074
1 142 1.074
1 114 1.072
1 202 1.072
1 32 1.07
1 181 1.07
1 136 1.068
1 25 1.066
1 201 1.066
1 209 1.066
1 5 1.064
1 49 1.062
1 279 1.062
1 221 1.062
1 196 1.06
1 140 1.058
1 174 1.056
1 164 1.052
1 48 1.044
2 54 3.514
2 55 3.394
2 151 2.864
2 56 2.73
2 57 2.63
2 152 2.548
2 61 2.282
2 166 2.216
2 60 2.184
2 264 2.174
2 59 2.12
2 263 2.114
2 167 1.994
2 89 1.99
2 241 1.99
2 109 1.988
2 58 1.938
2 31 1.92
2 240 1.906
2 104 1.894
2 262 1.888
2 247 1.884
2 88 1.88
2 98 1.876
2 115 1.85
2 33 1.848
2 4 1.842
2 103 1.818
2 271 1.792
2 157 1.79
2 64 1.784
2 68 1.776
2 32 1.738
2 8 1.732
2 268 1.726
2 28 1.698
2 272 1.692
2 91 1.688
2 90 1.678
2 168 1.668
2 13 1.658
2 175 1.654
2 71 1.654
2 269 1.65
2 179 1.646
2 250 1.64
2 105 1.638
2 100 1.638
2 83 1.634
2 243 1.632
2 34 1.63
2 242 1.63
2 11 1.626
2 162 1.618
2 21 1.614
2 3 1.608
2 99 1.608
2 87 1.606
2 270 1.598
2 158 1.59
2 163 1.586
2 63 1.58
2 267 1.578
2 169 1.576
2 246 1.572
2 177 1.558
2 41 1.554
2 279 1.552
2 29 1.552
2 22 1.55
2 172 1.546
2 82 1.544
2 30 1.542
2 131 1.538
2 69 1.536
2 188 1.536
2 251 1.532
2 12 1.52
2 252 1.512
2 97 1.492
2 14 1.49
2 244 1.488
2 176 1.486
2 79 1.484
2 111 1.48
2 62 1.48
2 260 1.472
2 92 1.472
2 67 1.468
2 266 1.462
2 40 1.462
2 198 1.456
2 72 1.452
2 75 1.45
2 7 1.45
2 256 1.448
2 77 1.442
2 114 1.442
2 258 1.44
2 203 1.438
2 112 1.432
2 53 1.42
2 84 1.416
2 35 1.414
2 130 1.41
2 156 1.404
2 95 1.4
2 1 1.396
2 170 1.394
2 101 1.388
2 187 1.384
2 37 1.382
2 96 1.378
2 189 1.378
2 6 1.374
2 113 1.37
2 182 1.37
2 233 1.366
2 224 1.36
2 265 1.358
2 226 1.358
2 106 1.358
2 24 1.356
2 186 1.356
2 249 1.354
2 178 1.352
2 150 1.34
2 159 1.34
2 234 1.34
2 231 1.338
2 223 1.336
2 52 1.334
2 80 1.332
2 45 1.328
2 38 1.322
2 254 1.32
2 277 1.318
2 19 1.314
2 86 1.31
2 206 1.31
2 171 1.304
2 261 1.304
2 205 1.304
2 183 1.302
2 161 1.3
2 273 1.296
2 255 1.294
2 78 1.294
2 185 1.294
2 225 1.288
2 107 1.288
2 139 1.282
2 25 1.274
2 202 1.272
2 94 1.272
2 147 1.27
2 181 1.27
2 81 1.268
2 138 1.268
2 190 1.268
2 85 1.264
2 245 1.262
2 132 1.262
2 155 1.26
2 160 1.256
2 20 1.25
2 2 1.25
2 102 1.25
2 5 1.246
2 46 1.246
2 9 1.244
2 125 1.244
2 221 1.242
2 124 1.238
2 154 1.236
2 191 1.234
2 108 1.232
2 232 1.224
2 47 1.224
2 17 1.21
2 276 1.21
2 133 1.206
2 36 1.206
2 204 1.202
2 15 1.198
2 39 1.198
2 141 1.198
2 199 1.196
2 49 1.19
2 66 1.188
2 70 1.186
2 74 1.182
2 43 1.178
2 65 1.178
2 44 1.178
2 257 1.176
2 275 1.174
2 278 1.174
2 253 1.172
2 76 1.17
2 134 1.166
2 127 1.166
2 73 1.164
2 219 1.158
2 110 1.156
2 195 1.154
2 239 1.152
2 135 1.15
2 16 1.146
2 180 1.134
2 248 1.132
2 174 1.132
2 259 1.13
2 128 1.128
2 209 1.128
2 235 1.128
2 50 1.128
2 121 1.12
2 10 1.116
2 140 1.116
2 137 1.112
2 51 1.112
2 27 1.11
2 236 1.108
2 207 1.102
2 222 1.102
2 184 1.096
2 196 1.096
2 153 1.09
2 18 1.09
2 274 1.09
2 116 1.088
2 122 1.088
2 201 1.082
2 119 1.08
2 212 1.076
2 23 1.07
2 210 1.068
2 211 1.064
2 146 1.062
2 118 1.062
2 165 1.062
2 42 1.06
2 145 1.054
2 238 1.052
2 197 1.052
2 117 1.05
2 136 1.048
2 227 1.048
2 237 1.048
2 48 1.046
2 126 1.046
2 148 1.044
2 220 1.044
2 129 1.044
2 149 1.042
2 144 1.038
2 193 1.036
2 213 1.034
2 120 1.034
3 55 3.662
3 54 3.558
3 60 2.618
3 152 2.608
3 59 2.556
3 56 2.552
3 61 2.504
3 109 2.492
3 151 2.476
3 57 2.418
3 58 2.268
3 14 2.192
3 13 2.132
3 179 2.108
3 167 2.048
3 68 2.01
3 166 1.976
3 67 1.948
3 178 1.892
3 3 1.888
3 28 1.84
3 177 1.84
3 115 1.808
3 4 1.8
3 159 1.794
3 2 1.79
3 174 1.766
3 1 1.754
3 168 1.752
3 156 1.75
3 7 1.746
3 157 1.732
3 22 1.728
3 21 1.724
3 113 1.71
3 65 1.706
3 62 1.704
3 114 1.7
3 45 1.692
3 112 1.692
3 183 1.676
3 162 1.676
3 188 1.67
3 66 1.66
3 199 1.654
3 64 1.65
3 111 1.644
3 170 1.644
3 44 1.64
3 161 1.626
3 189 1.62
3 198 1.618
3 182 1.618
3 171 1.61
3 84 1.608
3 169 1.604
3 83 1.6
3 175 1.596
3 224 1.596
3 119 1.59
3 8 1.59
3 86 1.588
3 63 1.576
3 180 1.574
3 69 1.572
3 163 1.572
3 173 1.57
3 103 1.57
3 143 1.548
3 71 1.546
3 6 1.542
3 223 1.542
3 233 1.54
3 72 1.54
3 98 1.534
3 186 1.524
3 250 1.518
3 15 1.506
3 191 1.5
3 11 1.496
3 70 1.492
3 89 1.492
3 234 1.488
3 12 1.486
3 242 1.482
3 220 1.478
3 85 1.474
3 158 1.474
3 87 1.472
3 104 1.472
3 80 1.47
3 147 1.462
3 240 1.46
3 251 1.456
3 129 1.454
3 206 1.45
3 79 1.45
3 209 1.446
3 52 1.444
3 40 1.438
3 194 1.438
3 207 1.436
3 264 1.434
3 225 1.432
3 238 1.432
3 124 1.432
3 190 1.43
3 131 1.428
3 241 1.422
3 91 1.42
3 92 1.418
3 41 1.416
3 202 1.412
3 210 1.408
3 187 1.406
3 142 1.402
3 77 1.4
3 176 1.4
3 24 1.396
3 78 1.396
3 82 1.392
3 16 1.392
3 76 1.392
3 95 1.386
3 128 1.384
3 263 1.384
3 203 1.382
3 196 1.382
3 100 1.38
3 181 1.378
3 271 1.374
3 269 1.372
3 130 1.372
3 237 1.372
3 244 1.372
3 219 1.37
3 94 1.368
3 195 1.368
3 226 1.364
3 88 1.362
3 20 1.354
3 5 1.352
3 19 1.352
3 18 1.35
3 118 1.35
3 74 1.348
3 30 1.348
3 249 1.34
3 39 1.338
3 127 1.336
3 172 1.334
3 154 1.332
3 138 1.33
3 232 1.328
3 144 1.326
3 139 1.32
3 81 1.318
3 29 1.318
3 90 1.316
3 204 1.312
3 262 1.31
3 53 1.31
3 120 1.308
3 267 1.308
3 140 1.306
3 243 1.298
3 134 1.298
3 123 1.296
3 50 1.294
3 197 1.294
3 23 1.286
3 135 1.286
3 125 1.286
3 126 1.28
3 270 1.28
3 33 1.278
3 153 1.276
3 116 1.274
3 164 1.272
3 201 1.272
3 279 1.268
3 105 1.268
3 235 1.266
3 246 1.262
3 75 1.258
3 133 1.254
3 268 1.252
3 185 1.252
3 205 1.248
3 272 1.248
3 117 1.246
3 236 1.244
3 97 1.242
3 121 1.24
3 184 1.24
3 221 1.24
3 160 1.238
3 208 1.236
3 239 1.236
3 150 1.234
3 108 1.228
3 141 1.228
3 200 1.226
3 31 1.226
3 228 1.226
3 122 1.224
3 231 1.218
3 222 1.216
3 10 1.214
3 230 1.214
3 73 1.212
3 145 1.21
3 47 1.21
3 99 1.21
3 96 1.21
3 217 1.208
3 193 1.208
3 155 1.206
3 247 1.204
3 252 1.204
3 165 1.202
3 51 1.198
3 258 1.194
3 132 1.19
3 93 1.19
3 32 1.19
3 192 1.19
3 101 1.188
3 256 1.186
3 227 1.186
3 254 1.184
3 136 1.178
3 261 1.178
3 42 1.176
3 17 1.176
3 278 1.174
3 102 1.174
3 38 1.17
3 110 1.168
3 106 1.164
3 26 1.164
3 229 1.162
3 34 1.16
3 248 1.16
3 27 1.16
3 43 1.16
3 218 1.158
3 48 1.148
3 216 1.146
3 214 1.146
3 46 1.144
3 260 1.144
3 211 1.142
3 213 1.126
3 265 1.118
3 273 1.116
3 107 1.11
3 49 1.108
3 253 1.1
3 212 1.092
3 37 1.088
3 25 1.084
3 35 1.084
3 255 1.076
3 9 1.074
3 259 1.072
3 149 1.072
3 245 1.07
3 275 1.066
3 257 1.062
3 36 1.05
3 148 1.05
3 274 1.048
3 215 1.038
3 276 1.038
3 137 1.03
3 277 1.03
3 266 1.024
