1 1 2.094
1 17 1.07
1 15 1.058
1 56 1.058
1 78 1.058
1 72 1.056
1 61 1.052
1 18 1.046
1 62 1.046
1 81 1.046
1 101 1.046
1 82 1.044
1 97 1.044
1 33 1.038
1 77 1.038
1 99 1.038
1 53 1.036
1 63 1.036
1 71 1.036
1 83 1.036
1 93 1.036
1 96 1.036
1 100 1.036
1 14 1.036
1 30 1.034
1 55 1.034
1 105 1.034
1 70 1.032
1 65 1.032
1 13 1.03
1 43 1.03
1 7 1.028
1 60 1.028
1 59 1.028
1 80 1.028
1 69 1.028
1 95 1.028
1 91 1.028
1 98 1.028
1 19 1.028
1 103 1.028
1 27 1.026
1 68 1.026
1 86 1.026
1 75 1.026
1 34 1.024
1 66 1.024
1 76 1.024
1 2 1.022
1 5 1.02
1 12 1.02
1 54 1.02
1 26 1.02
1 85 1.02
1 23 1.018
1 28 1.018
1 57 1.018
1 84 1.018
1 92 1.018
1 90 1.018
1 3 1.018
1 29 1.016
1 6 1.016
1 22 1.016
1 74 1.016
1 4 1.016
1 9 1.016
1 31 1.014
1 58 1.014
1 32 1.014
1 64 1.014
1 10 1.014
1 16 1.014
1 67 1.012
1 73 1.01
1 79 1.01
1 11 1.01
1 88 1.008
1 104 1.008
1 94 1.006
1 89 1.006
1 87 1.004
2 1 2.036
2 45 1.088
2 38 1.084
2 24 1.068
2 9 1.066
2 50 1.06
2 101 1.06
2 8 1.06
2 25 1.058
2 3 1.056
2 41 1.056
2 5 1.054
2 22 1.054
2 104 1.054
2 32 1.052
2 6 1.05
2 23 1.05
2 49 1.048
2 103 1.048
2 27 1.046
2 36 1.046
2 51 1.046
2 40 1.044
2 42 1.044
2 19 1.044
2 21 1.044
2 48 1.042
2 20 1.042
2 4 1.04
2 26 1.04
2 31 1.04
2 43 1.038
2 46 1.038
2 44 1.036
2 28 1.034
2 39 1.034
2 7 1.03
2 52 1.03
2 47 1.028
2 102 1.026
2 2 1.024
2 33 1.022
2 37 1.022
2 35 1.018
3 1 3.0
3 2 3.0
3 3 3.0
